GPS TOW (s),GPS Week,Latitude (deg),Longitude (deg),Ellipsoid Height (m),ECEF X (m),ECEF Y (m),ECEF Z (m),Roll (deg),Pitch (deg),Heading (deg),East Velocity (m/s),North Velocity (m/s),Up Velocity (m/s)
194670.0, 2270, 35.16536109, 136.88140866, 41.391, -3810228.582, 3567868.547, 3652903.300,  0.329,  3.061, 270.141, -0.000,  0.000, -0.001
194670.2, 2270, 35.16536109, 136.88140866, 41.391, -3810228.582, 3567868.547, 3652903.300,  0.331,  3.061, 270.142, -0.000, -0.000, -0.001
194670.4, 2270, 35.16536109, 136.88140866, 41.391, -3810228.582, 3567868.547, 3652903.300,  0.329,  3.062, 270.142,  0.001,  0.000, -0.001
194670.6, 2270, 35.16536109, 136.88140866, 41.391, -3810228.582, 3567868.547, 3652903.300,  0.332,  3.062, 270.142, -0.001,  0.001, -0.001
194670.8, 2270, 35.16536109, 136.88140866, 41.391, -3810228.582, 3567868.547, 3652903.300,  0.331,  3.061, 270.142,  0.000, -0.000, -0.001
194671.0, 2270, 35.16536109, 136.88140866, 41.391, -3810228.582, 3567868.547, 3652903.300,  0.331,  3.060, 270.141,  0.000, -0.001, -0.002
194671.2, 2270, 35.16536109, 136.88140866, 41.391, -3810228.582, 3567868.547, 3652903.300,  0.331,  3.061, 270.142, -0.000, -0.001, -0.002
194671.4, 2270, 35.16536109, 136.88140866, 41.391, -3810228.582, 3567868.547, 3652903.300,  0.330,  3.061, 270.142,  0.000, -0.000, -0.001
194671.6, 2270, 35.16536109, 136.88140866, 41.391, -3810228.582, 3567868.547, 3652903.300,  0.332,  3.060, 270.142, -0.000,  0.001, -0.001
194671.8, 2270, 35.16536109, 136.88140866, 41.391, -3810228.582, 3567868.547, 3652903.300,  0.331,  3.062, 270.143, -0.000, -0.002, -0.001
194672.0, 2270, 35.16536109, 136.88140866, 41.391, -3810228.582, 3567868.547, 3652903.300,  0.331,  3.062, 270.140,  0.000, -0.001, -0.002
194672.2, 2270, 35.16536109, 136.88140866, 41.391, -3810228.582, 3567868.547, 3652903.300,  0.333,  3.061, 270.139, -0.000, -0.001, -0.001
194672.4, 2270, 35.16536109, 136.88140866, 41.391, -3810228.582, 3567868.547, 3652903.300,  0.333,  3.063, 270.141, -0.001,  0.001, -0.001
194672.6, 2270, 35.16536109, 136.88140866, 41.391, -3810228.582, 3567868.547, 3652903.300,  0.337,  3.060, 270.139,  0.001, -0.000, -0.001
194672.8, 2270, 35.16536109, 136.88140866, 41.391, -3810228.582, 3567868.547, 3652903.300,  0.335,  3.068, 270.139, -0.000,  0.000, -0.000
194673.0, 2270, 35.16536109, 136.88140866, 41.391, -3810228.582, 3567868.547, 3652903.300,  0.335,  3.061, 270.140,  0.001, -0.000, -0.004
194673.2, 2270, 35.16536109, 136.88140866, 41.391, -3810228.582, 3567868.547, 3652903.300,  0.340,  3.064, 270.137, -0.003, -0.001, -0.000
194673.4, 2270, 35.16536109, 136.88140866, 41.391, -3810228.582, 3567868.547, 3652903.300,  0.336,  3.066, 270.138,  0.003,  0.001, -0.000
194673.6, 2270, 35.16536109, 136.88140866, 41.391, -3810228.582, 3567868.547, 3652903.300,  0.339,  3.063, 270.140, -0.001,  0.000, -0.001
194673.8, 2270, 35.16536109, 136.88140866, 41.391, -3810228.582, 3567868.547, 3652903.300,  0.346,  3.063, 270.137, -0.000,  0.000, -0.000
194674.0, 2270, 35.16536109, 136.88140866, 41.391, -3810228.582, 3567868.547, 3652903.300,  0.345,  3.060, 270.138, -0.000,  0.003, -0.001
194674.2, 2270, 35.16536109, 136.88140866, 41.391, -3810228.582, 3567868.547, 3652903.300,  0.350,  3.060, 270.141,  0.001,  0.001, -0.002
194674.4, 2270, 35.16536109, 136.88140866, 41.391, -3810228.582, 3567868.547, 3652903.300,  0.342,  3.062, 270.141,  0.002, -0.003, -0.001
194674.6, 2270, 35.16536109, 136.88140866, 41.391, -3810228.582, 3567868.547, 3652903.300,  0.341,  3.059, 270.138,  0.000,  0.004, -0.000
194674.8, 2270, 35.16536109, 136.88140866, 41.391, -3810228.582, 3567868.547, 3652903.300,  0.338,  3.061, 270.138,  0.000, -0.004, -0.001
194675.0, 2270, 35.16536108, 136.88140865, 41.391, -3810228.582, 3567868.547, 3652903.299,  0.316,  3.054, 270.142,  0.001, -0.002,  0.001
194675.2, 2270, 35.16536109, 136.88140866, 41.391, -3810228.582, 3567868.547, 3652903.300,  0.339,  3.060, 270.134, -0.001,  0.006, -0.000
194675.4, 2270, 35.16536109, 136.88140866, 41.391, -3810228.582, 3567868.547, 3652903.300,  0.344,  3.060, 270.139,  0.001,  0.003, -0.004
194675.6, 2270, 35.16536109, 136.88140866, 41.391, -3810228.582, 3567868.547, 3652903.300,  0.348,  3.059, 270.140,  0.000,  0.003,  0.000
194675.8, 2270, 35.16536109, 136.88140866, 41.391, -3810228.582, 3567868.547, 3652903.300,  0.345,  3.061, 270.137,  0.000, -0.002, -0.003
194676.0, 2270, 35.16536109, 136.88140866, 41.391, -3810228.582, 3567868.547, 3652903.300,  0.340,  3.061, 270.140,  0.002,  0.003, -0.001
194676.2, 2270, 35.16536109, 136.88140866, 41.391, -3810228.582, 3567868.547, 3652903.300,  0.341,  3.062, 270.141, -0.000,  0.000, -0.000
194676.4, 2270, 35.16536109, 136.88140866, 41.391, -3810228.582, 3567868.547, 3652903.300,  0.339,  3.063, 270.140,  0.001, -0.000, -0.001
194676.6, 2270, 35.16536109, 136.88140866, 41.391, -3810228.582, 3567868.547, 3652903.300,  0.340,  3.060, 270.138,  0.001,  0.002, -0.001
194676.8, 2270, 35.16536109, 136.88140866, 41.391, -3810228.582, 3567868.547, 3652903.300,  0.340,  3.063, 270.139, -0.000,  0.002, -0.001
194677.0, 2270, 35.16536109, 136.88140866, 41.391, -3810228.582, 3567868.547, 3652903.300,  0.339,  3.061, 270.139, -0.000,  0.001, -0.002
194677.2, 2270, 35.16536109, 136.88140866, 41.391, -3810228.582, 3567868.547, 3652903.300,  0.341,  3.061, 270.137,  0.002,  0.001, -0.001
194677.4, 2270, 35.16536109, 136.88140866, 41.391, -3810228.582, 3567868.547, 3652903.300,  0.340,  3.061, 270.139,  0.002,  0.000, -0.002
194677.6, 2270, 35.16536109, 136.88140866, 41.391, -3810228.582, 3567868.547, 3652903.300,  0.338,  3.061, 270.139, -0.000, -0.000, -0.001
194677.8, 2270, 35.16536109, 136.88140866, 41.391, -3810228.582, 3567868.547, 3652903.300,  0.337,  3.063, 270.139, -0.000, -0.001, -0.002
194678.0, 2270, 35.16536109, 136.88140866, 41.391, -3810228.582, 3567868.547, 3652903.300,  0.333,  3.062, 270.139,  0.002, -0.000, -0.002
194678.2, 2270, 35.16536109, 136.88140866, 41.391, -3810228.582, 3567868.547, 3652903.300,  0.342,  3.063, 270.138, -0.000,  0.001, -0.001
194678.4, 2270, 35.16536109, 136.88140866, 41.391, -3810228.582, 3567868.547, 3652903.300,  0.335,  3.065, 270.139,  0.001, -0.003, -0.004
194678.6, 2270, 35.16536109, 136.88140866, 41.391, -3810228.582, 3567868.547, 3652903.300,  0.338,  3.063, 270.140,  0.002,  0.003, -0.000
194678.8, 2270, 35.16536109, 136.88140866, 41.391, -3810228.582, 3567868.547, 3652903.300,  0.340,  3.067, 270.137, -0.002, -0.001, -0.002
194679.0, 2270, 35.16536109, 136.88140866, 41.391, -3810228.582, 3567868.547, 3652903.300,  0.334,  3.064, 270.139,  0.001,  0.001, -0.002
194679.2, 2270, 35.16536109, 136.88140866, 41.391, -3810228.582, 3567868.547, 3652903.300,  0.336,  3.067, 270.140, -0.001,  0.003,  0.001
194679.4, 2270, 35.16536109, 136.88140866, 41.391, -3810228.582, 3567868.547, 3652903.300,  0.337,  3.065, 270.140,  0.002, -0.000, -0.001
194679.6, 2270, 35.16536109, 136.88140866, 41.391, -3810228.582, 3567868.547, 3652903.300,  0.337,  3.063, 270.140, -0.001,  0.002,  0.000
194679.8, 2270, 35.16536109, 136.88140866, 41.391, -3810228.582, 3567868.547, 3652903.300,  0.336,  3.064, 270.141, -0.000, -0.000, -0.000
194680.0, 2270, 35.16536109, 136.88140866, 41.391, -3810228.582, 3567868.547, 3652903.300,  0.334,  3.066, 270.141, -0.000,  0.002, -0.000
194680.2, 2270, 35.16536109, 136.88140866, 41.391, -3810228.582, 3567868.547, 3652903.300,  0.337,  3.064, 270.140,  0.002, -0.000, -0.000
194680.4, 2270, 35.16536109, 136.88140866, 41.391, -3810228.582, 3567868.547, 3652903.300,  0.336,  3.065, 270.139,  0.000,  0.002,  0.001
194680.6, 2270, 35.16536109, 136.88140866, 41.391, -3810228.582, 3567868.547, 3652903.300,  0.336,  3.063, 270.139,  0.001, -0.001, -0.001
194680.8, 2270, 35.16536109, 136.88140866, 41.391, -3810228.582, 3567868.547, 3652903.300,  0.335,  3.064, 270.139, -0.000,  0.001,  0.000
194681.0, 2270, 35.16536109, 136.88140866, 41.391, -3810228.582, 3567868.547, 3652903.300,  0.338,  3.064, 270.138,  0.000,  0.000, -0.001
194681.2, 2270, 35.16536109, 136.88140866, 41.391, -3810228.582, 3567868.547, 3652903.300,  0.337,  3.064, 270.139,  0.000, -0.000,  0.001
194681.4, 2270, 35.16536109, 136.88140866, 41.391, -3810228.582, 3567868.547, 3652903.300,  0.336,  3.063, 270.139,  0.001,  0.001,  0.000
194681.6, 2270, 35.16536109, 136.88140866, 41.391, -3810228.582, 3567868.547, 3652903.300,  0.338,  3.063, 270.138, -0.000,  0.001, -0.000
194681.8, 2270, 35.16536109, 136.88140866, 41.391, -3810228.582, 3567868.547, 3652903.300,  0.336,  3.064, 270.138,  0.000, -0.003,  0.001
194682.0, 2270, 35.16536109, 136.88140866, 41.391, -3810228.582, 3567868.547, 3652903.300,  0.332,  3.063, 270.138,  0.000,  0.002,  0.000
194682.2, 2270, 35.16536109, 136.88140866, 41.391, -3810228.582, 3567868.547, 3652903.300,  0.340,  3.063, 270.139,  0.001,  0.001,  0.001
194682.4, 2270, 35.16536109, 136.88140866, 41.391, -3810228.582, 3567868.547, 3652903.300,  0.331,  3.063, 270.140, -0.001, -0.001,  0.001
194682.6, 2270, 35.16536109, 136.88140866, 41.391, -3810228.582, 3567868.547, 3652903.300,  0.335,  3.063, 270.140,  0.000,  0.001, -0.000
194682.8, 2270, 35.16536109, 136.88140866, 41.391, -3810228.582, 3567868.547, 3652903.300,  0.333,  3.063, 270.141,  0.000, -0.002, -0.000
194683.0, 2270, 35.16536109, 136.88140866, 41.391, -3810228.582, 3567868.547, 3652903.300,  0.333,  3.063, 270.140, -0.000,  0.001,  0.001
194683.2, 2270, 35.16536109, 136.88140866, 41.391, -3810228.582, 3567868.547, 3652903.300,  0.336,  3.066, 270.139, -0.000, -0.000, -0.000
194683.4, 2270, 35.16536109, 136.88140866, 41.391, -3810228.582, 3567868.547, 3652903.300,  0.334,  3.064, 270.138, -0.000,  0.000, -0.000
194683.6, 2270, 35.16536109, 136.88140866, 41.391, -3810228.582, 3567868.547, 3652903.300,  0.336,  3.064, 270.137, -0.001, -0.001, -0.000
194683.8, 2270, 35.16536109, 136.88140866, 41.391, -3810228.582, 3567868.547, 3652903.300,  0.333,  3.062, 270.137,  0.001, -0.000, -0.000
194684.0, 2270, 35.16536109, 136.88140866, 41.391, -3810228.582, 3567868.547, 3652903.300,  0.335,  3.062, 270.137, -0.001,  0.001,  0.000
194684.2, 2270, 35.16536109, 136.88140866, 41.391, -3810228.582, 3567868.547, 3652903.300,  0.335,  3.063, 270.136, -0.001, -0.001, -0.001
194684.4, 2270, 35.16536109, 136.88140866, 41.391, -3810228.582, 3567868.547, 3652903.300,  0.336,  3.063, 270.135, -0.000, -0.000, -0.000
194684.6, 2270, 35.16536109, 136.88140866, 41.391, -3810228.582, 3567868.547, 3652903.300,  0.336,  3.065, 270.137, -0.000, -0.000,  0.001
194684.8, 2270, 35.16536109, 136.88140866, 41.391, -3810228.582, 3567868.547, 3652903.300,  0.336,  3.063, 270.136, -0.001, -0.000, -0.000
194685.0, 2270, 35.16536109, 136.88140866, 41.391, -3810228.582, 3567868.547, 3652903.300,  0.335,  3.065, 270.136, -0.001, -0.000, -0.001
194685.2, 2270, 35.16536109, 136.88140866, 41.391, -3810228.582, 3567868.547, 3652903.300,  0.333,  3.065, 270.135,  0.000,  0.000, -0.000
194685.4, 2270, 35.16536109, 136.88140866, 41.391, -3810228.582, 3567868.547, 3652903.300,  0.336,  3.065, 270.134,  0.000, -0.001,  0.001
194685.6, 2270, 35.16536109, 136.88140866, 41.391, -3810228.582, 3567868.547, 3652903.300,  0.333,  3.068, 270.134,  0.000, -0.000, -0.000
194685.8, 2270, 35.16536109, 136.88140866, 41.391, -3810228.582, 3567868.547, 3652903.300,  0.336,  3.066, 270.135, -0.000, -0.000, -0.000
194686.0, 2270, 35.16536109, 136.88140866, 41.391, -3810228.582, 3567868.547, 3652903.300,  0.335,  3.067, 270.134,  0.000,  0.001,  0.000
194686.2, 2270, 35.16536109, 136.88140866, 41.391, -3810228.582, 3567868.547, 3652903.300,  0.335,  3.066, 270.134,  0.002, -0.000, -0.001
194686.4, 2270, 35.16536109, 136.88140866, 41.391, -3810228.582, 3567868.547, 3652903.300,  0.336,  3.065, 270.133,  0.000, -0.000,  0.001
194686.6, 2270, 35.16536109, 136.88140866, 41.391, -3810228.582, 3567868.547, 3652903.300,  0.337,  3.065, 270.132,  0.001,  0.001,  0.001
194686.8, 2270, 35.16536109, 136.88140866, 41.391, -3810228.582, 3567868.547, 3652903.300,  0.336,  3.065, 270.132, -0.001, -0.002, -0.000
194687.0, 2270, 35.16536109, 136.88140866, 41.391, -3810228.582, 3567868.547, 3652903.300,  0.335,  3.065, 270.132,  0.000,  0.001, -0.000
194687.2, 2270, 35.16536109, 136.88140866, 41.391, -3810228.582, 3567868.547, 3652903.300,  0.339,  3.065, 270.132, -0.000,  0.000,  0.000
194687.4, 2270, 35.16536109, 136.88140866, 41.391, -3810228.582, 3567868.547, 3652903.300,  0.337,  3.066, 270.132,  0.002, -0.000,  0.000
194687.6, 2270, 35.16536109, 136.88140866, 41.391, -3810228.582, 3567868.547, 3652903.300,  0.337,  3.064, 270.132,  0.000, -0.001, -0.000
194687.8, 2270, 35.16536109, 136.88140866, 41.391, -3810228.582, 3567868.547, 3652903.300,  0.336,  3.064, 270.133, -0.000,  0.001,  0.000
194688.0, 2270, 35.16536109, 136.88140866, 41.391, -3810228.582, 3567868.547, 3652903.300,  0.339,  3.064, 270.132,  0.001,  0.000, -0.001
194688.2, 2270, 35.16536109, 136.88140866, 41.391, -3810228.582, 3567868.547, 3652903.300,  0.336,  3.064, 270.131,  0.000, -0.001, -0.001
194688.4, 2270, 35.16536109, 136.88140866, 41.391, -3810228.582, 3567868.547, 3652903.300,  0.338,  3.065, 270.133,  0.001,  0.003,  0.001
194688.6, 2270, 35.16536109, 136.88140866, 41.391, -3810228.582, 3567868.547, 3652903.300,  0.334,  3.065, 270.132,  0.001, -0.002, -0.001
194688.8, 2270, 35.16536109, 136.88140866, 41.391, -3810228.582, 3567868.547, 3652903.300,  0.337,  3.067, 270.135,  0.001,  0.004,  0.001
194689.0, 2270, 35.16536109, 136.88140866, 41.391, -3810228.582, 3567868.547, 3652903.300,  0.340,  3.065, 270.131,  0.001, -0.003, -0.002
194689.2, 2270, 35.16536108, 136.88140866, 41.391, -3810228.582, 3567868.547, 3652903.300,  0.330,  3.065, 270.132,  0.001,  0.003, -0.000
194689.4, 2270, 35.16536109, 136.88140866, 41.391, -3810228.582, 3567868.547, 3652903.300,  0.336,  3.063, 270.133, -0.000,  0.001,  0.000
194689.6, 2270, 35.16536109, 136.88140866, 41.391, -3810228.582, 3567868.547, 3652903.300,  0.336,  3.064, 270.132, -0.000, -0.001, -0.002
194689.8, 2270, 35.16536109, 136.88140866, 41.391, -3810228.582, 3567868.547, 3652903.300,  0.335,  3.063, 270.134,  0.002,  0.003, -0.000
194690.0, 2270, 35.16536109, 136.88140866, 41.391, -3810228.582, 3567868.547, 3652903.300,  0.337,  3.065, 270.133,  0.000,  0.001,  0.000
194690.2, 2270, 35.16536109, 136.88140866, 41.391, -3810228.582, 3567868.547, 3652903.300,  0.338,  3.063, 270.129, -0.001,  0.000, -0.002
194690.4, 2270, 35.16536109, 136.88140866, 41.391, -3810228.582, 3567868.547, 3652903.300,  0.337,  3.065, 270.133,  0.001,  0.003, -0.000
194690.6, 2270, 35.16536109, 136.88140866, 41.391, -3810228.582, 3567868.547, 3652903.300,  0.336,  3.063, 270.131, -0.000,  0.001,  0.000
194690.8, 2270, 35.16536109, 136.88140866, 41.391, -3810228.582, 3567868.547, 3652903.300,  0.336,  3.065, 270.129,  0.001,  0.003,  0.001
194691.0, 2270, 35.16536109, 136.88140866, 41.391, -3810228.582, 3567868.547, 3652903.300,  0.337,  3.062, 270.132,  0.001,  0.001,  0.000
194691.2, 2270, 35.16536109, 136.88140866, 41.391, -3810228.582, 3567868.547, 3652903.300,  0.335,  3.062, 270.131, -0.001,  0.001, -0.000
194691.4, 2270, 35.16536109, 136.88140866, 41.391, -3810228.582, 3567868.547, 3652903.300,  0.335,  3.064, 270.131,  0.001, -0.001,  0.000
194691.6, 2270, 35.16536109, 136.88140866, 41.391, -3810228.582, 3567868.547, 3652903.300,  0.333,  3.063, 270.133, -0.000,  0.001, -0.001
194691.8, 2270, 35.16536109, 136.88140866, 41.391, -3810228.582, 3567868.547, 3652903.300,  0.333,  3.065, 270.131, -0.001, -0.001, -0.002
194692.0, 2270, 35.16536109, 136.88140866, 41.391, -3810228.582, 3567868.547, 3652903.300,  0.335,  3.065, 270.131,  0.000,  0.001, -0.001
194692.2, 2270, 35.16536109, 136.88140866, 41.391, -3810228.582, 3567868.547, 3652903.300,  0.333,  3.065, 270.133, -0.001, -0.001, -0.001
194692.4, 2270, 35.16536109, 136.88140866, 41.391, -3810228.582, 3567868.547, 3652903.300,  0.335,  3.065, 270.133,  0.000,  0.001, -0.001
194692.6, 2270, 35.16536109, 136.88140866, 41.391, -3810228.582, 3567868.547, 3652903.300,  0.337,  3.065, 270.133,  0.001, -0.000, -0.001
194692.8, 2270, 35.16536109, 136.88140866, 41.391, -3810228.582, 3567868.547, 3652903.300,  0.335,  3.065, 270.133,  0.001,  0.001, -0.001
194693.0, 2270, 35.16536109, 136.88140866, 41.391, -3810228.582, 3567868.547, 3652903.300,  0.338,  3.064, 270.134,  0.001, -0.000, -0.001
194693.2, 2270, 35.16536109, 136.88140866, 41.391, -3810228.582, 3567868.547, 3652903.300,  0.336,  3.064, 270.132,  0.002, -0.001, -0.002
194693.4, 2270, 35.16536109, 136.88140866, 41.391, -3810228.582, 3567868.547, 3652903.300,  0.336,  3.063, 270.131,  0.001,  0.002, -0.001
194693.6, 2270, 35.16536109, 136.88140866, 41.391, -3810228.582, 3567868.547, 3652903.300,  0.337,  3.064, 270.131, -0.000, -0.000, -0.001
194693.8, 2270, 35.16536109, 136.88140866, 41.391, -3810228.582, 3567868.547, 3652903.300,  0.335,  3.064, 270.131, -0.000,  0.001, -0.001
194694.0, 2270, 35.16536109, 136.88140866, 41.391, -3810228.582, 3567868.547, 3652903.300,  0.336,  3.064, 270.132,  0.001,  0.000, -0.001
194694.2, 2270, 35.16536109, 136.88140866, 41.391, -3810228.582, 3567868.547, 3652903.300,  0.337,  3.064, 270.132, -0.001,  0.001, -0.002
194694.4, 2270, 35.16536109, 136.88140866, 41.391, -3810228.582, 3567868.547, 3652903.300,  0.339,  3.063, 270.132,  0.001,  0.001, -0.003
194694.6, 2270, 35.16536109, 136.88140866, 41.391, -3810228.582, 3567868.547, 3652903.300,  0.338,  3.062, 270.133,  0.000,  0.000, -0.002
194694.8, 2270, 35.16536109, 136.88140866, 41.391, -3810228.582, 3567868.547, 3652903.300,  0.337,  3.062, 270.132, -0.001, -0.001, -0.002
194695.0, 2270, 35.16536109, 136.88140866, 41.391, -3810228.582, 3567868.547, 3652903.300,  0.337,  3.062, 270.132, -0.001,  0.001, -0.002
194695.2, 2270, 35.16536109, 136.88140866, 41.391, -3810228.582, 3567868.547, 3652903.300,  0.338,  3.062, 270.133,  0.000, -0.000, -0.001
194695.4, 2270, 35.16536109, 136.88140866, 41.391, -3810228.582, 3567868.547, 3652903.300,  0.336,  3.064, 270.132, -0.000,  0.001, -0.001
194695.6, 2270, 35.16536109, 136.88140866, 41.391, -3810228.582, 3567868.547, 3652903.300,  0.337,  3.062, 270.132,  0.001, -0.001, -0.001
194695.8, 2270, 35.16536109, 136.88140866, 41.391, -3810228.582, 3567868.547, 3652903.300,  0.335,  3.065, 270.132, -0.001, -0.000, -0.002
194696.0, 2270, 35.16536109, 136.88140866, 41.391, -3810228.582, 3567868.547, 3652903.300,  0.335,  3.064, 270.132,  0.001, -0.000, -0.001
194696.2, 2270, 35.16536109, 136.88140866, 41.391, -3810228.582, 3567868.547, 3652903.300,  0.337,  3.064, 270.130,  0.001, -0.001, -0.001
194696.4, 2270, 35.16536109, 136.88140866, 41.391, -3810228.582, 3567868.547, 3652903.300,  0.336,  3.065, 270.130,  0.000, -0.001, -0.002
194696.6, 2270, 35.16536109, 136.88140866, 41.391, -3810228.582, 3567868.547, 3652903.300,  0.337,  3.064, 270.130,  0.000, -0.002, -0.002
194696.8, 2270, 35.16536109, 136.88140866, 41.391, -3810228.582, 3567868.547, 3652903.300,  0.335,  3.066, 270.130, -0.001,  0.001, -0.001
194697.0, 2270, 35.16536109, 136.88140866, 41.391, -3810228.582, 3567868.547, 3652903.300,  0.336,  3.066, 270.131, -0.000, -0.000, -0.001
194697.2, 2270, 35.16536109, 136.88140866, 41.391, -3810228.582, 3567868.547, 3652903.300,  0.336,  3.066, 270.132, -0.001,  0.000, -0.001
194697.4, 2270, 35.16536109, 136.88140866, 41.391, -3810228.582, 3567868.547, 3652903.300,  0.336,  3.065, 270.131,  0.002, -0.000, -0.000
194697.6, 2270, 35.16536109, 136.88140866, 41.391, -3810228.582, 3567868.547, 3652903.300,  0.336,  3.064, 270.133, -0.001, -0.000,  0.000
194697.8, 2270, 35.16536109, 136.88140866, 41.391, -3810228.582, 3567868.547, 3652903.300,  0.335,  3.067, 270.131,  0.001, -0.001, -0.001
194698.0, 2270, 35.16536109, 136.88140866, 41.391, -3810228.582, 3567868.547, 3652903.300,  0.335,  3.065, 270.131,  0.001,  0.000, -0.001
194698.2, 2270, 35.16536109, 136.88140866, 41.391, -3810228.582, 3567868.547, 3652903.300,  0.335,  3.066, 270.132, -0.001, -0.002, -0.001
194698.4, 2270, 35.16536109, 136.88140866, 41.391, -3810228.582, 3567868.547, 3652903.300,  0.334,  3.066, 270.132,  0.001, -0.000, -0.002
194698.6, 2270, 35.16536109, 136.88140866, 41.391, -3810228.582, 3567868.547, 3652903.300,  0.335,  3.066, 270.132, -0.001,  0.000, -0.002
194698.8, 2270, 35.16536109, 136.88140866, 41.391, -3810228.582, 3567868.547, 3652903.300,  0.334,  3.066, 270.132,  0.001, -0.001, -0.002
194699.0, 2270, 35.16536109, 136.88140866, 41.391, -3810228.582, 3567868.547, 3652903.300,  0.337,  3.066, 270.132,  0.001, -0.000, -0.001
194699.2, 2270, 35.16536109, 136.88140866, 41.391, -3810228.582, 3567868.547, 3652903.300,  0.335,  3.067, 270.133, -0.000, -0.003, -0.003
194699.4, 2270, 35.16536109, 136.88140866, 41.391, -3810228.582, 3567868.547, 3652903.300,  0.334,  3.065, 270.132,  0.001,  0.000, -0.002
194699.6, 2270, 35.16536109, 136.88140866, 41.391, -3810228.582, 3567868.547, 3652903.300,  0.334,  3.066, 270.133, -0.000, -0.001, -0.001
194699.8, 2270, 35.16536109, 136.88140866, 41.391, -3810228.582, 3567868.547, 3652903.300,  0.331,  3.066, 270.133,  0.001, -0.001, -0.001
194700.0, 2270, 35.16536108, 136.88140866, 41.391, -3810228.582, 3567868.547, 3652903.300,  0.330,  3.065, 270.133,  0.001, -0.001, -0.001
194700.2, 2270, 35.16536109, 136.88140866, 41.391, -3810228.582, 3567868.547, 3652903.300,  0.330,  3.065, 270.132, -0.002, -0.001, -0.001
194700.4, 2270, 35.16536109, 136.88140866, 41.391, -3810228.582, 3567868.547, 3652903.300,  0.330,  3.067, 270.133,  0.001, -0.001, -0.003
194700.6, 2270, 35.16536108, 136.88140866, 41.391, -3810228.582, 3567868.547, 3652903.300,  0.327,  3.064, 270.130,  0.001, -0.002, -0.000
194700.8, 2270, 35.16536108, 136.88140866, 41.391, -3810228.582, 3567868.547, 3652903.300,  0.327,  3.065, 270.130, -0.003,  0.001, -0.002
194701.0, 2270, 35.16536108, 136.88140866, 41.391, -3810228.582, 3567868.547, 3652903.300,  0.329,  3.064, 270.133,  0.003, -0.003, -0.003
194701.2, 2270, 35.16536108, 136.88140866, 41.391, -3810228.582, 3567868.547, 3652903.300,  0.326,  3.061, 270.129, -0.006, -0.001,  0.001
194701.4, 2270, 35.16536108, 136.88140866, 41.391, -3810228.582, 3567868.547, 3652903.300,  0.321,  3.061, 270.134,  0.007,  0.003, -0.004
194701.6, 2270, 35.16536108, 136.88140866, 41.391, -3810228.582, 3567868.547, 3652903.300,  0.325,  3.058, 270.128,  0.001, -0.005,  0.002
194701.8, 2270, 35.16536108, 136.88140866, 41.391, -3810228.582, 3567868.547, 3652903.300,  0.323,  3.066, 270.130, -0.002,  0.001, -0.004
194702.0, 2270, 35.16536109, 136.88140866, 41.391, -3810228.582, 3567868.547, 3652903.300,  0.331,  3.060, 270.133,  0.002, -0.002, -0.003
194702.2, 2270, 35.16536108, 136.88140866, 41.391, -3810228.582, 3567868.547, 3652903.300,  0.324,  3.063, 270.130, -0.002, -0.002, -0.000
194702.4, 2270, 35.16536108, 136.88140866, 41.391, -3810228.582, 3567868.547, 3652903.300,  0.327,  3.066, 270.131,  0.003, -0.000, -0.002
194702.6, 2270, 35.16536109, 136.88140866, 41.391, -3810228.582, 3567868.547, 3652903.300,  0.334,  3.057, 270.131,  0.000,  0.000, -0.003
194702.8, 2270, 35.16536109, 136.88140866, 41.391, -3810228.582, 3567868.547, 3652903.300,  0.338,  3.067, 270.132, -0.003,  0.001, -0.001
194703.0, 2270, 35.16536108, 136.88140866, 41.391, -3810228.582, 3567868.547, 3652903.300,  0.327,  3.065, 270.135,  0.007, -0.000, -0.001
194703.2, 2270, 35.16536109, 136.88140866, 41.391, -3810228.582, 3567868.547, 3652903.300,  0.335,  3.065, 270.132, -0.003,  0.001, -0.002
194703.4, 2270, 35.16536108, 136.88140866, 41.391, -3810228.582, 3567868.547, 3652903.300,  0.328,  3.062, 270.133,  0.003, -0.001, -0.002
194703.6, 2270, 35.16536109, 136.88140866, 41.391, -3810228.582, 3567868.547, 3652903.300,  0.330,  3.068, 270.135, -0.003,  0.002,  0.001
194703.8, 2270, 35.16536108, 136.88140866, 41.390, -3810228.582, 3567868.547, 3652903.299,  0.321,  3.066, 270.137,  0.003, -0.005, -0.002
194704.0, 2270, 35.16536109, 136.88140867, 41.390, -3810228.582, 3567868.546, 3652903.300,  0.337,  3.068, 270.136,  0.007,  0.007, -0.001
194704.2, 2270, 35.16536109, 136.88140866, 41.391, -3810228.582, 3567868.547, 3652903.301,  0.368,  3.134, 270.143, -0.027, -0.001, -0.015
194704.4, 2270, 35.16536110, 136.88140851, 41.392, -3810228.573, 3567868.557, 3652903.302,  0.379,  3.202, 270.128, -0.107,  0.005, -0.001
194704.6, 2270, 35.16536111, 136.88140821, 41.395, -3810228.556, 3567868.578, 3652903.305,  0.416,  3.207, 270.098, -0.164,  0.006,  0.004
194704.8, 2270, 35.16536112, 136.88140780, 41.399, -3810228.531, 3567868.607, 3652903.308,  0.451,  3.230, 270.032, -0.217,  0.005,  0.004
194705.0, 2270, 35.16536114, 136.88140727, 41.402, -3810228.500, 3567868.643, 3652903.311,  0.517,  3.251, 269.901, -0.264,  0.011,  0.006
194705.2, 2270, 35.16536116, 136.88140666, 41.404, -3810228.462, 3567868.684, 3652903.314,  0.607,  3.269, 269.651, -0.302,  0.007,  0.007
194705.4, 2270, 35.16536116, 136.88140596, 41.405, -3810228.419, 3567868.731, 3652903.315,  0.662,  3.292, 269.260, -0.335, -0.005,  0.004
194705.6, 2270, 35.16536114, 136.88140521, 41.407, -3810228.374, 3567868.783, 3652903.314,  0.665,  3.303, 268.738, -0.362, -0.017,  0.006
194705.8, 2270, 35.16536110, 136.88140440, 41.409, -3810228.327, 3567868.840, 3652903.312,  0.646,  3.310, 268.113, -0.384, -0.024,  0.007
194706.0, 2270, 35.16536104, 136.88140356, 41.411, -3810228.279, 3567868.900, 3652903.308,  0.608,  3.315, 267.393, -0.398, -0.032,  0.008
194706.2, 2270, 35.16536098, 136.88140269, 41.414, -3810228.229, 3567868.961, 3652903.303,  0.582,  3.324, 266.567, -0.411, -0.034,  0.007
194706.4, 2270, 35.16536092, 136.88140178, 41.416, -3810228.177, 3567869.026, 3652903.299,  0.601,  3.338, 265.641, -0.429, -0.035,  0.009
194706.6, 2270, 35.16536082, 136.88140083, 41.418, -3810228.123, 3567869.094, 3652903.292,  0.608,  3.343, 264.619, -0.444, -0.062,  0.004
194706.8, 2270, 35.16536070, 136.88139986, 41.420, -3810228.070, 3567869.165, 3652903.282,  0.567,  3.361, 263.481, -0.463, -0.072,  0.005
194707.0, 2270, 35.16536055, 136.88139883, 41.422, -3810228.013, 3567869.241, 3652903.269,  0.528,  3.377, 262.234, -0.491, -0.088,  0.002
194707.2, 2270, 35.16536039, 136.88139774, 41.423, -3810227.954, 3567869.321, 3652903.255,  0.535,  3.405, 260.864, -0.519, -0.094, -0.000
194707.4, 2270, 35.16536021, 136.88139659, 41.425, -3810227.892, 3567869.407, 3652903.240,  0.632,  3.449, 259.381, -0.557, -0.098,  0.002
194707.6, 2270, 35.16536001, 136.88139533, 41.428, -3810227.824, 3567869.501, 3652903.223,  0.828,  3.493, 257.705, -0.613, -0.137,  0.014
194707.8, 2270, 35.16535969, 136.88139395, 41.433, -3810227.756, 3567869.610, 3652903.197,  0.833,  3.361, 255.834, -0.668, -0.212,  0.017
194708.0, 2270, 35.16535924, 136.88139248, 41.436, -3810227.688, 3567869.729, 3652903.158,  0.606,  3.274, 253.750, -0.697, -0.265,  0.010
194708.2, 2270, 35.16535877, 136.88139094, 41.442, -3810227.617, 3567869.855, 3652903.119,  0.563,  3.216, 251.446, -0.732, -0.269,  0.025
194708.4, 2270, 35.16535824, 136.88138932, 41.448, -3810227.544, 3567869.989, 3652903.075,  0.654,  3.193, 249.078, -0.776, -0.306,  0.022
194708.6, 2270, 35.16535761, 136.88138761, 41.453, -3810227.471, 3567870.133, 3652903.021,  0.699,  3.150, 246.612, -0.803, -0.381,  0.019
194708.8, 2270, 35.16535687, 136.88138586, 41.460, -3810227.401, 3567870.285, 3652902.957,  0.715,  3.059, 244.084, -0.823, -0.431,  0.028
194709.0, 2270, 35.16535605, 136.88138406, 41.467, -3810227.331, 3567870.445, 3652902.887,  0.836,  2.936, 241.480, -0.841, -0.475,  0.028
194709.2, 2270, 35.16535514, 136.88138227, 41.474, -3810227.266, 3567870.608, 3652902.809,  0.933,  2.879, 238.818, -0.819, -0.529,  0.022
194709.4, 2270, 35.16535411, 136.88138056, 41.478, -3810227.209, 3567870.769, 3652902.717,  0.808,  2.890, 236.090, -0.765, -0.619, -0.001
194709.6, 2270, 35.16535294, 136.88137893, 41.479, -3810227.163, 3567870.929, 3652902.612,  0.477,  3.005, 233.356, -0.759, -0.664, -0.002
194709.8, 2270, 35.16535170, 136.88137726, 41.480, -3810227.118, 3567871.095, 3652902.500,  0.223,  3.049, 230.570, -0.791, -0.710,  0.003
194710.0, 2270, 35.16535036, 136.88137551, 41.483, -3810227.073, 3567871.271, 3652902.380,  0.197,  3.034, 227.909, -0.810, -0.783,  0.011
194710.2, 2270, 35.16534886, 136.88137377, 41.485, -3810227.036, 3567871.454, 3652902.245,  0.063,  2.986, 225.273, -0.800, -0.865,  0.002
194710.4, 2270, 35.16534723, 136.88137202, 41.488, -3810227.005, 3567871.643, 3652902.099, -0.056,  2.958, 222.713, -0.813, -0.947,  0.011
194710.6, 2270, 35.16534547, 136.88137023, 41.491, -3810226.977, 3567871.841, 3652901.941, -0.056,  2.891, 220.225, -0.832, -0.996,  0.017
194710.8, 2270, 35.16534360, 136.88136843, 41.497, -3810226.956, 3567872.045, 3652901.775,  0.067,  2.806, 217.726, -0.830, -1.071,  0.029
194711.0, 2270, 35.16534160, 136.88136666, 41.502, -3810226.941, 3567872.253, 3652901.596,  0.186,  2.755, 215.302, -0.792, -1.158,  0.016
194711.2, 2270, 35.16533940, 136.88136500, 41.508, -3810226.944, 3567872.463, 3652901.401, -0.016,  2.546, 213.021, -0.736, -1.276,  0.022
194711.4, 2270, 35.16533704, 136.88136339, 41.511, -3810226.956, 3567872.675, 3652901.188, -0.342,  2.395, 211.058, -0.758, -1.337,  0.005
194711.6, 2270, 35.16533456, 136.88136170, 41.512, -3810226.967, 3567872.896, 3652900.964, -0.413,  2.299, 209.352, -0.779, -1.432,  0.005
194711.8, 2270, 35.16533192, 136.88135998, 41.515, -3810226.986, 3567873.127, 3652900.726, -0.422,  2.138, 208.046, -0.797, -1.487,  0.008
194712.0, 2270, 35.16532916, 136.88135822, 41.518, -3810227.006, 3567873.366, 3652900.478, -0.343,  2.089, 207.012, -0.830, -1.564,  0.018
194712.2, 2270, 35.16532627, 136.88135640, 41.519, -3810227.028, 3567873.615, 3652900.216, -0.168,  2.034, 206.316, -0.828, -1.634, -0.004
194712.4, 2270, 35.16532324, 136.88135462, 41.518, -3810227.058, 3567873.865, 3652899.941, -0.298,  2.034, 205.933, -0.797, -1.734, -0.009
194712.6, 2270, 35.16532007, 136.88135283, 41.517, -3810227.093, 3567874.121, 3652899.653, -0.596,  1.995, 206.052, -0.860, -1.761, -0.003
194712.8, 2270, 35.16531686, 136.88135085, 41.516, -3810227.120, 3567874.392, 3652899.361, -0.638,  1.965, 206.635, -0.936, -1.806, -0.011
194713.0, 2270, 35.16531356, 136.88134877, 41.512, -3810227.142, 3567874.673, 3652899.059, -0.735,  1.879, 207.591, -0.975, -1.846, -0.014
194713.2, 2270, 35.16531024, 136.88134654, 41.511, -3810227.157, 3567874.966, 3652898.757, -0.806,  1.796, 208.796, -1.069, -1.838,  0.006
194713.4, 2270, 35.16530693, 136.88134411, 41.509, -3810227.159, 3567875.271, 3652898.456, -0.697,  1.751, 210.436, -1.146, -1.839, -0.017
194713.6, 2270, 35.16530360, 136.88134154, 41.505, -3810227.152, 3567875.585, 3652898.152, -0.734,  1.635, 212.281, -1.191, -1.855, -0.019
194713.8, 2270, 35.16530027, 136.88133884, 41.502, -3810227.137, 3567875.909, 3652897.848, -1.051,  1.498, 214.636, -1.279, -1.834, -0.012
194714.0, 2270, 35.16529703, 136.88133588, 41.501, -3810227.103, 3567876.246, 3652897.553, -1.286,  1.366, 217.452, -1.412, -1.764, -0.018
194714.2, 2270, 35.16529392, 136.88133261, 41.494, -3810227.040, 3567876.596, 3652897.268, -1.276,  1.479, 220.764, -1.574, -1.673, -0.034
194714.4, 2270, 35.16529094, 136.88132899, 41.490, -3810226.951, 3567876.964, 3652896.995, -1.146,  1.558, 224.234, -1.711, -1.641, -0.018
194714.6, 2270, 35.16528803, 136.88132511, 41.485, -3810226.843, 3567877.346, 3652896.728, -1.213,  1.564, 227.789, -1.826, -1.586, -0.027
194714.8, 2270, 35.16528524, 136.88132096, 41.478, -3810226.710, 3567877.740, 3652896.472, -1.382,  1.653, 231.390, -1.965, -1.496, -0.043
194715.0, 2270, 35.16528267, 136.88131648, 41.470, -3810226.546, 3567878.146, 3652896.233, -1.360,  1.760, 235.063, -2.113, -1.378, -0.032
194715.2, 2270, 35.16528028, 136.88131168, 41.465, -3810226.356, 3567878.566, 3652896.014, -1.272,  1.755, 238.784, -2.247, -1.271, -0.030
194715.4, 2270, 35.16527808, 136.88130666, 41.461, -3810226.144, 3567878.994, 3652895.813, -1.375,  1.715, 242.383, -2.324, -1.161,  0.002
194715.6, 2270, 35.16527614, 136.88130150, 41.462, -3810225.914, 3567879.423, 3652895.637, -1.419,  1.616, 245.855, -2.360, -0.995, -0.005
194715.8, 2270, 35.16527451, 136.88129632, 41.462, -3810225.666, 3567879.838, 3652895.489, -1.395,  1.765, 249.118, -2.371, -0.836, -0.006
194716.0, 2270, 35.16527313, 136.88129108, 41.461, -3810225.404, 3567880.246, 3652895.363, -1.357,  1.832, 252.177, -2.399, -0.690, -0.008
194716.2, 2270, 35.16527201, 136.88128581, 41.458, -3810225.126, 3567880.644, 3652895.260, -1.185,  1.929, 255.040, -2.404, -0.557, -0.014
194716.4, 2270, 35.16527110, 136.88128054, 41.454, -3810224.839, 3567881.033, 3652895.175, -1.031,  2.077, 257.651, -2.391, -0.467, -0.026
194716.6, 2270, 35.16527034, 136.88127528, 41.451, -3810224.545, 3567881.414, 3652895.105, -0.935,  2.180, 259.790, -2.395, -0.375, -0.005
194716.8, 2270, 35.16526974, 136.88127003, 41.452, -3810224.247, 3567881.789, 3652895.050, -0.842,  2.178, 261.587, -2.388, -0.301,  0.011
194717.0, 2270, 35.16526924, 136.88126482, 41.454, -3810223.946, 3567882.159, 3652895.007, -0.790,  2.123, 263.125, -2.354, -0.249,  0.004
194717.2, 2270, 35.16526885, 136.88125968, 41.455, -3810223.645, 3567882.518, 3652894.972, -0.715,  2.162, 264.371, -2.332, -0.189,  0.004
194717.4, 2270, 35.16526854, 136.88125458, 41.454, -3810223.342, 3567882.870, 3652894.942, -0.735,  2.204, 265.431, -2.308, -0.164, -0.007
194717.6, 2270, 35.16526826, 136.88124956, 41.454, -3810223.041, 3567883.217, 3652894.917, -0.851,  2.303, 266.399, -2.278, -0.132,  0.010
194717.8, 2270, 35.16526808, 136.88124458, 41.456, -3810222.742, 3567883.556, 3652894.902, -0.868,  2.390, 267.312, -2.251, -0.080,  0.007
194718.0, 2270, 35.16526798, 136.88123967, 41.456, -3810222.440, 3567883.888, 3652894.893, -0.853,  2.502, 268.264, -2.222, -0.037, -0.005
194718.2, 2270, 35.16526793, 136.88123479, 41.455, -3810222.138, 3567884.213, 3652894.888, -0.865,  2.631, 269.188, -2.228, -0.009, -0.003
194718.4, 2270, 35.16526797, 136.88122986, 41.455, -3810221.830, 3567884.540, 3652894.892, -0.814,  2.711, 270.106, -2.272,  0.027, -0.005
194718.6, 2270, 35.16526804, 136.88122479, 41.455, -3810221.510, 3567884.874, 3652894.898, -0.908,  2.805, 271.085, -2.347,  0.051,  0.003
194718.8, 2270, 35.16526817, 136.88121956, 41.459, -3810221.181, 3567885.218, 3652894.912, -1.070,  2.789, 272.141, -2.419,  0.100,  0.035
194719.0, 2270, 35.16526841, 136.88121422, 41.466, -3810220.841, 3567885.567, 3652894.938, -1.118,  2.673, 273.241, -2.442,  0.171,  0.029
194719.2, 2270, 35.16526877, 136.88120882, 41.471, -3810220.491, 3567885.913, 3652894.973, -1.097,  2.613, 274.362, -2.478,  0.226,  0.030
194719.4, 2270, 35.16526921, 136.88120338, 41.474, -3810220.134, 3567886.258, 3652895.015, -1.114,  2.516, 275.495, -2.470,  0.264,  0.019
194719.6, 2270, 35.16526972, 136.88119799, 41.478, -3810219.777, 3567886.596, 3652895.063, -1.184,  2.441, 276.628, -2.440,  0.295,  0.014
194719.8, 2270, 35.16527030, 136.88119266, 41.481, -3810219.420, 3567886.926, 3652895.118, -1.236,  2.320, 277.723, -2.403,  0.352,  0.018
194720.0, 2270, 35.16527095, 136.88118743, 41.483, -3810219.065, 3567887.247, 3652895.178, -1.361,  2.268, 278.709, -2.365,  0.374,  0.011
194720.2, 2270, 35.16527166, 136.88118227, 41.486, -3810218.712, 3567887.560, 3652895.244, -1.426,  2.189, 279.536, -2.319,  0.417,  0.013
194720.4, 2270, 35.16527246, 136.88117725, 41.489, -3810218.364, 3567887.861, 3652895.318, -1.224,  2.234, 280.009, -2.270,  0.448,  0.007
194720.6, 2270, 35.16527324, 136.88117230, 41.489, -3810218.019, 3567888.157, 3652895.389, -1.097,  2.264, 280.072, -2.243,  0.414,  0.002
194720.8, 2270, 35.16527395, 136.88116737, 41.489, -3810217.680, 3567888.453, 3652895.454, -1.206,  2.199, 279.880, -2.238,  0.381, -0.005
194721.0, 2270, 35.16527467, 136.88116251, 41.488, -3810217.343, 3567888.744, 3652895.518, -1.109,  2.201, 279.528, -2.189,  0.407, -0.001
194721.2, 2270, 35.16527537, 136.88115773, 41.489, -3810217.013, 3567889.033, 3652895.582, -0.954,  2.259, 278.960, -2.181,  0.356,  0.007
194721.4, 2270, 35.16527597, 136.88115297, 41.490, -3810216.689, 3567889.324, 3652895.638, -0.915,  2.295, 278.341, -2.149,  0.326,  0.007
194721.6, 2270, 35.16527655, 136.88114830, 41.493, -3810216.373, 3567889.610, 3652895.692, -0.779,  2.306, 277.609, -2.104,  0.310,  0.017
194721.8, 2270, 35.16527703, 136.88114375, 41.494, -3810216.068, 3567889.892, 3652895.735, -0.803,  2.321, 276.755, -2.039,  0.207, -0.012
194722.0, 2270, 35.16527737, 136.88113933, 41.492, -3810215.776, 3567890.170, 3652895.765, -1.027,  2.494, 275.870, -1.992,  0.182, -0.006
194722.2, 2270, 35.16527769, 136.88113498, 41.490, -3810215.488, 3567890.444, 3652895.793, -1.119,  2.525, 274.984, -1.967,  0.175, -0.014
194722.4, 2270, 35.16527801, 136.88113069, 41.490, -3810215.206, 3567890.716, 3652895.822, -1.014,  2.435, 274.090, -1.946,  0.167,  0.012
194722.6, 2270, 35.16527828, 136.88112644, 41.492, -3810214.931, 3567890.988, 3652895.848, -0.829,  2.229, 273.115, -1.919,  0.135,  0.013
194722.8, 2270, 35.16527846, 136.88112229, 41.495, -3810214.665, 3567891.257, 3652895.866, -0.674,  2.061, 271.856, -1.860,  0.060,  0.014
194723.0, 2270, 35.16527849, 136.88111831, 41.496, -3810214.417, 3567891.522, 3652895.869, -0.723,  1.899, 270.255, -1.759, -0.050, -0.013
194723.2, 2270, 35.16527833, 136.88111452, 41.495, -3810214.187, 3567891.780, 3652895.854, -1.063,  1.786, 268.468, -1.693, -0.110,  0.004
194723.4, 2270, 35.16527813, 136.88111088, 41.496, -3810213.971, 3567892.032, 3652895.836, -1.223,  1.578, 266.599, -1.613, -0.110,  0.012
194723.6, 2270, 35.16527791, 136.88110741, 41.498, -3810213.766, 3567892.272, 3652895.818, -1.041,  1.533, 264.601, -1.551, -0.151, -0.005
194723.8, 2270, 35.16527755, 136.88110408, 41.494, -3810213.573, 3567892.508, 3652895.783, -1.039,  1.557, 262.522, -1.493, -0.225, -0.019
194724.0, 2270, 35.16527713, 136.88110085, 41.490, -3810213.389, 3567892.738, 3652895.743, -0.917,  1.581, 260.273, -1.445, -0.247, -0.025
194724.2, 2270, 35.16527663, 136.88109774, 41.485, -3810213.216, 3567892.964, 3652895.694, -0.722,  1.666, 257.907, -1.392, -0.313, -0.026
194724.4, 2270, 35.16527601, 136.88109473, 41.482, -3810213.055, 3567893.190, 3652895.636, -0.540,  1.694, 255.274, -1.354, -0.367, -0.008
194724.6, 2270, 35.16527529, 136.88109180, 41.480, -3810212.906, 3567893.415, 3652895.570, -0.324,  1.626, 252.366, -1.309, -0.438, -0.008
194724.8, 2270, 35.16527443, 136.88108900, 41.477, -3810212.770, 3567893.637, 3652895.490, -0.179,  1.524, 249.281, -1.251, -0.508, -0.019
194725.0, 2270, 35.16527349, 136.88108629, 41.474, -3810212.643, 3567893.857, 3652895.403,  0.119,  1.372, 246.045, -1.213, -0.554, -0.018
194725.2, 2270, 35.16527241, 136.88108375, 41.471, -3810212.533, 3567894.071, 3652895.304,  0.274,  1.348, 242.782, -1.100, -0.627, -0.012
194725.4, 2270, 35.16527122, 136.88108143, 41.468, -3810212.442, 3567894.276, 3652895.194,  0.211,  1.377, 239.406, -1.026, -0.696, -0.017
194725.6, 2270, 35.16526994, 136.88107922, 41.464, -3810212.363, 3567894.477, 3652895.075,  0.173,  1.303, 236.168, -0.990, -0.711, -0.013
194725.8, 2270, 35.16526864, 136.88107711, 41.461, -3810212.290, 3567894.672, 3652894.956,  0.312,  1.301, 233.010, -0.925, -0.742, -0.019
194726.0, 2270, 35.16526725, 136.88107514, 41.457, -3810212.229, 3567894.861, 3652894.828,  0.399,  1.347, 230.047, -0.878, -0.791, -0.021
194726.2, 2270, 35.16526578, 136.88107327, 41.451, -3810212.178, 3567895.047, 3652894.691,  0.403,  1.337, 227.163, -0.838, -0.832, -0.029
194726.4, 2270, 35.16526426, 136.88107146, 41.446, -3810212.133, 3567895.230, 3652894.550,  0.516,  1.345, 224.393, -0.811, -0.854, -0.015
194726.6, 2270, 35.16526267, 136.88106974, 41.443, -3810212.098, 3567895.412, 3652894.404,  0.603,  1.307, 221.784, -0.748, -0.909, -0.019
194726.8, 2270, 35.16526102, 136.88106815, 41.439, -3810212.074, 3567895.588, 3652894.252,  0.600,  1.283, 219.275, -0.700, -0.921, -0.014
194727.0, 2270, 35.16525933, 136.88106665, 41.436, -3810212.057, 3567895.760, 3652894.097,  0.604,  1.274, 216.889, -0.672, -0.955, -0.020
194727.2, 2270, 35.16525759, 136.88106522, 41.432, -3810212.047, 3567895.929, 3652893.937,  0.640,  1.236, 214.584, -0.635, -0.975, -0.018
194727.4, 2270, 35.16525583, 136.88106386, 41.429, -3810212.043, 3567896.094, 3652893.776,  0.760,  1.223, 212.375, -0.600, -0.965, -0.003
194727.6, 2270, 35.16525406, 136.88106264, 41.426, -3810212.048, 3567896.252, 3652893.614,  0.773,  1.200, 210.251, -0.516, -0.989, -0.023
194727.8, 2270, 35.16525231, 136.88106158, 41.421, -3810212.060, 3567896.395, 3652893.452,  0.638,  1.229, 208.239, -0.451, -0.942, -0.025
194728.0, 2270, 35.16525068, 136.88106066, 41.416, -3810212.076, 3567896.526, 3652893.301,  0.567,  1.364, 206.387, -0.408, -0.878, -0.013
194728.2, 2270, 35.16524908, 136.88105980, 41.413, -3810212.095, 3567896.650, 3652893.154,  0.554,  1.303, 204.690, -0.358, -0.900, -0.031
194728.4, 2270, 35.16524747, 136.88105912, 41.405, -3810212.123, 3567896.761, 3652893.004,  0.153,  1.073, 203.219, -0.280, -0.847, -0.030
194728.6, 2270, 35.16524602, 136.88105857, 41.399, -3810212.153, 3567896.858, 3652892.868, -0.237,  1.085, 201.789, -0.228, -0.780, -0.027
194728.8, 2270, 35.16524464, 136.88105799, 41.396, -3810212.179, 3567896.955, 3652892.742, -0.279,  0.905, 200.597, -0.317, -0.742, -0.010
194729.0, 2270, 35.16524327, 136.88105726, 41.391, -3810212.195, 3567897.061, 3652892.614,  0.158,  0.696, 199.554, -0.320, -0.788, -0.038
194729.2, 2270, 35.16524178, 136.88105662, 41.383, -3810212.220, 3567897.164, 3652892.475,  0.288,  0.675, 198.447, -0.259, -0.868, -0.030
194729.4, 2270, 35.16524009, 136.88105609, 41.377, -3810212.262, 3567897.270, 3652892.319,  0.054,  0.410, 197.391, -0.258, -0.980, -0.023
194729.6, 2270, 35.16523832, 136.88105546, 41.373, -3810212.303, 3567897.387, 3652892.155,  0.060,  0.024, 196.329, -0.293, -0.975, -0.024
194729.8, 2270, 35.16523655, 136.88105491, 41.365, -3810212.347, 3567897.496, 3652891.990, -0.033, -0.156, 195.386, -0.219, -0.987, -0.049
194730.0, 2270, 35.16523475, 136.88105444, 41.358, -3810212.397, 3567897.602, 3652891.823, -0.331, -0.488, 194.473, -0.211, -0.999, -0.011
194730.2, 2270, 35.16523300, 136.88105395, 41.357, -3810212.447, 3567897.711, 3652891.663, -0.435, -0.908, 193.899, -0.235, -0.935, -0.012
194730.4, 2270, 35.16523134, 136.88105343, 41.352, -3810212.490, 3567897.815, 3652891.510, -0.381, -1.221, 193.416, -0.218, -0.915, -0.025
194730.6, 2270, 35.16522972, 136.88105302, 41.350, -3810212.538, 3567897.911, 3652891.362, -0.530, -1.628, 193.137, -0.164, -0.855, -0.004
194730.8, 2270, 35.16522826, 136.88105265, 41.347, -3810212.582, 3567897.999, 3652891.228, -0.661, -1.884, 192.802, -0.176, -0.775, -0.025
194731.0, 2270, 35.16522691, 136.88105223, 41.341, -3810212.615, 3567898.082, 3652891.102, -0.532, -2.072, 192.582, -0.201, -0.718, -0.023
194731.2, 2270, 35.16522565, 136.88105184, 41.337, -3810212.647, 3567898.161, 3652890.985, -0.409, -2.284, 192.392, -0.125, -0.679, -0.037
194731.4, 2270, 35.16522446, 136.88105161, 41.327, -3810212.682, 3567898.223, 3652890.872, -0.614, -2.312, 192.243, -0.108, -0.635, -0.054
194731.6, 2270, 35.16522333, 136.88105135, 41.320, -3810212.715, 3567898.285, 3652890.765, -0.762, -2.498, 191.983, -0.121, -0.617, -0.020
194731.8, 2270, 35.16522226, 136.88105104, 41.313, -3810212.741, 3567898.349, 3652890.664, -0.660, -2.554, 191.876, -0.163, -0.574, -0.057
194732.0, 2270, 35.16522119, 136.88105073, 41.300, -3810212.764, 3567898.409, 3652890.560, -0.584, -2.480, 191.621, -0.106, -0.618, -0.058
194732.2, 2270, 35.16522007, 136.88105051, 41.292, -3810212.798, 3567898.468, 3652890.453, -0.743, -2.640, 191.401, -0.107, -0.611, -0.029
194732.4, 2270, 35.16521898, 136.88105027, 41.284, -3810212.829, 3567898.527, 3652890.350, -0.839, -2.740, 191.061, -0.113, -0.603, -0.051
194732.6, 2270, 35.16521789, 136.88104999, 41.273, -3810212.855, 3567898.587, 3652890.245, -0.765, -2.719, 190.740, -0.135, -0.596, -0.057
194732.8, 2270, 35.16521683, 136.88104971, 41.263, -3810212.882, 3567898.646, 3652890.142, -0.671, -2.720, 190.318, -0.109, -0.584, -0.045
194733.0, 2270, 35.16521582, 136.88104946, 41.255, -3810212.908, 3567898.703, 3652890.046, -0.532, -2.748, 189.913, -0.121, -0.536, -0.033
194733.2, 2270, 35.16521489, 136.88104921, 41.248, -3810212.932, 3567898.756, 3652889.959, -0.377, -2.741, 189.502, -0.093, -0.492, -0.033
194733.4, 2270, 35.16521406, 136.88104904, 41.242, -3810212.957, 3567898.800, 3652889.879, -0.365, -2.737, 189.137, -0.060, -0.427, -0.029
194733.6, 2270, 35.16521335, 136.88104892, 41.236, -3810212.979, 3567898.836, 3652889.812, -0.430, -2.739, 188.780, -0.050, -0.360, -0.026
194733.8, 2270, 35.16521277, 136.88104881, 41.231, -3810212.996, 3567898.866, 3652889.756, -0.433, -2.750, 188.527, -0.054, -0.285, -0.022
194734.0, 2270, 35.16521232, 136.88104870, 41.227, -3810213.008, 3567898.890, 3652889.713, -0.395, -2.749, 188.319, -0.039, -0.218, -0.016
194734.2, 2270, 35.16521202, 136.88104863, 41.225, -3810213.016, 3567898.907, 3652889.684, -0.392, -2.770, 188.208, -0.022, -0.108, -0.009
194734.4, 2270, 35.16521197, 136.88104863, 41.224, -3810213.018, 3567898.909, 3652889.680, -0.403, -2.776, 188.168, -0.004,  0.025, -0.002
194734.6, 2270, 35.16521199, 136.88104862, 41.225, -3810213.017, 3567898.909, 3652889.682, -0.373, -2.691, 188.161, -0.018, -0.007,  0.004
194734.8, 2270, 35.16521198, 136.88104862, 41.225, -3810213.017, 3567898.909, 3652889.681, -0.379, -2.743, 188.179, -0.006,  0.007, -0.007
194735.0, 2270, 35.16521198, 136.88104862, 41.225, -3810213.017, 3567898.909, 3652889.681, -0.382, -2.716, 188.165, -0.009, -0.004,  0.001
194735.2, 2270, 35.16521198, 136.88104862, 41.225, -3810213.017, 3567898.909, 3652889.681, -0.383, -2.748, 188.169, -0.014,  0.006,  0.003
194735.4, 2270, 35.16521198, 136.88104862, 41.225, -3810213.017, 3567898.909, 3652889.681, -0.388, -2.754, 188.172, -0.008, -0.002, -0.002
194735.6, 2270, 35.16521198, 136.88104863, 41.225, -3810213.017, 3567898.909, 3652889.681, -0.392, -2.754, 188.166, -0.012,  0.001,  0.000
194735.8, 2270, 35.16521198, 136.88104862, 41.225, -3810213.017, 3567898.909, 3652889.681, -0.387, -2.757, 188.171, -0.014,  0.006, -0.002
194736.0, 2270, 35.16521198, 136.88104862, 41.225, -3810213.017, 3567898.909, 3652889.681, -0.390, -2.757, 188.165, -0.011, -0.002, -0.000
194736.2, 2270, 35.16521198, 136.88104862, 41.225, -3810213.017, 3567898.909, 3652889.681, -0.384, -2.751, 188.167, -0.016,  0.005, -0.003
194736.4, 2270, 35.16521198, 136.88104862, 41.225, -3810213.017, 3567898.909, 3652889.681, -0.382, -2.756, 188.170, -0.007,  0.000, -0.004
194736.6, 2270, 35.16521198, 136.88104862, 41.225, -3810213.017, 3567898.909, 3652889.681, -0.389, -2.751, 188.166, -0.015,  0.001, -0.002
194736.8, 2270, 35.16521198, 136.88104862, 41.225, -3810213.017, 3567898.909, 3652889.681, -0.376, -2.752, 188.166, -0.012,  0.002, -0.002
194737.0, 2270, 35.16521198, 136.88104862, 41.225, -3810213.017, 3567898.909, 3652889.681, -0.384, -2.749, 188.168, -0.011,  0.001, -0.002
194737.2, 2270, 35.16521198, 136.88104862, 41.225, -3810213.017, 3567898.909, 3652889.681, -0.383, -2.756, 188.166, -0.010,  0.004, -0.002
194737.4, 2270, 35.16521199, 136.88104862, 41.226, -3810213.017, 3567898.909, 3652889.683, -0.331, -2.678, 188.106, -0.021, -0.056, -0.025
194737.6, 2270, 35.16521201, 136.88104864, 41.226, -3810213.018, 3567898.908, 3652889.684, -0.369, -2.615, 188.057, -0.002, -0.024, -0.042
194737.8, 2270, 35.16521202, 136.88104865, 41.226, -3810213.018, 3567898.906, 3652889.685, -0.424, -2.559, 188.026, -0.005,  0.006,  0.003
194738.0, 2270, 35.16521201, 136.88104864, 41.226, -3810213.018, 3567898.907, 3652889.684, -0.401, -2.598, 188.040, -0.022,  0.001,  0.016
194738.2, 2270, 35.16521201, 136.88104864, 41.226, -3810213.018, 3567898.908, 3652889.684, -0.363, -2.622, 188.044, -0.004, -0.002, -0.006
194738.4, 2270, 35.16521201, 136.88104864, 41.226, -3810213.018, 3567898.907, 3652889.684, -0.364, -2.606, 188.039, -0.005,  0.002, -0.004
194738.6, 2270, 35.16521201, 136.88104864, 41.226, -3810213.018, 3567898.907, 3652889.684, -0.364, -2.607, 188.041, -0.008, -0.003, -0.002
194738.8, 2270, 35.16521201, 136.88104864, 41.226, -3810213.018, 3567898.907, 3652889.684, -0.370, -2.603, 188.042, -0.005,  0.000, -0.002
194739.0, 2270, 35.16521201, 136.88104864, 41.226, -3810213.018, 3567898.907, 3652889.685, -0.363, -2.605, 188.039, -0.007, -0.000,  0.001
194739.2, 2270, 35.16521201, 136.88104864, 41.226, -3810213.018, 3567898.907, 3652889.684, -0.365, -2.605, 188.040,  0.001, -0.001, -0.003
194739.4, 2270, 35.16521201, 136.88104864, 41.226, -3810213.018, 3567898.907, 3652889.684, -0.374, -2.606, 188.040, -0.002, -0.003, -0.003
194739.6, 2270, 35.16521201, 136.88104864, 41.226, -3810213.018, 3567898.907, 3652889.684, -0.368, -2.605, 188.038, -0.004, -0.000, -0.002
194739.8, 2270, 35.16521201, 136.88104864, 41.226, -3810213.018, 3567898.908, 3652889.685, -0.354, -2.603, 188.039, -0.006, -0.002, -0.002
194740.0, 2270, 35.16521201, 136.88104863, 41.226, -3810213.018, 3567898.908, 3652889.685, -0.351, -2.605, 188.039, -0.001, -0.001, -0.003
194740.2, 2270, 35.16521201, 136.88104863, 41.226, -3810213.017, 3567898.908, 3652889.685, -0.341, -2.605, 188.038, -0.007, -0.003, -0.003
194740.4, 2270, 35.16521201, 136.88104863, 41.226, -3810213.017, 3567898.908, 3652889.685, -0.334, -2.605, 188.039, -0.004, -0.001, -0.001
194740.6, 2270, 35.16521201, 136.88104863, 41.226, -3810213.017, 3567898.908, 3652889.685, -0.324, -2.607, 188.040, -0.006, -0.002, -0.003
194740.8, 2270, 35.16521201, 136.88104862, 41.227, -3810213.017, 3567898.908, 3652889.685, -0.303, -2.605, 188.041, -0.007,  0.001, -0.001
194741.0, 2270, 35.16521201, 136.88104862, 41.227, -3810213.017, 3567898.909, 3652889.685, -0.287, -2.603, 188.037, -0.003, -0.002, -0.003
194741.2, 2270, 35.16521201, 136.88104862, 41.227, -3810213.017, 3567898.909, 3652889.685, -0.292, -2.606, 188.039, -0.004, -0.000, -0.004
194741.4, 2270, 35.16521201, 136.88104862, 41.227, -3810213.017, 3567898.909, 3652889.685, -0.284, -2.603, 188.040, -0.007, -0.002, -0.003
194741.6, 2270, 35.16521201, 136.88104862, 41.227, -3810213.017, 3567898.909, 3652889.685, -0.275, -2.607, 188.040, -0.002, -0.001, -0.004
194741.8, 2270, 35.16521201, 136.88104862, 41.227, -3810213.017, 3567898.909, 3652889.685, -0.276, -2.606, 188.040, -0.004, -0.000, -0.003
194742.0, 2270, 35.16521201, 136.88104862, 41.227, -3810213.017, 3567898.909, 3652889.685, -0.277, -2.607, 188.040, -0.002, -0.000, -0.004
194742.2, 2270, 35.16521201, 136.88104862, 41.227, -3810213.017, 3567898.909, 3652889.685, -0.275, -2.607, 188.039, -0.005, -0.000, -0.004
194742.4, 2270, 35.16521201, 136.88104862, 41.227, -3810213.017, 3567898.909, 3652889.685, -0.275, -2.606, 188.040, -0.006,  0.001, -0.002
194742.6, 2270, 35.16521201, 136.88104862, 41.227, -3810213.017, 3567898.909, 3652889.685, -0.272, -2.606, 188.041, -0.008,  0.000, -0.003
194742.8, 2270, 35.16521201, 136.88104862, 41.227, -3810213.017, 3567898.909, 3652889.685, -0.266, -2.606, 188.042, -0.006,  0.003, -0.003
194743.0, 2270, 35.16521201, 136.88104861, 41.227, -3810213.017, 3567898.909, 3652889.685, -0.262, -2.606, 188.045, -0.007,  0.001, -0.004
194743.2, 2270, 35.16521201, 136.88104861, 41.227, -3810213.017, 3567898.909, 3652889.685, -0.258, -2.606, 188.045, -0.005,  0.001, -0.003
194743.4, 2270, 35.16521201, 136.88104862, 41.227, -3810213.017, 3567898.909, 3652889.685, -0.273, -2.610, 188.043, -0.004, -0.000, -0.005
194743.6, 2270, 35.16521201, 136.88104862, 41.227, -3810213.017, 3567898.909, 3652889.685, -0.275, -2.608, 188.045, -0.006,  0.003, -0.004
194743.8, 2270, 35.16521201, 136.88104862, 41.227, -3810213.017, 3567898.909, 3652889.685, -0.292, -2.604, 188.045, -0.003,  0.002, -0.005
194744.0, 2270, 35.16521201, 136.88104862, 41.227, -3810213.017, 3567898.908, 3652889.685, -0.302, -2.598, 188.044, -0.002,  0.004, -0.004
194744.2, 2270, 35.16521201, 136.88104863, 41.227, -3810213.017, 3567898.908, 3652889.685, -0.332, -2.596, 188.047,  0.001,  0.001, -0.006
194744.4, 2270, 35.16521201, 136.88104864, 41.226, -3810213.018, 3567898.907, 3652889.685, -0.374, -2.596, 188.043,  0.001, -0.001, -0.005
194744.6, 2270, 35.16521201, 136.88104865, 41.226, -3810213.018, 3567898.906, 3652889.684, -0.434, -2.595, 188.047, -0.009,  0.006, -0.003
194744.8, 2270, 35.16521201, 136.88104864, 41.226, -3810213.018, 3567898.907, 3652889.685, -0.382, -2.592, 188.041, -0.012,  0.002, -0.001
194745.0, 2270, 35.16521201, 136.88104864, 41.226, -3810213.018, 3567898.907, 3652889.685, -0.381, -2.596, 188.048, -0.004,  0.001, -0.007
194745.2, 2270, 35.16521201, 136.88104864, 41.226, -3810213.018, 3567898.907, 3652889.685, -0.403, -2.589, 188.046, -0.001,  0.001,  0.003
194745.4, 2270, 35.16521201, 136.88104864, 41.226, -3810213.018, 3567898.907, 3652889.684, -0.399, -2.599, 188.043,  0.001,  0.000, -0.012
194745.6, 2270, 35.16521201, 136.88104864, 41.226, -3810213.018, 3567898.907, 3652889.684, -0.371, -2.602, 188.052, -0.008,  0.006, -0.001
194745.8, 2270, 35.16521201, 136.88104864, 41.226, -3810213.018, 3567898.907, 3652889.685, -0.380, -2.597, 188.048,  0.001, -0.001, -0.002
194746.0, 2270, 35.16521201, 136.88104864, 41.226, -3810213.018, 3567898.907, 3652889.685, -0.378, -2.599, 188.041, -0.006, -0.001, -0.006
194746.2, 2270, 35.16521201, 136.88104864, 41.226, -3810213.018, 3567898.907, 3652889.684, -0.385, -2.597, 188.055, -0.004,  0.006, -0.001
194746.4, 2270, 35.16521201, 136.88104864, 41.226, -3810213.018, 3567898.907, 3652889.684, -0.370, -2.605, 188.047, -0.001,  0.003, -0.004
194746.6, 2270, 35.16521202, 136.88104863, 41.225, -3810213.017, 3567898.907, 3652889.684, -0.378, -2.594, 188.046, -0.003, -0.004, -0.002
194746.8, 2270, 35.16521201, 136.88104863, 41.224, -3810213.016, 3567898.907, 3652889.684, -0.389, -2.607, 188.066, -0.004,  0.008, -0.005
194747.0, 2270, 35.16521195, 136.88104859, 41.226, -3810213.017, 3567898.913, 3652889.679, -0.304, -2.611, 188.071, -0.033, -0.079,  0.021
194747.2, 2270, 35.16521172, 136.88104851, 41.227, -3810213.024, 3567898.929, 3652889.659, -0.212, -2.655, 187.941, -0.034, -0.190, -0.024
194747.4, 2270, 35.16521122, 136.88104842, 41.217, -3810213.036, 3567898.951, 3652889.607, -0.188, -2.453, 187.604, -0.040, -0.385, -0.063
194747.6, 2270, 35.16521035, 136.88104831, 41.206, -3810213.062, 3567898.991, 3652889.522, -0.182, -2.393, 187.030, -0.060, -0.560, -0.047
194747.8, 2270, 35.16520924, 136.88104818, 41.196, -3810213.100, 3567899.042, 3652889.416, -0.206, -2.419, 186.242, -0.055, -0.663, -0.058
194748.0, 2270, 35.16520795, 136.88104806, 41.181, -3810213.144, 3567899.098, 3652889.291, -0.276, -2.365, 185.452, -0.051, -0.757, -0.081
194748.2, 2270, 35.16520654, 136.88104797, 41.166, -3810213.196, 3567899.157, 3652889.154, -0.436, -2.342, 184.658, -0.022, -0.802, -0.071
194748.4, 2270, 35.16520507, 136.88104795, 41.151, -3810213.254, 3567899.214, 3652889.012, -0.747, -2.305, 184.017, -0.007, -0.830, -0.085
194748.6, 2270, 35.16520355, 136.88104790, 41.131, -3810213.309, 3567899.273, 3652888.862, -0.986, -2.236, 183.385, -0.031, -0.854, -0.110
194748.8, 2270, 35.16520197, 136.88104783, 41.110, -3810213.367, 3567899.335, 3652888.707, -1.132, -2.119, 182.894, -0.040, -0.901, -0.080
194749.0, 2270, 35.16520029, 136.88104771, 41.097, -3810213.429, 3567899.409, 3652888.547, -1.090, -2.249, 182.440, -0.086, -0.945, -0.054
194749.2, 2270, 35.16519861, 136.88104748, 41.086, -3810213.487, 3567899.491, 3652888.389, -0.674, -2.209, 182.169, -0.096, -0.916, -0.058
194749.4, 2270, 35.16519695, 136.88104737, 41.069, -3810213.548, 3567899.561, 3652888.228, -0.667, -1.983, 181.902, -0.001, -0.949, -0.114
194749.6, 2270, 35.16519515, 136.88104741, 41.044, -3810213.618, 3567899.623, 3652888.051, -1.054, -1.992, 181.699, -0.003, -1.021, -0.117
194749.8, 2270, 35.16519329, 136.88104730, 41.026, -3810213.688, 3567899.702, 3652887.871, -1.032, -2.040, 181.692, -0.076, -1.045, -0.073
194750.0, 2270, 35.16519136, 136.88104717, 41.010, -3810213.760, 3567899.786, 3652887.687, -1.014, -2.100, 181.730, -0.015, -1.103, -0.103
194750.2, 2270, 35.16518936, 136.88104713, 40.989, -3810213.839, 3567899.864, 3652887.493, -1.228, -2.185, 181.806, -0.046, -1.092, -0.092
194750.4, 2270, 35.16518743, 136.88104697, 40.974, -3810213.910, 3567899.951, 3652887.310, -1.111, -1.960, 182.089, -0.107, -1.040, -0.055
194750.6, 2270, 35.16518555, 136.88104671, 40.964, -3810213.975, 3567900.045, 3652887.134, -0.756, -1.762, 182.444, -0.104, -1.056, -0.052
194750.8, 2270, 35.16518362, 136.88104653, 40.951, -3810214.046, 3567900.134, 3652886.951, -0.693, -1.685, 183.017, -0.071, -1.074, -0.081
194751.0, 2270, 35.16518166, 136.88104636, 40.935, -3810214.118, 3567900.222, 3652886.764, -0.807, -1.615, 183.669, -0.083, -1.102, -0.069
194751.2, 2270, 35.16517964, 136.88104622, 40.920, -3810214.194, 3567900.311, 3652886.572, -0.979, -1.478, 184.665, -0.098, -1.136, -0.112
194751.4, 2270, 35.16517746, 136.88104606, 40.899, -3810214.273, 3567900.405, 3652886.362, -1.316, -1.184, 185.920, -0.112, -1.266, -0.117
194751.6, 2270, 35.16517508, 136.88104572, 40.882, -3810214.353, 3567900.522, 3652886.137, -1.470, -0.939, 187.517, -0.261, -1.358, -0.063
194751.8, 2270, 35.16517252, 136.88104518, 40.868, -3810214.431, 3567900.662, 3652885.897, -1.517, -0.822, 189.602, -0.209, -1.516, -0.127
194752.0, 2270, 35.16516971, 136.88104472, 40.843, -3810214.518, 3567900.801, 3652885.628, -2.395, -0.853, 192.103, -0.356, -1.477, -0.112
194752.2, 2270, 35.16516709, 136.88104377, 40.823, -3810214.569, 3567900.968, 3652885.378, -2.179,  0.088, 194.961, -0.642, -1.494, -0.069
194752.4, 2270, 35.16516433, 136.88104223, 40.817, -3810214.598, 3567901.187, 3652885.125, -0.985,  0.389, 198.275, -0.743, -1.557, -0.048
194752.6, 2270, 35.16516144, 136.88104075, 40.809, -3810214.636, 3567901.407, 3652884.858, -0.756,  0.848, 201.531, -0.674, -1.632, -0.047
194752.8, 2270, 35.16515844, 136.88103915, 40.801, -3810214.672, 3567901.640, 3652884.581, -1.073,  1.377, 205.257, -0.875, -1.649, -0.055
194753.0, 2270, 35.16515546, 136.88103706, 40.786, -3810214.672, 3567901.901, 3652884.302, -0.963,  1.843, 209.132, -1.056, -1.664, -0.098
194753.2, 2270, 35.16515245, 136.88103459, 40.770, -3810214.649, 3567902.188, 3652884.020, -0.867,  2.259, 213.283, -1.194, -1.665, -0.065
194753.4, 2270, 35.16514943, 136.88103187, 40.752, -3810214.610, 3567902.491, 3652883.735, -1.204,  2.823, 217.482, -1.248, -1.685, -0.171
194753.6, 2270, 35.16514647, 136.88102879, 40.733, -3810214.544, 3567902.815, 3652883.457, -1.507,  3.371, 221.838, -1.595, -1.536,  0.052
194753.8, 2270, 35.16514384, 136.88102503, 40.756, -3810214.447, 3567903.191, 3652883.231, -0.578,  2.950, 226.075, -1.770, -1.375,  0.124
194754.0, 2270, 35.16514141, 136.88102115, 40.767, -3810214.325, 3567903.562, 3652883.017,  0.007,  2.883, 230.164, -1.765, -1.327, -0.005
194754.2, 2270, 35.16513919, 136.88101716, 40.754, -3810214.173, 3567903.917, 3652882.808,  0.376,  3.387, 234.058, -1.850, -1.133, -0.111
194754.4, 2270, 35.16513718, 136.88101290, 40.755, -3810214.001, 3567904.289, 3652882.626,  0.926,  3.538, 238.012, -2.015, -1.100,  0.097
194754.6, 2270, 35.16513520, 136.88100842, 40.771, -3810213.824, 3567904.682, 3652882.456,  0.924,  3.397, 241.446, -2.073, -1.075,  0.050
194754.8, 2270, 35.16513332, 136.88100374, 40.775, -3810213.623, 3567905.078, 3652882.288,  0.749,  3.499, 244.642, -2.203, -0.983,  0.009
194755.0, 2270, 35.16513165, 136.88099872, 40.777, -3810213.389, 3567905.486, 3652882.138,  0.861,  3.572, 247.477, -2.363, -0.873,  0.024
194755.2, 2270, 35.16513013, 136.88099340, 40.787, -3810213.134, 3567905.911, 3652882.005,  1.041,  3.500, 250.187, -2.486, -0.835,  0.057
194755.4, 2270, 35.16512863, 136.88098780, 40.795, -3810212.861, 3567906.354, 3652881.874,  0.732,  3.374, 252.749, -2.630, -0.812,  0.023
194755.6, 2270, 35.16512726, 136.88098183, 40.798, -3810212.555, 3567906.813, 3652881.751,  0.409,  3.238, 255.427, -2.813, -0.690,  0.020
194755.8, 2270, 35.16512616, 136.88097546, 40.805, -3810212.214, 3567907.288, 3652881.655,  0.414,  3.139, 258.207, -2.985, -0.525,  0.052
194756.0, 2270, 35.16512533, 136.88096873, 40.816, -3810211.840, 3567907.778, 3652881.587,  0.614,  3.022, 261.031, -3.145, -0.403,  0.051
194756.2, 2270, 35.16512465, 136.88096165, 40.821, -3810211.434, 3567908.281, 3652881.528,  0.483,  2.963, 263.696, -3.314, -0.337,  0.014
194756.4, 2270, 35.16512415, 136.88095420, 40.822, -3810210.994, 3567908.799, 3652881.483,  0.202,  2.926, 266.234, -3.474, -0.200,  0.002
194756.6, 2270, 35.16512395, 136.88094639, 40.825, -3810210.518, 3567909.329, 3652881.467,  0.156,  2.833, 268.483, -3.643, -0.033,  0.025
194756.8, 2270, 35.16512400, 136.88093821, 40.830, -3810210.010, 3567909.873, 3652881.474,  0.129,  2.668, 270.627, -3.793,  0.087,  0.014
194757.0, 2270, 35.16512427, 136.88092973, 40.831, -3810209.470, 3567910.426, 3652881.499,  0.027,  2.572, 272.587, -3.934,  0.216,  0.006
194757.2, 2270, 35.16512471, 136.88092097, 40.836, -3810208.907, 3567910.992, 3652881.542, -0.178,  2.563, 274.501, -4.065,  0.354,  0.016
194757.4, 2270, 35.16512543, 136.88091197, 40.840, -3810208.315, 3567911.561, 3652881.610, -0.233,  2.763, 276.364, -4.147,  0.499, -0.008
194757.6, 2270, 35.16512642, 136.88090274, 40.843, -3810207.696, 3567912.134, 3652881.701, -0.260,  3.135, 278.070, -4.272,  0.659,  0.006
194757.8, 2270, 35.16512770, 136.88089330, 40.852, -3810207.054, 3567912.711, 3652881.822, -0.086,  3.194, 279.680, -4.319,  0.812,  0.065
194758.0, 2270, 35.16512923, 136.88088392, 40.871, -3810206.409, 3567913.278, 3652881.972,  0.298,  3.001, 281.131, -4.233,  0.925,  0.082
194758.2, 2270, 35.16513084, 136.88087470, 40.889, -3810205.771, 3567913.831, 3652882.128,  0.323,  2.881, 282.350, -4.163,  0.932,  0.075
194758.4, 2270, 35.16513252, 136.88086566, 40.902, -3810205.138, 3567914.366, 3652882.289,  0.223,  2.762, 283.260, -4.060,  1.006,  0.041
194758.6, 2270, 35.16513439, 136.88085686, 40.914, -3810204.509, 3567914.876, 3652882.465,  0.610,  2.723, 283.945, -3.957,  1.110,  0.050
194758.8, 2270, 35.16513635, 136.88084823, 40.929, -3810203.889, 3567915.373, 3652882.651,  1.152,  2.631, 284.382, -3.897,  1.116,  0.073
194759.0, 2270, 35.16513818, 136.88083973, 40.940, -3810203.281, 3567915.864, 3652882.824,  1.179,  2.573, 284.489, -3.836,  0.987,  0.026
194759.2, 2270, 35.16513994, 136.88083141, 40.944, -3810202.683, 3567916.343, 3652882.986,  1.012,  2.771, 284.445, -3.751,  0.973,  0.019
194759.4, 2270, 35.16514173, 136.88082328, 40.951, -3810202.098, 3567916.809, 3652883.152,  1.136,  2.951, 284.129, -3.654,  0.992,  0.039
194759.6, 2270, 35.16514343, 136.88081536, 40.957, -3810201.529, 3567917.265, 3652883.310,  1.201,  3.140, 283.676, -3.576,  0.866,  0.019
194759.8, 2270, 35.16514489, 136.88080761, 40.963, -3810200.982, 3567917.720, 3652883.446,  0.814,  3.251, 283.017, -3.490,  0.764,  0.034
194760.0, 2270, 35.16514622, 136.88080004, 40.973, -3810200.455, 3567918.171, 3652883.572,  0.372,  3.135, 282.259, -3.396,  0.733,  0.063
194760.2, 2270, 35.16514745, 136.88079267, 40.988, -3810199.948, 3567918.616, 3652883.691,  0.233,  2.904, 281.545, -3.294,  0.677,  0.057
194760.4, 2270, 35.16514850, 136.88078557, 40.999, -3810199.463, 3567919.049, 3652883.794, -0.041,  2.697, 280.872, -3.167,  0.551,  0.028
194760.6, 2270, 35.16514935, 136.88077877, 41.007, -3810199.004, 3567919.468, 3652883.876, -0.584,  2.689, 280.205, -3.018,  0.483,  0.018
194760.8, 2270, 35.16515015, 136.88077220, 41.013, -3810198.561, 3567919.873, 3652883.952, -0.945,  2.852, 279.442, -2.960,  0.491,  0.029
194761.0, 2270, 35.16515096, 136.88076571, 41.019, -3810198.123, 3567920.273, 3652884.028, -0.980,  2.880, 278.610, -2.943,  0.469,  0.007
194761.2, 2270, 35.16515168, 136.88075922, 41.019, -3810197.685, 3567920.673, 3652884.094, -1.010,  3.045, 277.699, -3.005,  0.411, -0.020
194761.4, 2270, 35.16515232, 136.88075242, 41.021, -3810197.233, 3567921.098, 3652884.153, -1.111,  2.976, 276.553, -3.185,  0.357,  0.034
194761.6, 2270, 35.16515287, 136.88074537, 41.039, -3810196.779, 3567921.553, 3652884.213, -1.110,  2.278, 275.095, -3.207,  0.304,  0.094
194761.8, 2270, 35.16515327, 136.88073842, 41.053, -3810196.337, 3567922.006, 3652884.257, -0.968,  1.819, 273.285, -3.118,  0.190,  0.024
194762.0, 2270, 35.16515343, 136.88073164, 41.057, -3810195.908, 3567922.452, 3652884.274, -0.896,  1.678, 271.131, -3.061,  0.049, -0.007
194762.2, 2270, 35.16515341, 136.88072503, 41.051, -3810195.495, 3567922.889, 3652884.269, -0.919,  1.742, 268.937, -2.973, -0.081, -0.047
194762.4, 2270, 35.16515317, 136.88071860, 41.043, -3810195.101, 3567923.323, 3652884.242, -1.008,  1.832, 266.734, -2.887, -0.175, -0.035
194762.6, 2270, 35.16515281, 136.88071233, 41.039, -3810194.725, 3567923.753, 3652884.207, -0.800,  1.907, 264.472, -2.826, -0.257, -0.023
194762.8, 2270, 35.16515219, 136.88070626, 41.032, -3810194.371, 3567924.180, 3652884.147, -0.877,  1.950, 262.097, -2.718, -0.418, -0.035
194763.0, 2270, 35.16515135, 136.88070036, 41.027, -3810194.040, 3567924.606, 3652884.069, -0.988,  1.867, 259.652, -2.655, -0.475, -0.001
194763.2, 2270, 35.16515047, 136.88069471, 41.029, -3810193.730, 3567925.022, 3652883.990, -0.594,  1.805, 257.282, -2.482, -0.538,  0.008
194763.4, 2270, 35.16514940, 136.88068949, 41.029, -3810193.455, 3567925.415, 3652883.893, -0.447,  1.642, 254.768, -2.253, -0.658, -0.022
194763.6, 2270, 35.16514816, 136.88068477, 41.025, -3810193.217, 3567925.781, 3652883.778, -0.594,  1.707, 252.070, -2.085, -0.691,  0.004
194763.8, 2270, 35.16514686, 136.88068029, 41.024, -3810192.998, 3567926.135, 3652883.659, -0.412,  1.860, 249.289, -1.991, -0.774, -0.023
194764.0, 2270, 35.16514536, 136.88067607, 41.015, -3810192.800, 3567926.477, 3652883.518, -0.493,  1.976, 246.219, -1.859, -0.894, -0.070
194764.2, 2270, 35.16514367, 136.88067206, 41.004, -3810192.622, 3567926.811, 3652883.358, -0.657,  2.192, 243.006, -1.823, -0.964, -0.027
194764.4, 2270, 35.16514191, 136.88066809, 41.002, -3810192.456, 3567927.151, 3652883.198, -0.285,  2.277, 239.528, -1.770, -1.023,  0.002
194764.6, 2270, 35.16513992, 136.88066429, 41.005, -3810192.314, 3567927.492, 3652883.019, -0.034,  2.357, 235.804, -1.688, -1.198,  0.007
194764.8, 2270, 35.16513759, 136.88066070, 41.000, -3810192.196, 3567927.829, 3652882.804, -0.256,  2.356, 231.734, -1.575, -1.384, -0.064
194765.0, 2270, 35.16513500, 136.88065727, 40.990, -3810192.097, 3567928.165, 3652882.564, -0.439,  2.518, 227.488, -1.567, -1.488, -0.016
194765.2, 2270, 35.16513218, 136.88065386, 40.991, -3810192.017, 3567928.515, 3652882.308, -0.272,  2.421, 223.215, -1.524, -1.649,  0.013
194765.4, 2270, 35.16512902, 136.88065061, 40.991, -3810191.962, 3567928.870, 3652882.022, -0.200,  2.342, 218.830, -1.444, -1.867, -0.004
194765.6, 2270, 35.16512544, 136.88064751, 40.990, -3810191.936, 3567929.231, 3652881.697, -0.246,  2.231, 214.495, -1.383, -2.095, -0.013
194765.8, 2270, 35.16512143, 136.88064457, 40.987, -3810191.938, 3567929.600, 3652881.331, -0.391,  2.153, 210.251, -1.306, -2.360, -0.022
194766.0, 2270, 35.16511692, 136.88064178, 40.980, -3810191.970, 3567929.979, 3652880.919, -0.603,  2.132, 206.395, -1.249, -2.640, -0.035
194766.2, 2270, 35.16511191, 136.88063907, 40.974, -3810192.031, 3567930.375, 3652880.460, -0.727,  2.086, 203.013, -1.217, -2.920, -0.029
194766.4, 2270, 35.16510639, 136.88063646, 40.966, -3810192.122, 3567930.785, 3652879.955, -0.791,  2.124, 200.122, -1.154, -3.212, -0.047
194766.6, 2270, 35.16510031, 136.88063398, 40.957, -3810192.245, 3567931.210, 3652879.399, -0.924,  2.089, 197.658, -1.113, -3.525, -0.039
194766.8, 2270, 35.16509371, 136.88063161, 40.947, -3810192.400, 3567931.651, 3652878.795, -1.032,  1.985, 195.649, -1.052, -3.800, -0.052
194767.0, 2270, 35.16508662, 136.88062932, 40.939, -3810192.583, 3567932.108, 3652878.147, -1.081,  1.906, 194.033, -1.026, -4.063, -0.040
194767.2, 2270, 35.16507905, 136.88062709, 40.930, -3810192.792, 3567932.582, 3652877.455, -1.092,  1.792, 192.756, -0.998, -4.336, -0.058
194767.4, 2270, 35.16507104, 136.88062494, 40.916, -3810193.023, 3567933.066, 3652876.720, -1.133,  1.879, 191.806, -0.969, -4.562, -0.074
194767.6, 2270, 35.16506258, 136.88062282, 40.902, -3810193.278, 3567933.570, 3652875.945, -1.207,  1.968, 191.107, -0.970, -4.824, -0.049
194767.8, 2270, 35.16505370, 136.88062066, 40.891, -3810193.550, 3567934.095, 3652875.133, -1.085,  2.132, 190.587, -0.998, -5.033, -0.072
194768.0, 2270, 35.16504440, 136.88061848, 40.880, -3810193.842, 3567934.640, 3652874.283, -0.993,  2.272, 190.096, -0.964, -5.288, -0.046
194768.2, 2270, 35.16503466, 136.88061636, 40.872, -3810194.159, 3567935.202, 3652873.395, -1.072,  2.332, 189.814, -0.979, -5.518, -0.033
194768.4, 2270, 35.16502454, 136.88061416, 40.866, -3810194.491, 3567935.787, 3652872.474, -1.057,  2.428, 189.683, -1.029, -5.721, -0.009
194768.6, 2270, 35.16501404, 136.88061187, 40.864, -3810194.837, 3567936.396, 3652871.521, -0.961,  2.503, 189.587, -1.047, -5.915, -0.021
194768.8, 2270, 35.16500318, 136.88060957, 40.861, -3810195.198, 3567937.022, 3652870.534, -0.979,  2.530, 189.474, -1.056, -6.141, -0.004
194769.0, 2270, 35.16499194, 136.88060725, 40.859, -3810195.576, 3567937.666, 3652869.514, -1.142,  2.466, 189.368, -1.067, -6.318, -0.007
194769.2, 2270, 35.16498037, 136.88060487, 40.857, -3810195.967, 3567938.328, 3652868.462, -1.326,  2.437, 189.368, -1.093, -6.520, -0.025
194769.4, 2270, 35.16496845, 136.88060241, 40.852, -3810196.367, 3567939.010, 3652867.379, -1.473,  2.393, 189.476, -1.152, -6.692, -0.009
194769.6, 2270, 35.16495629, 136.88059982, 40.852, -3810196.772, 3567939.713, 3652866.276, -1.454,  2.317, 189.554, -1.202, -6.803, -0.001
194769.8, 2270, 35.16494393, 136.88059716, 40.848, -3810197.181, 3567940.428, 3652865.153, -1.463,  2.234, 189.611, -1.225, -6.915, -0.017
194770.0, 2270, 35.16493136, 136.88059444, 40.845, -3810197.596, 3567941.156, 3652864.011, -1.410,  2.084, 189.680, -1.252, -7.019, -0.023
194770.2, 2270, 35.16491861, 136.88059165, 40.838, -3810198.013, 3567941.894, 3652862.851, -1.374,  2.003, 189.751, -1.286, -7.118, -0.042
194770.4, 2270, 35.16490568, 136.88058881, 40.827, -3810198.432, 3567942.642, 3652861.672, -1.353,  2.037, 189.806, -1.310, -7.228, -0.055
194770.6, 2270, 35.16489255, 136.88058593, 40.816, -3810198.858, 3567943.401, 3652860.474, -1.427,  2.003, 189.855, -1.316, -7.330, -0.058
194770.8, 2270, 35.16487928, 136.88058299, 40.806, -3810199.289, 3567944.171, 3652859.265, -1.390,  2.120, 189.829, -1.376, -7.385, -0.040
194771.0, 2270, 35.16486587, 136.88058001, 40.798, -3810199.724, 3567944.950, 3652858.044, -1.144,  2.239, 189.249, -1.303, -7.505, -0.038
194771.2, 2270, 35.16485222, 136.88057729, 40.792, -3810200.188, 3567945.724, 3652856.802, -1.286,  2.129, 188.554, -1.173, -7.629, -0.027
194771.4, 2270, 35.16483839, 136.88057477, 40.783, -3810200.670, 3567946.491, 3652855.543, -1.505,  2.255, 188.089, -1.133, -7.720, -0.054
194771.6, 2270, 35.16482432, 136.88057229, 40.775, -3810201.168, 3567947.265, 3652854.262, -1.609,  2.146, 187.692, -1.136, -7.871, -0.020
194771.8, 2270, 35.16481005, 136.88056982, 40.772, -3810201.677, 3567948.050, 3652852.967, -1.503,  1.995, 187.405, -1.098, -7.945, -0.048
194772.0, 2270, 35.16479565, 136.88056743, 40.759, -3810202.192, 3567948.831, 3652851.653, -1.493,  2.293, 187.207, -1.093, -8.061, -0.056
194772.2, 2270, 35.16478099, 136.88056503, 40.754, -3810202.724, 3567949.628, 3652850.320, -1.407,  2.201, 187.089, -1.097, -8.206, -0.007
194772.4, 2270, 35.16476612, 136.88056263, 40.750, -3810203.265, 3567950.435, 3652848.970, -1.306,  2.117, 186.994, -1.098, -8.283, -0.034
194772.6, 2270, 35.16475110, 136.88056022, 40.742, -3810203.811, 3567951.247, 3652847.602, -1.218,  2.239, 186.896, -1.080, -8.393, -0.049
194772.8, 2270, 35.16473585, 136.88055783, 40.735, -3810204.369, 3567952.068, 3652846.216, -1.140,  2.233, 186.780, -1.084, -8.517, -0.024
194773.0, 2270, 35.16472041, 136.88055545, 40.731, -3810204.939, 3567952.898, 3652844.813, -1.088,  2.171, 186.549, -1.061, -8.607, -0.033
194773.2, 2270, 35.16470480, 136.88055318, 40.723, -3810205.520, 3567953.726, 3652843.392, -1.183,  2.293, 186.276, -1.018, -8.725, -0.046
194773.4, 2270, 35.16468895, 136.88055098, 40.717, -3810206.120, 3567954.562, 3652841.951, -1.313,  2.157, 186.030, -0.991, -8.850, -0.023
194773.6, 2270, 35.16467293, 136.88054881, 40.710, -3810206.728, 3567955.402, 3652840.494, -1.347,  2.173, 185.784, -0.978, -8.939, -0.042
194773.8, 2270, 35.16465671, 136.88054668, 40.703, -3810207.347, 3567956.248, 3652839.019, -1.293,  2.138, 185.536, -0.961, -9.055, -0.025
194774.0, 2270, 35.16464032, 136.88054460, 40.696, -3810207.978, 3567957.098, 3652837.528, -1.167,  2.086, 185.304, -0.932, -9.131, -0.043
194774.2, 2270, 35.16462377, 136.88054265, 40.688, -3810208.624, 3567957.946, 3652836.023, -1.139,  2.171, 185.052, -0.897, -9.230, -0.049
194774.4, 2270, 35.16460703, 136.88054080, 40.683, -3810209.286, 3567958.798, 3652834.501, -1.156,  2.131, 184.805, -0.856, -9.333, -0.034
194774.6, 2270, 35.16459011, 136.88053901, 40.677, -3810209.960, 3567959.652, 3652832.964, -1.185,  2.125, 184.596, -0.821, -9.424, -0.043
194774.8, 2270, 35.16457304, 136.88053728, 40.670, -3810210.644, 3567960.509, 3652831.411, -1.203,  2.140, 184.402, -0.806, -9.505, -0.044
194775.0, 2270, 35.16455580, 136.88053559, 40.664, -3810211.339, 3567961.370, 3652829.845, -1.197,  2.186, 184.217, -0.789, -9.612, -0.032
194775.2, 2270, 35.16453839, 136.88053389, 40.658, -3810212.042, 3567962.241, 3652828.263, -1.180,  2.013, 184.038, -0.776, -9.697, -0.027
194775.4, 2270, 35.16452089, 136.88053223, 40.649, -3810212.749, 3567963.110, 3652826.670, -1.115,  2.014, 183.862, -0.739, -9.721, -0.061
194775.6, 2270, 35.16450333, 136.88053063, 40.639, -3810213.463, 3567963.978, 3652825.071, -1.065,  2.135, 183.687, -0.713, -9.770, -0.039
194775.8, 2270, 35.16448567, 136.88052908, 40.633, -3810214.186, 3567964.850, 3652823.466, -0.950,  2.074, 183.529, -0.712, -9.811, -0.011
194776.0, 2270, 35.16446794, 136.88052754, 40.629, -3810214.915, 3567965.724, 3652821.856, -0.712,  1.920, 183.385, -0.678, -9.857, -0.041
194776.2, 2270, 35.16445015, 136.88052617, 40.618, -3810215.653, 3567966.585, 3652820.236, -0.785,  1.980, 183.202, -0.620, -9.880, -0.095
194776.4, 2270, 35.16443227, 136.88052487, 40.605, -3810216.397, 3567967.446, 3652818.607, -0.752,  2.321, 183.034, -0.607, -9.981, -0.050
194776.6, 2270, 35.16441419, 136.88052364, 40.603, -3810217.164, 3567968.317, 3652816.966, -0.817,  2.303, 182.872, -0.587, -10.076,  0.004
194776.8, 2270, 35.16439593, 136.88052243, 40.606, -3810217.941, 3567969.195, 3652815.312, -0.808,  2.148, 182.692, -0.543, -10.179, -0.019
194777.0, 2270, 35.16437755, 136.88052130, 40.602, -3810218.726, 3567970.071, 3652813.642, -0.821,  2.060, 182.451, -0.521, -10.205, -0.058
194777.2, 2270, 35.16435910, 136.88052027, 40.587, -3810219.514, 3567970.938, 3652811.960, -1.030,  2.344, 182.102, -0.454, -10.307, -0.040
194777.4, 2270, 35.16434039, 136.88051933, 40.583, -3810220.326, 3567971.815, 3652810.261, -1.125,  2.034, 181.786, -0.387, -10.409, -0.020
194777.6, 2270, 35.16432160, 136.88051850, 40.574, -3810221.144, 3567972.685, 3652808.551, -1.140,  2.087, 181.489, -0.360, -10.437, -0.072
194777.8, 2270, 35.16430270, 136.88051777, 40.562, -3810221.973, 3567973.553, 3652806.830, -1.157,  2.334, 181.194, -0.304, -10.543, -0.033
194778.0, 2270, 35.16428363, 136.88051720, 40.559, -3810222.825, 3567974.422, 3652805.099, -1.364,  2.186, 180.933, -0.218, -10.594, -0.016
194778.2, 2270, 35.16426452, 136.88051676, 40.555, -3810223.687, 3567975.284, 3652803.363, -1.646,  2.186, 180.738, -0.191, -10.621, -0.025
194778.4, 2270, 35.16424535, 136.88051633, 40.550, -3810224.551, 3567976.147, 3652801.622, -1.629,  2.162, 180.608, -0.205, -10.657, -0.024
194778.6, 2270, 35.16422609, 136.88051587, 40.546, -3810225.419, 3567977.016, 3652799.873, -1.422,  2.074, 180.491, -0.214, -10.712, -0.009
194778.8, 2270, 35.16420675, 136.88051546, 40.540, -3810226.292, 3567977.884, 3652798.115, -1.261,  1.873, 180.371, -0.164, -10.718, -0.059
194779.0, 2270, 35.16418742, 136.88051519, 40.525, -3810227.167, 3567978.739, 3652796.353, -1.384,  1.950, 180.215, -0.102, -10.725, -0.082
194779.2, 2270, 35.16416809, 136.88051507, 40.513, -3810228.053, 3567979.584, 3652794.593, -1.549,  2.281, 180.036, -0.071, -10.727, -0.046
194779.4, 2270, 35.16414867, 136.88051498, 40.513, -3810228.954, 3567980.438, 3652792.832, -1.531,  2.184, 179.890, -0.069, -10.803,  0.022
194779.6, 2270, 35.16412915, 136.88051493, 40.515, -3810229.862, 3567981.295, 3652791.062, -1.463,  1.722, 179.743, -0.031, -10.823, -0.043
194779.8, 2270, 35.16410968, 136.88051499, 40.497, -3810230.764, 3567982.132, 3652789.287, -1.609,  1.809, 179.558,  0.024, -10.772, -0.133
194780.0, 2270, 35.16409024, 136.88051517, 40.477, -3810231.669, 3567982.957, 3652787.512, -1.884,  2.329, 179.354,  0.056, -10.788, -0.064
194780.2, 2270, 35.16407074, 136.88051545, 40.477, -3810232.596, 3567983.790, 3652785.743, -2.147,  2.570, 179.138,  0.111, -10.864,  0.052
194780.4, 2270, 35.16405114, 136.88051577, 40.490, -3810233.538, 3567984.632, 3652783.973, -2.218,  2.312, 178.956,  0.113, -10.846,  0.053
194780.6, 2270, 35.16403163, 136.88051604, 40.500, -3810234.471, 3567985.472, 3652782.209, -1.825,  2.607, 178.816,  0.104, -10.833,  0.028
194780.8, 2270, 35.16401204, 136.88051638, 40.514, -3810235.414, 3567986.312, 3652780.441, -1.627,  2.498, 178.667,  0.151, -10.889,  0.078
194781.0, 2270, 35.16399240, 136.88051683, 40.527, -3810236.366, 3567987.148, 3652778.666, -1.551,  2.125, 178.532,  0.218, -10.893,  0.021
194781.2, 2270, 35.16397277, 136.88051734, 40.522, -3810237.310, 3567987.968, 3652776.883, -1.707,  1.971, 178.427,  0.243, -10.910, -0.062
194781.4, 2270, 35.16395301, 136.88051782, 40.510, -3810238.254, 3567988.793, 3652775.085, -1.544,  1.375, 178.355,  0.214, -10.989, -0.069
194781.6, 2270, 35.16393326, 136.88051827, 40.479, -3810239.186, 3567989.608, 3652773.275, -1.305,  1.097, 178.379,  0.212, -10.902, -0.249
194781.8, 2270, 35.16391361, 136.88051875, 40.434, -3810240.104, 3567990.409, 3652771.467, -1.274,  1.858, 178.511,  0.212, -10.943, -0.170
194782.0, 2270, 35.16389378, 136.88051918, 40.414, -3810241.045, 3567991.235, 3652769.657, -1.279,  1.836, 178.722,  0.199, -11.044, -0.051
194782.2, 2270, 35.16387384, 136.88051954, 40.401, -3810241.989, 3567992.075, 3652767.841, -1.294,  1.437, 178.920,  0.135, -11.075, -0.095
194782.4, 2270, 35.16385387, 136.88051982, 40.371, -3810242.920, 3567992.912, 3652766.013, -1.340,  1.202, 179.116,  0.116, -11.076, -0.207
194782.6, 2270, 35.16383388, 136.88051998, 40.330, -3810243.838, 3567993.751, 3652764.176, -1.288,  1.238, 179.311,  0.076, -11.134, -0.224
194782.8, 2270, 35.16381383, 136.88052010, 40.289, -3810244.756, 3567994.596, 3652762.333, -1.344,  1.226, 179.476,  0.010, -11.098, -0.208
194783.0, 2270, 35.16379377, 136.88052012, 40.249, -3810245.669, 3567995.448, 3652760.491, -1.279,  1.601, 179.564, -0.015, -11.199, -0.129
194783.2, 2270, 35.16377357, 136.88052007, 40.223, -3810246.592, 3567996.319, 3652758.644, -1.064,  1.468, 179.664, -0.018, -11.222, -0.146
194783.4, 2270, 35.16375329, 136.88052000, 40.194, -3810247.516, 3567997.193, 3652756.788, -0.996,  1.241, 179.760, -0.040, -11.261, -0.159
194783.6, 2270, 35.16373299, 136.88051991, 40.155, -3810248.434, 3567998.064, 3652754.925, -0.999,  1.233, 179.849, -0.028, -11.270, -0.225
194783.8, 2270, 35.16371262, 136.88051980, 40.113, -3810249.352, 3567998.938, 3652753.053, -1.020,  1.217, 179.854, -0.064, -11.332, -0.198
194784.0, 2270, 35.16369221, 136.88051967, 40.074, -3810250.273, 3567999.816, 3652751.179, -0.860,  1.224, 179.609, -0.044, -11.326, -0.207
194784.2, 2270, 35.16367175, 136.88051969, 40.032, -3810251.203, 3568000.685, 3652749.299, -0.887,  1.341, 179.329,  0.032, -11.384, -0.176
194784.4, 2270, 35.16365115, 136.88051982, 39.994, -3810252.149, 3568001.555, 3652747.410, -0.862,  1.097, 179.076,  0.087, -11.448, -0.195
194784.6, 2270, 35.16363052, 136.88052008, 39.949, -3810253.101, 3568002.414, 3652745.512, -0.920,  1.055, 178.921,  0.144, -11.454, -0.262
194784.8, 2270, 35.16360982, 136.88052042, 39.899, -3810254.058, 3568003.267, 3652743.606, -1.111,  1.187, 178.954,  0.141, -11.518, -0.224
194785.0, 2270, 35.16358897, 136.88052071, 39.855, -3810255.021, 3568004.133, 3652741.689, -1.130,  0.932, 179.057,  0.112, -11.604, -0.245
194785.2, 2270, 35.16356804, 136.88052098, 39.805, -3810255.985, 3568005.001, 3652739.763, -1.067,  0.890, 179.166,  0.072, -11.638, -0.281
194785.4, 2270, 35.16354701, 136.88052119, 39.751, -3810256.947, 3568005.876, 3652737.824, -0.909,  0.938, 179.198,  0.069, -11.713, -0.277
194785.6, 2270, 35.16352584, 136.88052144, 39.698, -3810257.917, 3568006.754, 3652735.873, -0.979,  0.924, 179.171,  0.103, -11.767, -0.289
194785.8, 2270, 35.16350451, 136.88052175, 39.642, -3810258.899, 3568007.634, 3652733.906, -1.169,  0.798, 179.143,  0.103, -11.904, -0.287
194786.0, 2270, 35.16348296, 136.88052205, 39.581, -3810259.885, 3568008.521, 3652731.917, -1.223,  0.480, 179.119,  0.110, -12.006, -0.373
194786.2, 2270, 35.16346126, 136.88052222, 39.504, -3810260.863, 3568009.414, 3652729.905, -1.018,  0.389, 178.991,  0.091, -12.108, -0.402
194786.4, 2270, 35.16343933, 136.88052247, 39.423, -3810261.853, 3568010.310, 3652727.869, -0.856, -0.103, 178.817,  0.144, -12.200, -0.453
194786.6, 2270, 35.16341737, 136.88052287, 39.324, -3810262.842, 3568011.187, 3652725.820, -0.986, -0.106, 178.651,  0.209, -12.188, -0.523
194786.8, 2270, 35.16339533, 136.88052331, 39.224, -3810263.838, 3568012.065, 3652723.764, -0.950, -0.100, 178.562,  0.232, -12.286, -0.470
194787.0, 2270, 35.16337317, 136.88052378, 39.126, -3810264.842, 3568012.946, 3652721.697, -0.907, -0.453, 178.596,  0.186, -12.258, -0.524
194787.2, 2270, 35.16335106, 136.88052419, 39.017, -3810265.834, 3568013.824, 3652719.629, -0.772, -0.340, 178.674,  0.188, -12.321, -0.539
194787.4, 2270, 35.16332881, 136.88052463, 38.905, -3810266.833, 3568014.704, 3652717.546, -0.896, -0.784, 178.738,  0.218, -12.333, -0.618
194787.6, 2270, 35.16330658, 136.88052514, 38.776, -3810267.824, 3568015.569, 3652715.456, -1.361, -0.731, 178.772,  0.246, -12.368, -0.659
194787.8, 2270, 35.16328426, 136.88052561, 38.646, -3810268.817, 3568016.440, 3652713.357, -1.617, -0.815, 178.826,  0.172, -12.400, -0.655
194788.0, 2270, 35.16326188, 136.88052598, 38.516, -3810269.806, 3568017.320, 3652711.252, -1.624, -0.711, 178.862,  0.163, -12.486, -0.641
194788.2, 2270, 35.16323925, 136.88052627, 38.388, -3810270.803, 3568018.217, 3652709.126, -1.438, -1.438, 178.948,  0.106, -12.532, -0.691
194788.4, 2270, 35.16321673, 136.88052651, 38.234, -3810271.777, 3568019.099, 3652706.994, -1.247, -1.166, 179.001,  0.128, -12.478, -0.805
194788.6, 2270, 35.16319411, 136.88052678, 38.083, -3810272.759, 3568019.984, 3652704.856, -1.282, -0.953, 179.032,  0.148, -12.585, -0.710
194788.8, 2270, 35.16317132, 136.88052704, 37.945, -3810273.755, 3568020.885, 3652702.709, -1.252, -1.182, 179.093,  0.156, -12.701, -0.693
194789.0, 2270, 35.16314844, 136.88052735, 37.796, -3810274.752, 3568021.780, 3652700.548, -1.523, -1.636, 179.111,  0.126, -12.653, -0.813
194789.2, 2270, 35.16312567, 136.88052765, 37.632, -3810275.735, 3568022.663, 3652698.389, -1.538, -1.370, 179.140,  0.114, -12.611, -0.809
194789.4, 2270, 35.16310292, 136.88052795, 37.480, -3810276.723, 3568023.552, 3652696.238, -1.564, -1.137, 179.093,  0.101, -12.644, -0.729
194789.6, 2270, 35.16308010, 136.88052833, 37.337, -3810277.726, 3568024.443, 3652694.086, -1.868, -1.531, 179.038,  0.165, -12.614, -0.746
194789.8, 2270, 35.16305748, 136.88052878, 37.182, -3810278.717, 3568025.314, 3652691.945, -2.209, -1.193, 178.896,  0.188, -12.503, -0.790
194790.0, 2270, 35.16303485, 136.88052930, 37.034, -3810279.717, 3568026.186, 3652689.807, -2.475, -1.341, 178.620,  0.244, -12.575, -0.710
194790.2, 2270, 35.16301232, 136.88053000, 36.881, -3810280.719, 3568027.038, 3652687.675, -3.014, -1.519, 178.157,  0.322, -12.421, -0.795
194790.4, 2270, 35.16298994, 136.88053086, 36.724, -3810281.723, 3568027.870, 3652685.555, -3.271, -1.314, 177.606,  0.422, -12.385, -0.762
194790.6, 2270, 35.16296763, 136.88053187, 36.576, -3810282.739, 3568028.695, 3652683.446, -3.076, -1.236, 176.921,  0.524, -12.363, -0.716
194790.8, 2270, 35.16294538, 136.88053327, 36.432, -3810283.777, 3568029.492, 3652681.345, -3.207, -1.322, 176.125,  0.749, -12.348, -0.729
194791.0, 2270, 35.16292320, 136.88053513, 36.283, -3810284.838, 3568030.254, 3652679.248, -3.533, -1.610, 175.286,  0.963, -12.235, -0.806
194791.2, 2270, 35.16290122, 136.88053745, 36.125, -3810285.914, 3568030.972, 3652677.163, -3.855, -1.370, 174.329,  1.117, -12.171, -0.785
194791.4, 2270, 35.16287927, 136.88054012, 35.976, -3810287.015, 3568031.669, 3652675.087, -3.774, -1.453, 173.361,  1.271, -12.150, -0.737
194791.6, 2270, 35.16285742, 136.88054318, 35.830, -3810288.137, 3568032.339, 3652673.021, -3.531, -1.496, 172.395,  1.486, -12.126, -0.742
194791.8, 2270, 35.16283565, 136.88054671, 35.680, -3810289.282, 3568032.971, 3652670.960, -3.473, -1.549, 171.409,  1.723, -12.026, -0.802
194792.0, 2270, 35.16281398, 136.88055069, 35.525, -3810290.449, 3568033.566, 3652668.906, -3.428, -1.469, 170.450,  1.904, -11.999, -0.777
194792.2, 2270, 35.16279238, 136.88055507, 35.372, -3810291.638, 3568034.132, 3652666.858, -3.431, -1.528, 169.508,  2.101, -11.947, -0.764
194792.4, 2270, 35.16277086, 136.88055986, 35.218, -3810292.848, 3568034.668, 3652664.818, -3.402, -1.521, 168.572,  2.312, -11.906, -0.781
194792.6, 2270, 35.16274942, 136.88056513, 35.062, -3810294.083, 3568035.166, 3652662.783, -3.572, -1.615, 167.644,  2.499, -11.850, -0.796
194792.8, 2270, 35.16272814, 136.88057087, 34.900, -3810295.336, 3568035.624, 3652660.760, -3.958, -1.337, 166.696,  2.716, -11.790, -0.794
194793.0, 2270, 35.16270687, 136.88057694, 34.751, -3810296.617, 3568036.066, 3652658.745, -3.873, -1.169, 165.763,  2.873, -11.826, -0.722
194793.2, 2270, 35.16268557, 136.88058342, 34.609, -3810297.929, 3568036.485, 3652656.731, -3.727, -1.151, 164.828,  3.044, -11.801, -0.721
194793.4, 2270, 35.16266425, 136.88059040, 34.465, -3810299.272, 3568036.872, 3652654.715, -3.727, -1.173, 163.893,  3.279, -11.829, -0.716
194793.6, 2270, 35.16264296, 136.88059781, 34.319, -3810300.639, 3568037.227, 3652652.700, -3.666, -0.873, 162.933,  3.459, -11.755, -0.732
194793.8, 2270, 35.16262168, 136.88060568, 34.183, -3810302.041, 3568037.558, 3652650.691, -3.588, -0.239, 161.936,  3.682, -11.896, -0.570
194794.0, 2270, 35.16260020, 136.88061412, 34.069, -3810303.500, 3568037.871, 3652648.677, -3.545, -0.550, 160.995,  3.988, -11.869, -0.619
194794.2, 2270, 35.16257877, 136.88062312, 33.948, -3810304.988, 3568038.140, 3652646.664, -3.601, -0.404, 160.025,  4.181, -11.868, -0.611
194794.4, 2270, 35.16255746, 136.88063259, 33.831, -3810306.502, 3568038.375, 3652644.663, -3.739,  0.614, 158.999,  4.410, -11.874, -0.526
194794.6, 2270, 35.16253595, 136.88064264, 33.749, -3810308.082, 3568038.601, 3652642.665, -3.732,  0.494, 157.979,  4.677, -11.927, -0.400
194794.8, 2270, 35.16251446, 136.88065321, 33.672, -3810309.697, 3568038.793, 3652640.672, -3.672,  0.524, 156.958,  4.871, -11.942, -0.373
194795.0, 2270, 35.16249298, 136.88066425, 33.597, -3810311.340, 3568038.955, 3652638.680, -3.349,  0.725, 155.975,  5.093, -11.902, -0.394
194795.2, 2270, 35.16247153, 136.88067582, 33.526, -3810313.019, 3568039.083, 3652636.694, -3.206,  0.990, 154.996,  5.374, -11.921, -0.321
194795.4, 2270, 35.16245011, 136.88068794, 33.467, -3810314.737, 3568039.179, 3652634.718, -3.193,  1.271, 154.093,  5.612, -11.860, -0.290
194795.6, 2270, 35.16242874, 136.88070055, 33.419, -3810316.491, 3568039.247, 3652632.752, -3.288,  1.544, 153.295,  5.815, -11.872, -0.199
194795.8, 2270, 35.16240737, 136.88071359, 33.385, -3810318.279, 3568039.294, 3652630.794, -3.286,  1.738, 152.638,  5.992, -11.846, -0.159
194796.0, 2270, 35.16238600, 136.88072694, 33.361, -3810320.093, 3568039.326, 3652628.841, -3.099,  1.935, 152.048,  6.117, -11.867, -0.085
194796.2, 2270, 35.16236461, 136.88074054, 33.345, -3810321.928, 3568039.347, 3652626.892, -2.861,  2.073, 151.488,  6.277, -11.872, -0.058
194796.4, 2270, 35.16234320, 136.88075447, 33.334, -3810323.787, 3568039.349, 3652624.945, -2.663,  1.934, 150.955,  6.437, -11.864, -0.072
194796.6, 2270, 35.16232186, 136.88076870, 33.318, -3810325.659, 3568039.326, 3652622.999, -2.543,  1.991, 150.462,  6.556, -11.822, -0.098
194796.8, 2270, 35.16230054, 136.88078320, 33.303, -3810327.548, 3568039.284, 3652621.057, -2.430,  2.116, 150.008,  6.659, -11.825, -0.058
194797.0, 2270, 35.16227920, 136.88079793, 33.295, -3810329.456, 3568039.232, 3652619.117, -2.198,  2.172, 149.750,  6.756, -11.846, -0.016
194797.2, 2270, 35.16225778, 136.88081287, 33.289, -3810331.381, 3568039.172, 3652617.171, -1.997,  1.900, 149.577,  6.858, -11.903, -0.041
194797.4, 2270, 35.16223637, 136.88082792, 33.270, -3810333.306, 3568039.095, 3652615.218, -1.871,  1.963, 149.400,  6.869, -11.888, -0.116
194797.6, 2270, 35.16221493, 136.88084313, 33.251, -3810335.241, 3568039.009, 3652613.263, -1.883,  2.124, 149.220,  6.977, -11.900, -0.071
194797.8, 2270, 35.16219344, 136.88085849, 33.243, -3810337.195, 3568038.921, 3652611.308, -1.821,  2.141, 149.043,  7.016, -11.968, -0.010
194798.0, 2270, 35.16217184, 136.88087396, 33.236, -3810339.162, 3568038.832, 3652609.346, -1.575,  1.936, 148.918,  7.083, -11.986, -0.070
194798.2, 2270, 35.16215024, 136.88088953, 33.218, -3810341.128, 3568038.729, 3652607.376, -1.479,  2.087, 148.808,  7.114, -11.982, -0.108
194798.4, 2270, 35.16212859, 136.88090526, 33.203, -3810343.108, 3568038.621, 3652605.404, -1.542,  2.123, 148.769,  7.199, -12.036, -0.043
194798.6, 2270, 35.16210685, 136.88092110, 33.193, -3810345.103, 3568038.511, 3652603.426, -1.689,  2.046, 148.770,  7.243, -12.075, -0.059
194798.8, 2270, 35.16208505, 136.88093699, 33.180, -3810347.101, 3568038.399, 3652601.442, -1.817,  2.008, 148.739,  7.225, -12.102, -0.069
194799.0, 2270, 35.16206324, 136.88095285, 33.167, -3810349.098, 3568038.290, 3652599.456, -1.770,  2.121, 148.719,  7.254, -12.100, -0.054
194799.2, 2270, 35.16204141, 136.88096874, 33.160, -3810351.102, 3568038.182, 3652597.472, -1.762,  2.120, 148.701,  7.235, -12.120, -0.017
194799.4, 2270, 35.16201956, 136.88098464, 33.155, -3810353.108, 3568038.076, 3652595.487, -1.696,  1.884, 148.712,  7.223, -12.098, -0.058
194799.6, 2270, 35.16199780, 136.88100047, 33.139, -3810355.099, 3568037.965, 3652593.504, -1.640,  2.055, 148.694,  7.231, -12.042, -0.080
194799.8, 2270, 35.16197611, 136.88101631, 33.129, -3810357.091, 3568037.853, 3652591.531, -1.764,  2.293, 148.696,  7.211, -12.037, -0.020
194800.0, 2270, 35.16195436, 136.88103220, 33.128, -3810359.094, 3568037.746, 3652589.559, -1.899,  1.929, 148.739,  7.236, -12.074, -0.025
194800.2, 2270, 35.16193266, 136.88104797, 33.116, -3810361.081, 3568037.638, 3652587.582, -1.789,  1.831, 148.762,  7.164, -12.015, -0.112
194800.4, 2270, 35.16191100, 136.88106366, 33.097, -3810363.056, 3568037.530, 3652585.607, -1.625,  2.046, 148.745,  7.115, -12.014, -0.070
194800.6, 2270, 35.16188933, 136.88107937, 33.087, -3810365.039, 3568037.426, 3652583.636, -1.492,  1.952, 148.762,  7.166, -12.037, -0.034
194800.8, 2270, 35.16186770, 136.88109507, 33.075, -3810367.019, 3568037.320, 3652581.667, -1.447,  1.923, 148.774,  7.152, -11.986, -0.079
194801.0, 2270, 35.16184611, 136.88111074, 33.059, -3810368.993, 3568037.211, 3652579.700, -1.447,  1.980, 148.791,  7.140, -11.970, -0.082
194801.2, 2270, 35.16182459, 136.88112639, 33.046, -3810370.963, 3568037.103, 3652577.740, -1.560,  2.074, 148.771,  7.117, -11.904, -0.063
194801.4, 2270, 35.16180313, 136.88114200, 33.040, -3810372.932, 3568036.999, 3652575.790, -1.580,  2.028, 148.741,  7.082, -11.874, -0.013
194801.6, 2270, 35.16178177, 136.88115754, 33.033, -3810374.892, 3568036.895, 3652573.849, -1.567,  2.056, 148.689,  7.075, -11.833, -0.028
194801.8, 2270, 35.16176049, 136.88117305, 33.027, -3810376.846, 3568036.788, 3652571.916, -1.607,  1.906, 148.644,  7.085, -11.765, -0.040
194802.0, 2270, 35.16173941, 136.88118847, 33.017, -3810378.784, 3568036.678, 3652569.998, -1.668,  1.749, 148.598,  6.964, -11.604, -0.068
194802.2, 2270, 35.16171859, 136.88120371, 33.003, -3810380.696, 3568036.566, 3652568.102, -1.704,  1.794, 148.527,  6.920, -11.480, -0.052
194802.4, 2270, 35.16169805, 136.88121879, 32.992, -3810382.586, 3568036.454, 3652566.232, -1.690,  1.760, 148.462,  6.826, -11.315, -0.051
194802.6, 2270, 35.16167784, 136.88123368, 32.980, -3810384.449, 3568036.339, 3652564.393, -1.790,  1.761, 148.386,  6.720, -11.110, -0.061
194802.8, 2270, 35.16165799, 136.88124832, 32.971, -3810386.281, 3568036.228, 3652562.586, -1.707,  1.976, 148.300,  6.614, -10.939, -0.018
194803.0, 2270, 35.16163843, 136.88126279, 32.969, -3810388.093, 3568036.118, 3652560.811, -1.667,  1.543, 148.217,  6.546, -10.749, -0.019
194803.2, 2270, 35.16161934, 136.88127693, 32.956, -3810389.855, 3568036.005, 3652559.073, -1.506,  1.722, 148.135,  6.360, -10.447, -0.090
194803.4, 2270, 35.16160069, 136.88129082, 32.943, -3810391.583, 3568035.888, 3652557.374, -1.501,  1.782, 148.047,  6.275, -10.243, -0.029
194803.6, 2270, 35.16158246, 136.88130445, 32.937, -3810393.279, 3568035.774, 3652555.716, -1.534,  1.621, 148.017,  6.140, -9.979, -0.042
194803.8, 2270, 35.16156470, 136.88131775, 32.926, -3810394.928, 3568035.660, 3652554.100, -1.549,  1.668, 147.991,  5.990, -9.728, -0.068
194804.0, 2270, 35.16154738, 136.88133074, 32.914, -3810396.538, 3568035.545, 3652552.521, -1.631,  1.530, 147.982,  5.836, -9.456, -0.082
194804.2, 2270, 35.16153056, 136.88134336, 32.900, -3810398.100, 3568035.433, 3652550.988, -1.657,  1.777, 147.971,  5.660, -9.225, -0.044
194804.4, 2270, 35.16151413, 136.88135566, 32.893, -3810399.628, 3568035.328, 3652549.494, -1.620,  1.567, 147.986,  5.506, -9.015, -0.007
194804.6, 2270, 35.16149820, 136.88136756, 32.885, -3810401.107, 3568035.228, 3652548.044, -1.564,  1.648, 147.987,  5.340, -8.658, -0.083
194804.8, 2270, 35.16148278, 136.88137912, 32.873, -3810402.539, 3568035.126, 3652546.638, -1.645,  1.787, 147.991,  5.192, -8.464, -0.018
194805.0, 2270, 35.16146777, 136.88139037, 32.868, -3810403.936, 3568035.031, 3652545.274, -1.682,  1.443, 148.050,  5.017, -8.182, -0.034
194805.2, 2270, 35.16145330, 136.88140113, 32.858, -3810405.276, 3568034.941, 3652543.956, -1.552,  1.710, 148.086,  4.806, -7.897, -0.066
194805.4, 2270, 35.16143924, 136.88141154, 32.850, -3810406.575, 3568034.859, 3652542.676, -1.376,  1.606, 148.138,  4.655, -7.691, -0.012
194805.6, 2270, 35.16142570, 136.88142161, 32.843, -3810407.829, 3568034.776, 3652541.444, -1.460,  1.524, 148.170,  4.502, -7.341, -0.052
194805.8, 2270, 35.16141272, 136.88143127, 32.833, -3810409.030, 3568034.695, 3652540.261, -1.513,  1.786, 148.191,  4.339, -7.085, -0.052
194806.0, 2270, 35.16140018, 136.88144059, 32.827, -3810410.192, 3568034.619, 3652539.121, -1.560,  1.625, 148.232,  4.146, -6.822, -0.003
194806.2, 2270, 35.16138822, 136.88144943, 32.824, -3810411.298, 3568034.552, 3652538.034, -1.488,  1.574, 148.259,  3.913, -6.465, -0.018
194806.4, 2270, 35.16137692, 136.88145775, 32.819, -3810412.341, 3568034.489, 3652537.006, -1.416,  1.472, 148.282,  3.668, -6.042, -0.036
194806.6, 2270, 35.16136644, 136.88146549, 32.813, -3810413.307, 3568034.428, 3652536.052, -1.409,  1.527, 148.301,  3.363, -5.591, -0.034
194806.8, 2270, 35.16135675, 136.88147261, 32.807, -3810414.199, 3568034.375, 3652535.170, -1.308,  1.504, 148.311,  3.111, -5.151, -0.025
194807.0, 2270, 35.16134793, 136.88147917, 32.802, -3810415.016, 3568034.321, 3652534.367, -1.485,  1.521, 148.334,  2.879, -4.659, -0.021
194807.2, 2270, 35.16133988, 136.88148512, 32.798, -3810415.759, 3568034.275, 3652533.634, -1.475,  1.240, 148.351,  2.540, -4.248, -0.041
194807.4, 2270, 35.16133268, 136.88149029, 32.794, -3810416.415, 3568034.243, 3652532.979, -1.127,  1.362, 148.339,  2.215, -3.754,  0.005
194807.6, 2270, 35.16132640, 136.88149497, 32.791, -3810416.998, 3568034.204, 3652532.407, -1.309,  1.437, 148.380,  2.030, -3.236, -0.037
194807.8, 2270, 35.16132099, 136.88149907, 32.777, -3810417.497, 3568034.160, 3652531.909, -1.643,  1.549, 148.332,  1.702, -2.770, -0.083
194808.0, 2270, 35.16131639, 136.88150244, 32.769, -3810417.917, 3568034.133, 3652531.487, -1.599,  1.583, 148.326,  1.367, -2.338,  0.017
194808.2, 2270, 35.16131264, 136.88150509, 32.775, -3810418.260, 3568034.124, 3652531.151, -1.318,  1.473, 148.328,  1.059, -1.799,  0.004
194808.4, 2270, 35.16130984, 136.88150714, 32.772, -3810418.516, 3568034.108, 3652530.895, -1.304,  1.681, 148.326,  0.825, -1.324, -0.031
194808.6, 2270, 35.16130782, 136.88150870, 32.766, -3810418.704, 3568034.089, 3652530.707, -1.504,  1.776, 148.337,  0.592, -0.936, -0.029
194808.8, 2270, 35.16130640, 136.88150975, 32.761, -3810418.833, 3568034.078, 3652530.577, -1.587,  1.908, 148.323,  0.381, -0.651, -0.019
194809.0, 2270, 35.16130538, 136.88151050, 32.757, -3810418.925, 3568034.071, 3652530.481, -1.589,  2.088, 148.329,  0.302, -0.501, -0.023
194809.2, 2270, 35.16130459, 136.88151109, 32.754, -3810418.997, 3568034.064, 3652530.408, -1.656,  2.103, 148.317,  0.235, -0.373, -0.008
194809.4, 2270, 35.16130404, 136.88151150, 32.753, -3810419.047, 3568034.060, 3652530.357, -1.713,  2.111, 148.315,  0.141, -0.242, -0.007
194809.6, 2270, 35.16130371, 136.88151173, 32.751, -3810419.075, 3568034.059, 3652530.327, -1.712,  2.116, 148.315,  0.063, -0.112, -0.007
194809.8, 2270, 35.16130363, 136.88151178, 32.750, -3810419.082, 3568034.058, 3652530.318, -1.714,  2.116, 148.317, -0.016,  0.015, -0.008
194810.0, 2270, 35.16130367, 136.88151173, 32.749, -3810419.076, 3568034.059, 3652530.322, -1.712,  2.197, 148.316, -0.022,  0.027, -0.009
194810.2, 2270, 35.16130368, 136.88151172, 32.749, -3810419.075, 3568034.060, 3652530.323, -1.698,  2.252, 148.316,  0.001, -0.018, -0.006
194810.4, 2270, 35.16130367, 136.88151172, 32.749, -3810419.076, 3568034.059, 3652530.322, -1.690,  2.217, 148.317, -0.006,  0.001, -0.008
194810.6, 2270, 35.16130367, 136.88151172, 32.749, -3810419.076, 3568034.059, 3652530.322, -1.702,  2.230, 148.316, -0.000, -0.007, -0.004
194810.8, 2270, 35.16130367, 136.88151172, 32.749, -3810419.076, 3568034.059, 3652530.322, -1.702,  2.228, 148.317, -0.008, -0.001, -0.004
194811.0, 2270, 35.16130367, 136.88151172, 32.749, -3810419.076, 3568034.059, 3652530.322, -1.698,  2.228, 148.317, -0.001, -0.002, -0.004
194811.2, 2270, 35.16130367, 136.88151172, 32.749, -3810419.076, 3568034.059, 3652530.322, -1.702,  2.224, 148.320, -0.004, -0.001, -0.004
194811.4, 2270, 35.16130367, 136.88151172, 32.749, -3810419.076, 3568034.059, 3652530.322, -1.699,  2.226, 148.318, -0.001, -0.002, -0.004
194811.6, 2270, 35.16130367, 136.88151172, 32.749, -3810419.076, 3568034.059, 3652530.322, -1.702,  2.227, 148.319, -0.002, -0.001, -0.005
194811.8, 2270, 35.16130367, 136.88151172, 32.749, -3810419.076, 3568034.059, 3652530.322, -1.700,  2.227, 148.320, -0.004, -0.003, -0.002
194812.0, 2270, 35.16130367, 136.88151172, 32.749, -3810419.076, 3568034.059, 3652530.322, -1.698,  2.228, 148.319, -0.001, -0.001, -0.004
194812.2, 2270, 35.16130367, 136.88151172, 32.749, -3810419.076, 3568034.059, 3652530.322, -1.702,  2.228, 148.319, -0.002, -0.001, -0.003
194812.4, 2270, 35.16130367, 136.88151172, 32.749, -3810419.076, 3568034.059, 3652530.322, -1.699,  2.227, 148.319, -0.003, -0.000, -0.003
194812.6, 2270, 35.16130367, 136.88151172, 32.749, -3810419.076, 3568034.059, 3652530.322, -1.699,  2.228, 148.320, -0.000, -0.002, -0.004
194812.8, 2270, 35.16130367, 136.88151172, 32.749, -3810419.076, 3568034.059, 3652530.322, -1.700,  2.228, 148.320, -0.000, -0.002, -0.004
194813.0, 2270, 35.16130367, 136.88151172, 32.749, -3810419.076, 3568034.059, 3652530.322, -1.698,  2.228, 148.320,  0.001,  0.000, -0.005
194813.2, 2270, 35.16130367, 136.88151172, 32.749, -3810419.076, 3568034.059, 3652530.322, -1.700,  2.228, 148.322,  0.000, -0.003, -0.004
194813.4, 2270, 35.16130367, 136.88151172, 32.749, -3810419.076, 3568034.059, 3652530.322, -1.697,  2.228, 148.321, -0.003, -0.001, -0.003
194813.6, 2270, 35.16130367, 136.88151172, 32.749, -3810419.076, 3568034.059, 3652530.322, -1.698,  2.227, 148.321, -0.000, -0.001, -0.004
194813.8, 2270, 35.16130367, 136.88151172, 32.749, -3810419.076, 3568034.059, 3652530.322, -1.695,  2.227, 148.320, -0.003, -0.002, -0.002
194814.0, 2270, 35.16130367, 136.88151172, 32.749, -3810419.076, 3568034.059, 3652530.322, -1.697,  2.227, 148.319,  0.000,  0.002, -0.004
194814.2, 2270, 35.16130367, 136.88151172, 32.749, -3810419.076, 3568034.059, 3652530.322, -1.694,  2.227, 148.320, -0.002, -0.002, -0.002
194814.4, 2270, 35.16130367, 136.88151172, 32.749, -3810419.076, 3568034.059, 3652530.322, -1.693,  2.226, 148.318, -0.002,  0.001, -0.002
194814.6, 2270, 35.16130367, 136.88151172, 32.749, -3810419.076, 3568034.059, 3652530.322, -1.694,  2.225, 148.321, -0.002, -0.002, -0.003
194814.8, 2270, 35.16130367, 136.88151172, 32.749, -3810419.076, 3568034.059, 3652530.322, -1.694,  2.226, 148.320,  0.000, -0.001, -0.003
194815.0, 2270, 35.16130367, 136.88151172, 32.749, -3810419.076, 3568034.059, 3652530.322, -1.697,  2.226, 148.321, -0.001, -0.002, -0.002
194815.2, 2270, 35.16130367, 136.88151172, 32.749, -3810419.076, 3568034.059, 3652530.322, -1.694,  2.225, 148.321, -0.003,  0.001, -0.003
194815.4, 2270, 35.16130367, 136.88151172, 32.749, -3810419.076, 3568034.059, 3652530.322, -1.694,  2.224, 148.320, -0.000, -0.002, -0.001
194815.6, 2270, 35.16130367, 136.88151172, 32.749, -3810419.076, 3568034.059, 3652530.322, -1.693,  2.225, 148.320, -0.001,  0.001, -0.003
194815.8, 2270, 35.16130367, 136.88151172, 32.749, -3810419.076, 3568034.059, 3652530.322, -1.694,  2.224, 148.321, -0.001, -0.001, -0.002
194816.0, 2270, 35.16130367, 136.88151172, 32.749, -3810419.076, 3568034.059, 3652530.322, -1.696,  2.226, 148.320,  0.000,  0.000, -0.002
194816.2, 2270, 35.16130367, 136.88151172, 32.749, -3810419.076, 3568034.059, 3652530.322, -1.699,  2.225, 148.321, -0.001, -0.000, -0.002
194816.4, 2270, 35.16130367, 136.88151172, 32.749, -3810419.076, 3568034.059, 3652530.322, -1.696,  2.226, 148.321, -0.001,  0.000, -0.001
194816.6, 2270, 35.16130367, 136.88151172, 32.749, -3810419.076, 3568034.059, 3652530.322, -1.697,  2.225, 148.320, -0.001,  0.001, -0.002
194816.8, 2270, 35.16130367, 136.88151172, 32.749, -3810419.076, 3568034.059, 3652530.322, -1.695,  2.227, 148.321,  0.001,  0.001, -0.003
194817.0, 2270, 35.16130367, 136.88151172, 32.749, -3810419.076, 3568034.059, 3652530.322, -1.696,  2.223, 148.320, -0.001,  0.001, -0.001
194817.2, 2270, 35.16130367, 136.88151172, 32.749, -3810419.076, 3568034.059, 3652530.322, -1.694,  2.227, 148.322, -0.001,  0.001, -0.001
194817.4, 2270, 35.16130367, 136.88151172, 32.749, -3810419.076, 3568034.059, 3652530.322, -1.694,  2.226, 148.320,  0.000,  0.003, -0.003
194817.6, 2270, 35.16130367, 136.88151172, 32.749, -3810419.076, 3568034.059, 3652530.322, -1.694,  2.226, 148.321, -0.002, -0.002, -0.002
194817.8, 2270, 35.16130367, 136.88151172, 32.749, -3810419.076, 3568034.060, 3652530.322, -1.691,  2.226, 148.321,  0.000,  0.003, -0.002
194818.0, 2270, 35.16130367, 136.88151172, 32.749, -3810419.076, 3568034.059, 3652530.322, -1.695,  2.225, 148.321,  0.001,  0.000, -0.003
194818.2, 2270, 35.16130367, 136.88151172, 32.749, -3810419.076, 3568034.059, 3652530.322, -1.694,  2.225, 148.320, -0.002,  0.001, -0.002
194818.4, 2270, 35.16130367, 136.88151172, 32.749, -3810419.076, 3568034.059, 3652530.322, -1.694,  2.225, 148.321,  0.001,  0.001, -0.002
194818.6, 2270, 35.16130367, 136.88151172, 32.749, -3810419.076, 3568034.059, 3652530.322, -1.695,  2.224, 148.321,  0.001,  0.001, -0.003
194818.8, 2270, 35.16130367, 136.88151172, 32.749, -3810419.076, 3568034.059, 3652530.322, -1.695,  2.225, 148.321,  0.001, -0.000, -0.002
194819.0, 2270, 35.16130367, 136.88151172, 32.749, -3810419.076, 3568034.059, 3652530.322, -1.695,  2.226, 148.321, -0.000,  0.001, -0.003
194819.2, 2270, 35.16130367, 136.88151172, 32.749, -3810419.076, 3568034.059, 3652530.322, -1.695,  2.225, 148.322,  0.001,  0.001, -0.002
194819.4, 2270, 35.16130367, 136.88151172, 32.749, -3810419.076, 3568034.059, 3652530.322, -1.697,  2.225, 148.321,  0.002,  0.004, -0.003
194819.6, 2270, 35.16130367, 136.88151172, 32.749, -3810419.076, 3568034.059, 3652530.322, -1.694,  2.225, 148.320,  0.000,  0.001, -0.002
194819.8, 2270, 35.16130367, 136.88151172, 32.749, -3810419.076, 3568034.059, 3652530.322, -1.695,  2.225, 148.322,  0.002,  0.000, -0.003
194820.0, 2270, 35.16130367, 136.88151172, 32.749, -3810419.076, 3568034.059, 3652530.322, -1.696,  2.225, 148.322,  0.001,  0.001, -0.001
194820.2, 2270, 35.16130367, 136.88151172, 32.749, -3810419.076, 3568034.059, 3652530.322, -1.695,  2.226, 148.319, -0.001, -0.000,  0.000
194820.4, 2270, 35.16130367, 136.88151172, 32.749, -3810419.076, 3568034.060, 3652530.322, -1.691,  2.225, 148.322,  0.000, -0.000, -0.002
194820.6, 2270, 35.16130367, 136.88151172, 32.749, -3810419.076, 3568034.060, 3652530.322, -1.688,  2.227, 148.320,  0.001,  0.002, -0.001
194820.8, 2270, 35.16130367, 136.88151172, 32.749, -3810419.076, 3568034.060, 3652530.322, -1.689,  2.227, 148.320,  0.001,  0.002, -0.001
194821.0, 2270, 35.16130367, 136.88151172, 32.749, -3810419.076, 3568034.060, 3652530.322, -1.687,  2.227, 148.320,  0.002, -0.000, -0.002
194821.2, 2270, 35.16130367, 136.88151172, 32.749, -3810419.076, 3568034.060, 3652530.322, -1.686,  2.227, 148.321,  0.002,  0.000, -0.001
194821.4, 2270, 35.16130367, 136.88151172, 32.749, -3810419.076, 3568034.060, 3652530.322, -1.688,  2.228, 148.321,  0.000,  0.002, -0.002
194821.6, 2270, 35.16130367, 136.88151172, 32.749, -3810419.076, 3568034.060, 3652530.322, -1.689,  2.227, 148.321, -0.000,  0.000, -0.001
194821.8, 2270, 35.16130367, 136.88151172, 32.749, -3810419.076, 3568034.060, 3652530.322, -1.687,  2.227, 148.321,  0.002,  0.002, -0.001
194822.0, 2270, 35.16130367, 136.88151172, 32.749, -3810419.076, 3568034.060, 3652530.322, -1.689,  2.229, 148.320,  0.000, -0.001, -0.000
194822.2, 2270, 35.16130367, 136.88151172, 32.749, -3810419.076, 3568034.060, 3652530.322, -1.688,  2.226, 148.318, -0.000,  0.002, -0.001
194822.4, 2270, 35.16130367, 136.88151172, 32.749, -3810419.076, 3568034.060, 3652530.322, -1.688,  2.229, 148.321,  0.003, -0.001, -0.001
194822.6, 2270, 35.16130367, 136.88151172, 32.749, -3810419.076, 3568034.060, 3652530.322, -1.688,  2.227, 148.318, -0.001,  0.002, -0.001
194822.8, 2270, 35.16130367, 136.88151172, 32.749, -3810419.076, 3568034.060, 3652530.322, -1.685,  2.227, 148.320,  0.001, -0.001, -0.001
194823.0, 2270, 35.16130367, 136.88151172, 32.749, -3810419.076, 3568034.060, 3652530.322, -1.689,  2.227, 148.320, -0.000,  0.002, -0.002
194823.2, 2270, 35.16130367, 136.88151172, 32.749, -3810419.076, 3568034.060, 3652530.322, -1.685,  2.226, 148.319,  0.001, -0.001, -0.000
194823.4, 2270, 35.16130367, 136.88151172, 32.749, -3810419.076, 3568034.060, 3652530.322, -1.688,  2.228, 148.318,  0.002,  0.003, -0.002
194823.6, 2270, 35.16130367, 136.88151172, 32.749, -3810419.076, 3568034.060, 3652530.322, -1.689,  2.225, 148.319,  0.001,  0.001, -0.001
194823.8, 2270, 35.16130367, 136.88151172, 32.749, -3810419.076, 3568034.060, 3652530.322, -1.687,  2.228, 148.318,  0.000,  0.001, -0.000
194824.0, 2270, 35.16130367, 136.88151172, 32.749, -3810419.076, 3568034.060, 3652530.322, -1.688,  2.225, 148.320, -0.000,  0.001, -0.001
194824.2, 2270, 35.16130367, 136.88151172, 32.749, -3810419.076, 3568034.060, 3652530.322, -1.688,  2.226, 148.322,  0.000, -0.002, -0.000
194824.4, 2270, 35.16130367, 136.88151172, 32.749, -3810419.076, 3568034.060, 3652530.322, -1.688,  2.226, 148.322,  0.002,  0.001, -0.001
194824.6, 2270, 35.16130367, 136.88151172, 32.749, -3810419.076, 3568034.060, 3652530.322, -1.688,  2.226, 148.322,  0.001, -0.000, -0.001
194824.8, 2270, 35.16130367, 136.88151172, 32.749, -3810419.076, 3568034.060, 3652530.322, -1.687,  2.226, 148.321, -0.001,  0.000,  0.001
194825.0, 2270, 35.16130367, 136.88151172, 32.749, -3810419.076, 3568034.060, 3652530.322, -1.687,  2.227, 148.322,  0.000, -0.000, -0.000
194825.2, 2270, 35.16130367, 136.88151172, 32.749, -3810419.076, 3568034.060, 3652530.322, -1.686,  2.228, 148.322,  0.002,  0.001, -0.001
194825.4, 2270, 35.16130367, 136.88151172, 32.749, -3810419.076, 3568034.060, 3652530.322, -1.688,  2.228, 148.321,  0.002,  0.001, -0.001
194825.6, 2270, 35.16130367, 136.88151172, 32.749, -3810419.076, 3568034.060, 3652530.322, -1.686,  2.227, 148.322, -0.001, -0.002, -0.001
194825.8, 2270, 35.16130367, 136.88151172, 32.749, -3810419.076, 3568034.060, 3652530.322, -1.687,  2.227, 148.322, -0.001,  0.000,  0.001
194826.0, 2270, 35.16130367, 136.88151172, 32.749, -3810419.076, 3568034.060, 3652530.322, -1.689,  2.226, 148.322,  0.000, -0.001, -0.000
194826.2, 2270, 35.16130367, 136.88151172, 32.749, -3810419.076, 3568034.060, 3652530.322, -1.686,  2.225, 148.321, -0.001,  0.001, -0.000
194826.4, 2270, 35.16130367, 136.88151172, 32.749, -3810419.076, 3568034.060, 3652530.322, -1.685,  2.225, 148.322, -0.002, -0.001,  0.001
194826.6, 2270, 35.16130367, 136.88151172, 32.749, -3810419.076, 3568034.060, 3652530.322, -1.684,  2.226, 148.322, -0.001,  0.000, -0.000
194826.8, 2270, 35.16130367, 136.88151172, 32.749, -3810419.076, 3568034.060, 3652530.322, -1.686,  2.224, 148.323,  0.001,  0.002, -0.000
194827.0, 2270, 35.16130367, 136.88151172, 32.749, -3810419.076, 3568034.060, 3652530.322, -1.686,  2.225, 148.323,  0.000,  0.001,  0.001
194827.2, 2270, 35.16130367, 136.88151172, 32.749, -3810419.076, 3568034.060, 3652530.322, -1.686,  2.226, 148.324, -0.001,  0.001, -0.000
194827.4, 2270, 35.16130367, 136.88151172, 32.749, -3810419.076, 3568034.060, 3652530.322, -1.688,  2.223, 148.323,  0.001,  0.000, -0.001
194827.6, 2270, 35.16130367, 136.88151172, 32.749, -3810419.076, 3568034.060, 3652530.322, -1.684,  2.225, 148.324, -0.002, -0.001,  0.002
194827.8, 2270, 35.16130367, 136.88151172, 32.749, -3810419.076, 3568034.060, 3652530.322, -1.683,  2.223, 148.324, -0.002,  0.001, -0.001
194828.0, 2270, 35.16130367, 136.88151172, 32.749, -3810419.076, 3568034.060, 3652530.322, -1.685,  2.224, 148.323, -0.000,  0.001,  0.001
194828.2, 2270, 35.16130367, 136.88151172, 32.749, -3810419.076, 3568034.060, 3652530.322, -1.688,  2.224, 148.323, -0.002, -0.003,  0.002
194828.4, 2270, 35.16130367, 136.88151172, 32.749, -3810419.076, 3568034.060, 3652530.322, -1.683,  2.226, 148.324, -0.002,  0.000,  0.000
194828.6, 2270, 35.16130367, 136.88151172, 32.749, -3810419.076, 3568034.060, 3652530.322, -1.680,  2.221, 148.323, -0.002,  0.001, -0.001
194828.8, 2270, 35.16130367, 136.88151172, 32.749, -3810419.076, 3568034.060, 3652530.322, -1.682,  2.222, 148.321,  0.001, -0.001,  0.001
194829.0, 2270, 35.16130367, 136.88151172, 32.749, -3810419.076, 3568034.060, 3652530.322, -1.681,  2.224, 148.323, -0.003, -0.001,  0.001
194829.2, 2270, 35.16130367, 136.88151172, 32.749, -3810419.076, 3568034.060, 3652530.322, -1.677,  2.223, 148.326, -0.001, -0.002, -0.001
194829.4, 2270, 35.16130367, 136.88151172, 32.749, -3810419.076, 3568034.060, 3652530.322, -1.681,  2.223, 148.323, -0.001,  0.001, -0.001
194829.6, 2270, 35.16130367, 136.88151172, 32.749, -3810419.076, 3568034.060, 3652530.322, -1.678,  2.223, 148.324, -0.002, -0.002,  0.000
194829.8, 2270, 35.16130367, 136.88151172, 32.749, -3810419.076, 3568034.060, 3652530.322, -1.681,  2.224, 148.324, -0.001,  0.001, -0.001
194830.0, 2270, 35.16130367, 136.88151172, 32.749, -3810419.076, 3568034.060, 3652530.322, -1.684,  2.221, 148.324, -0.003, -0.002,  0.000
194830.2, 2270, 35.16130367, 136.88151172, 32.749, -3810419.076, 3568034.060, 3652530.322, -1.683,  2.224, 148.324, -0.002, -0.001, -0.001
194830.4, 2270, 35.16130367, 136.88151172, 32.749, -3810419.076, 3568034.060, 3652530.322, -1.683,  2.222, 148.325, -0.002, -0.002, -0.001
194830.6, 2270, 35.16130367, 136.88151172, 32.749, -3810419.076, 3568034.060, 3652530.322, -1.683,  2.225, 148.326, -0.004, -0.004, -0.000
194830.8, 2270, 35.16130367, 136.88151172, 32.749, -3810419.076, 3568034.060, 3652530.322, -1.683,  2.222, 148.326, -0.005, -0.001, -0.000
194831.0, 2270, 35.16130367, 136.88151172, 32.749, -3810419.076, 3568034.060, 3652530.322, -1.685,  2.222, 148.326, -0.002, -0.002, -0.000
194831.2, 2270, 35.16130367, 136.88151172, 32.749, -3810419.076, 3568034.060, 3652530.322, -1.683,  2.223, 148.326, -0.005, -0.003,  0.001
194831.4, 2270, 35.16130367, 136.88151172, 32.749, -3810419.076, 3568034.060, 3652530.322, -1.683,  2.223, 148.326, -0.003, -0.003,  0.000
194831.6, 2270, 35.16130367, 136.88151172, 32.749, -3810419.076, 3568034.060, 3652530.322, -1.684,  2.224, 148.326, -0.005, -0.003,  0.000
194831.8, 2270, 35.16130367, 136.88151172, 32.749, -3810419.076, 3568034.060, 3652530.322, -1.682,  2.224, 148.325, -0.005, -0.002,  0.001
194832.0, 2270, 35.16130367, 136.88151172, 32.749, -3810419.076, 3568034.060, 3652530.322, -1.683,  2.223, 148.326, -0.006, -0.003,  0.001
194832.2, 2270, 35.16130367, 136.88151172, 32.749, -3810419.076, 3568034.060, 3652530.322, -1.682,  2.223, 148.326, -0.006, -0.003,  0.001
194832.4, 2270, 35.16130367, 136.88151172, 32.749, -3810419.076, 3568034.060, 3652530.322, -1.684,  2.223, 148.326, -0.004, -0.002, -0.000
194832.6, 2270, 35.16130367, 136.88151172, 32.749, -3810419.076, 3568034.060, 3652530.322, -1.678,  2.223, 148.326, -0.006, -0.007,  0.001
194832.8, 2270, 35.16130366, 136.88151171, 32.749, -3810419.075, 3568034.061, 3652530.322, -1.684,  2.223, 148.325, -0.004, -0.004,  0.001
194833.0, 2270, 35.16130366, 136.88151170, 32.749, -3810419.075, 3568034.062, 3652530.321, -1.683,  2.228, 148.328, -0.004, -0.008, -0.003
194833.2, 2270, 35.16130360, 136.88151172, 32.747, -3810419.078, 3568034.062, 3652530.314, -1.669,  2.324, 148.323,  0.027, -0.064, -0.016
194833.4, 2270, 35.16130342, 136.88151183, 32.745, -3810419.092, 3568034.061, 3652530.297, -1.667,  2.369, 148.325,  0.076, -0.138,  0.004
194833.6, 2270, 35.16130310, 136.88151205, 32.746, -3810419.121, 3568034.061, 3652530.268, -1.680,  2.376, 148.325,  0.126, -0.218, -0.002
194833.8, 2270, 35.16130260, 136.88151241, 32.745, -3810419.166, 3568034.059, 3652530.222, -1.693,  2.463, 148.328,  0.199, -0.346, -0.011
194834.0, 2270, 35.16130183, 136.88151295, 32.743, -3810419.235, 3568034.055, 3652530.152, -1.699,  2.551, 148.325,  0.302, -0.512, -0.004
194834.2, 2270, 35.16130075, 136.88151373, 32.743, -3810419.333, 3568034.050, 3652530.053, -1.693,  2.592, 148.346,  0.405, -0.689, -0.005
194834.4, 2270, 35.16129934, 136.88151473, 32.742, -3810419.461, 3568034.045, 3652529.925, -1.664,  2.681, 148.368,  0.516, -0.878, -0.005
194834.6, 2270, 35.16129758, 136.88151601, 32.741, -3810419.622, 3568034.036, 3652529.765, -1.658,  2.755, 148.418,  0.639, -1.078, -0.003
194834.8, 2270, 35.16129544, 136.88151754, 32.740, -3810419.816, 3568034.027, 3652529.570, -1.613,  2.879, 148.434,  0.757, -1.291, -0.012
194835.0, 2270, 35.16129292, 136.88151933, 32.740, -3810420.045, 3568034.018, 3652529.342, -1.514,  2.991, 148.490,  0.877, -1.499,  0.019
194835.2, 2270, 35.16129004, 136.88152142, 32.744, -3810420.313, 3568034.007, 3652529.083, -1.525,  3.030, 148.540,  1.030, -1.698,  0.017
194835.4, 2270, 35.16128679, 136.88152382, 32.747, -3810420.615, 3568033.991, 3652528.790, -1.656,  3.080, 148.613,  1.156, -1.915,  0.013
194835.6, 2270, 35.16128313, 136.88152649, 32.750, -3810420.954, 3568033.975, 3652528.460, -1.714,  3.054, 148.674,  1.265, -2.143,  0.015
194835.8, 2270, 35.16127907, 136.88152935, 32.754, -3810421.324, 3568033.964, 3652528.094, -1.522,  3.040, 148.742,  1.349, -2.359,  0.019
194836.0, 2270, 35.16127466, 136.88153249, 32.759, -3810421.727, 3568033.950, 3652527.696, -1.440,  3.057, 148.756,  1.508, -2.537,  0.028
194836.2, 2270, 35.16126992, 136.88153593, 32.766, -3810422.167, 3568033.933, 3652527.271, -1.459,  2.976, 148.765,  1.612, -2.729,  0.049
194836.4, 2270, 35.16126483, 136.88153959, 32.776, -3810422.639, 3568033.918, 3652526.814, -1.385,  2.857, 148.721,  1.712, -2.920,  0.042
194836.6, 2270, 35.16125941, 136.88154344, 32.781, -3810423.134, 3568033.901, 3652526.326, -1.192,  2.973, 148.674,  1.807, -3.088,  0.012
194836.8, 2270, 35.16125369, 136.88154760, 32.784, -3810423.662, 3568033.876, 3652525.809, -1.246,  3.055, 148.675,  1.979, -3.260,  0.019
194837.0, 2270, 35.16124762, 136.88155205, 32.790, -3810424.226, 3568033.849, 3652525.261, -1.316,  3.032, 148.674,  2.050, -3.483,  0.039
194837.2, 2270, 35.16124117, 136.88155665, 32.799, -3810424.818, 3568033.829, 3652524.682, -1.138,  3.078, 148.709,  2.142, -3.676,  0.056
194837.4, 2270, 35.16123439, 136.88156151, 32.809, -3810425.443, 3568033.808, 3652524.073, -1.036,  3.057, 148.769,  2.282, -3.842,  0.043
194837.6, 2270, 35.16122731, 136.88156663, 32.817, -3810426.097, 3568033.780, 3652523.435, -1.054,  3.134, 148.841,  2.383, -4.025,  0.039
194837.8, 2270, 35.16121987, 136.88157198, 32.826, -3810426.782, 3568033.755, 3652522.765, -1.027,  3.085, 148.917,  2.483, -4.227,  0.047
194838.0, 2270, 35.16121209, 136.88157754, 32.837, -3810427.498, 3568033.731, 3652522.066, -0.962,  3.069, 149.016,  2.567, -4.411,  0.067
194838.2, 2270, 35.16120399, 136.88158332, 32.853, -3810428.245, 3568033.709, 3652521.341, -0.784,  3.091, 149.122,  2.676, -4.598,  0.054
194838.4, 2270, 35.16119558, 136.88158939, 32.864, -3810429.021, 3568033.679, 3652520.584, -0.844,  3.049, 149.240,  2.777, -4.766,  0.036
194838.6, 2270, 35.16118683, 136.88159564, 32.878, -3810429.827, 3568033.653, 3652519.799, -0.802,  2.978, 149.345,  2.867, -4.958,  0.073
194838.8, 2270, 35.16117777, 136.88160208, 32.891, -3810430.659, 3568033.628, 3652518.985, -0.812,  3.037, 149.495,  2.955, -5.130,  0.045
194839.0, 2270, 35.16116837, 136.88160873, 32.903, -3810431.518, 3568033.603, 3652518.138, -0.804,  3.023, 149.626,  3.055, -5.310,  0.040
194839.2, 2270, 35.16115860, 136.88161551, 32.915, -3810432.404, 3568033.585, 3652517.259, -0.702,  2.954, 149.782,  3.128, -5.513,  0.066
194839.4, 2270, 35.16114853, 136.88162246, 32.927, -3810433.313, 3568033.569, 3652516.353, -0.666,  3.088, 149.945,  3.198, -5.674,  0.052
194839.6, 2270, 35.16113812, 136.88162959, 32.938, -3810434.249, 3568033.556, 3652515.415, -0.578,  3.185, 150.131,  3.274, -5.876,  0.068
194839.8, 2270, 35.16112738, 136.88163690, 32.954, -3810435.215, 3568033.548, 3652514.450, -0.580,  3.179, 150.357,  3.382, -6.039,  0.089
194840.0, 2270, 35.16111632, 136.88164442, 32.970, -3810436.208, 3568033.540, 3652513.456, -0.708,  3.087, 150.595,  3.439, -6.237,  0.078
194840.2, 2270, 35.16110495, 136.88165208, 32.988, -3810437.227, 3568033.537, 3652512.436, -0.722,  3.075, 150.866,  3.509, -6.395,  0.076
194840.4, 2270, 35.16109333, 136.88165987, 33.004, -3810438.263, 3568033.535, 3652511.390, -0.862,  3.385, 151.211,  3.541, -6.556,  0.074
194840.6, 2270, 35.16108136, 136.88166774, 33.025, -3810439.324, 3568033.546, 3652510.317, -0.907,  3.632, 151.632,  3.587, -6.761,  0.131
194840.8, 2270, 35.16106902, 136.88167571, 33.057, -3810440.415, 3568033.573, 3652509.216, -0.969,  3.492, 152.104,  3.623, -6.947,  0.159
194841.0, 2270, 35.16105637, 136.88168379, 33.088, -3810441.526, 3568033.605, 3652508.087, -1.328,  3.275, 152.560,  3.678, -7.109,  0.119
194841.2, 2270, 35.16104339, 136.88169185, 33.114, -3810442.649, 3568033.650, 3652506.924, -1.354,  3.156, 153.036,  3.626, -7.291,  0.101
194841.4, 2270, 35.16103017, 136.88169991, 33.134, -3810443.779, 3568033.703, 3652505.737, -1.509,  3.516, 153.530,  3.638, -7.430,  0.094
194841.6, 2270, 35.16101659, 136.88170791, 33.165, -3810444.929, 3568033.781, 3652504.523, -1.310,  3.746, 154.015,  3.623, -7.675,  0.188
194841.8, 2270, 35.16100264, 136.88171601, 33.206, -3810446.109, 3568033.875, 3652503.281, -1.305,  3.415, 154.490,  3.653, -7.842,  0.208
194842.0, 2270, 35.16098843, 136.88172406, 33.240, -3810447.293, 3568033.979, 3652502.012, -1.252,  3.458, 154.915,  3.646, -7.955,  0.127
194842.2, 2270, 35.16097394, 136.88173206, 33.268, -3810448.484, 3568034.096, 3652500.714, -1.154,  3.709, 155.279,  3.660, -8.141,  0.165
194842.4, 2270, 35.16095911, 136.88174015, 33.305, -3810449.702, 3568034.225, 3652499.390, -1.232,  3.555, 155.554,  3.717, -8.309,  0.201
194842.6, 2270, 35.16094404, 136.88174828, 33.342, -3810450.933, 3568034.364, 3652498.044, -1.212,  3.491, 155.718,  3.690, -8.419,  0.177
194842.8, 2270, 35.16092871, 136.88175643, 33.375, -3810452.175, 3568034.510, 3652496.673, -0.944,  3.538, 155.692,  3.747, -8.594,  0.182
194843.0, 2270, 35.16091316, 136.88176472, 33.413, -3810453.439, 3568034.659, 3652495.285, -0.639,  3.561, 155.444,  3.815, -8.647,  0.157
194843.2, 2270, 35.16089749, 136.88177328, 33.447, -3810454.723, 3568034.792, 3652493.883, -0.688,  3.908, 155.170,  3.979, -8.767,  0.226
194843.4, 2270, 35.16088160, 136.88178213, 33.494, -3810456.043, 3568034.924, 3652492.469, -0.888,  3.945, 154.978,  4.102, -8.842,  0.217
194843.6, 2270, 35.16086555, 136.88179113, 33.543, -3810457.382, 3568035.054, 3652491.042, -1.020,  4.229, 154.958,  4.118, -9.009,  0.292
194843.8, 2270, 35.16084918, 136.88180025, 33.604, -3810458.749, 3568035.196, 3652489.591, -1.013,  3.853, 155.070,  4.151, -9.166,  0.321
194844.0, 2270, 35.16083266, 136.88180934, 33.656, -3810460.117, 3568035.342, 3652488.123, -0.885,  4.022, 155.131,  4.153, -9.204,  0.226
194844.2, 2270, 35.16081594, 136.88181857, 33.708, -3810461.503, 3568035.488, 3652486.636, -0.940,  4.134, 155.198,  4.245, -9.354,  0.304
194844.4, 2270, 35.16079897, 136.88182789, 33.769, -3810462.911, 3568035.643, 3652485.133, -0.917,  3.942, 155.257,  4.268, -9.444,  0.271
194844.6, 2270, 35.16078185, 136.88183732, 33.824, -3810464.329, 3568035.794, 3652483.611, -0.997,  3.937, 155.291,  4.312, -9.579,  0.290
194844.8, 2270, 35.16076451, 136.88184684, 33.878, -3810465.763, 3568035.948, 3652482.069, -1.050,  3.801, 155.322,  4.336, -9.656,  0.257
194845.0, 2270, 35.16074701, 136.88185639, 33.928, -3810467.204, 3568036.105, 3652480.511, -0.968,  4.047, 155.357,  4.385, -9.775,  0.271
194845.2, 2270, 35.16072924, 136.88186608, 33.987, -3810468.671, 3568036.270, 3652478.933, -0.914,  3.760, 155.409,  4.425, -9.904,  0.304
194845.4, 2270, 35.16071133, 136.88187580, 34.040, -3810470.143, 3568036.435, 3652477.339, -0.784,  3.883, 155.462,  4.439, -9.976,  0.251
194845.6, 2270, 35.16069323, 136.88188561, 34.093, -3810471.630, 3568036.603, 3652475.728, -0.708,  3.943, 155.504,  4.489, -10.099,  0.301
194845.8, 2270, 35.16067494, 136.88189552, 34.151, -3810473.134, 3568036.775, 3652474.103, -0.668,  3.952, 155.482,  4.583, -10.171,  0.274
194846.0, 2270, 35.16065653, 136.88190559, 34.209, -3810474.655, 3568036.941, 3652472.467, -0.881,  4.069, 155.455,  4.607, -10.250,  0.292
194846.2, 2270, 35.16063797, 136.88191574, 34.272, -3810476.190, 3568037.112, 3652470.819, -0.978,  4.241, 155.466,  4.630, -10.369,  0.353
194846.4, 2270, 35.16061920, 136.88192594, 34.345, -3810477.744, 3568037.294, 3652469.158, -0.878,  4.159, 155.463,  4.639, -10.457,  0.377
194846.6, 2270, 35.16060028, 136.88193620, 34.416, -3810479.308, 3568037.477, 3652467.484, -0.799,  4.177, 155.477,  4.697, -10.544,  0.358
194846.8, 2270, 35.16058119, 136.88194657, 34.486, -3810480.886, 3568037.661, 3652465.792, -0.778,  4.039, 155.491,  4.752, -10.605,  0.317
194847.0, 2270, 35.16056201, 136.88195705, 34.550, -3810482.471, 3568037.837, 3652464.090, -0.968,  4.262, 155.509,  4.792, -10.680,  0.330
194847.2, 2270, 35.16054269, 136.88196765, 34.625, -3810484.077, 3568038.018, 3652462.380, -1.083,  4.406, 155.532,  4.799, -10.751,  0.384
194847.4, 2270, 35.16052325, 136.88197825, 34.711, -3810485.695, 3568038.210, 3652460.667, -1.001,  4.841, 155.569,  4.811, -10.841,  0.468
194847.6, 2270, 35.16050360, 136.88198893, 34.814, -3810487.337, 3568038.415, 3652458.944, -0.919,  4.809, 155.605,  4.849, -10.935,  0.527
194847.8, 2270, 35.16048387, 136.88199966, 34.918, -3810488.988, 3568038.621, 3652457.214, -0.936,  4.982, 155.636,  4.881, -10.974,  0.499
194848.0, 2270, 35.16046401, 136.88201050, 35.025, -3810490.654, 3568038.828, 3652455.474, -1.067,  5.029, 155.654,  4.917, -11.081,  0.544
194848.2, 2270, 35.16044400, 136.88202132, 35.139, -3810492.328, 3568039.046, 3652453.726, -0.924,  5.104, 155.677,  4.950, -11.127,  0.538
194848.4, 2270, 35.16042386, 136.88203223, 35.255, -3810494.017, 3568039.264, 3652451.966, -0.910,  5.009, 155.685,  4.954, -11.206,  0.541
194848.6, 2270, 35.16040369, 136.88204320, 35.367, -3810495.707, 3568039.477, 3652450.200, -1.030,  5.414, 155.700,  4.984, -11.233,  0.586
194848.8, 2270, 35.16038337, 136.88205418, 35.497, -3810497.416, 3568039.708, 3652448.432, -0.899,  5.656, 155.759,  4.978, -11.325,  0.689
194849.0, 2270, 35.16036292, 136.88206520, 35.640, -3810499.141, 3568039.948, 3652446.659, -0.873,  5.712, 155.819,  5.035, -11.375,  0.685
194849.2, 2270, 35.16034238, 136.88207629, 35.783, -3810500.875, 3568040.187, 3652444.879, -1.029,  5.797, 155.896,  5.039, -11.419,  0.705
194849.4, 2270, 35.16032173, 136.88208741, 35.931, -3810502.618, 3568040.432, 3652443.091, -1.142,  5.784, 156.003,  5.035, -11.512,  0.744
194849.6, 2270, 35.16030095, 136.88209848, 36.080, -3810504.366, 3568040.686, 3652441.292, -1.055,  5.736, 156.109,  5.031, -11.551,  0.710
194849.8, 2270, 35.16028008, 136.88210951, 36.227, -3810506.114, 3568040.946, 3652439.484, -0.893,  5.852, 156.225,  5.027, -11.611,  0.736
194850.0, 2270, 35.16025911, 136.88212053, 36.381, -3810507.870, 3568041.215, 3652437.671, -0.711,  5.952, 156.347,  4.998, -11.665,  0.762
194850.2, 2270, 35.16023809, 136.88213157, 36.539, -3810509.632, 3568041.487, 3652435.855, -0.777,  6.060, 156.431,  5.021, -11.704,  0.798
194850.4, 2270, 35.16021696, 136.88214264, 36.701, -3810511.404, 3568041.765, 3652434.031, -0.836,  5.870, 156.513,  4.987, -11.749,  0.796
194850.6, 2270, 35.16019583, 136.88215365, 36.856, -3810513.168, 3568042.041, 3652432.205, -0.841,  6.077, 156.588,  4.984, -11.761,  0.791
194850.8, 2270, 35.16017462, 136.88216467, 37.021, -3810514.941, 3568042.327, 3652430.376, -0.872,  5.857, 156.664,  4.985, -11.769,  0.806
194851.0, 2270, 35.16015350, 136.88217562, 37.180, -3810516.703, 3568042.610, 3652428.551, -0.948,  5.874, 156.733,  4.973, -11.687,  0.760
194851.2, 2270, 35.16013242, 136.88218653, 37.340, -3810518.461, 3568042.894, 3652426.731, -1.069,  5.729, 156.726,  4.966, -11.683,  0.776
194851.4, 2270, 35.16011142, 136.88219736, 37.494, -3810520.206, 3568043.177, 3652424.915, -0.967,  5.651, 156.715,  4.848, -11.591,  0.715
194851.6, 2270, 35.16009054, 136.88220807, 37.645, -3810521.937, 3568043.460, 3652423.109, -0.699,  5.883, 156.534,  4.883, -11.587,  0.783
194851.8, 2270, 35.16006976, 136.88221893, 37.802, -3810523.676, 3568043.733, 3652421.314, -0.736,  5.757, 156.163,  4.981, -11.470,  0.732
194852.0, 2270, 35.16004916, 136.88222994, 37.954, -3810525.413, 3568043.985, 3652419.534, -0.901,  5.879, 155.780,  5.041, -11.404,  0.752
194852.2, 2270, 35.16002864, 136.88224107, 38.109, -3810527.156, 3568044.228, 3652417.762, -0.924,  5.678, 155.466,  5.081, -11.332,  0.718
194852.4, 2270, 35.16000829, 136.88225227, 38.256, -3810528.890, 3568044.455, 3652416.001, -0.941,  5.834, 155.237,  5.095, -11.269,  0.722
194852.6, 2270, 35.15998803, 136.88226356, 38.407, -3810530.629, 3568044.672, 3652414.250, -1.139,  5.785, 155.073,  5.114, -11.224,  0.751
194852.8, 2270, 35.15996787, 136.88227486, 38.558, -3810532.362, 3568044.885, 3652412.509, -1.201,  5.761, 154.925,  5.127, -11.135,  0.729
194853.0, 2270, 35.15994782, 136.88228612, 38.710, -3810534.089, 3568045.097, 3652410.777, -1.050,  5.681, 154.793,  5.096, -11.108,  0.749
194853.2, 2270, 35.15992789, 136.88229733, 38.858, -3810535.805, 3568045.305, 3652409.055, -0.796,  5.635, 154.668,  5.096, -11.020,  0.689
194853.4, 2270, 35.15990813, 136.88230853, 39.003, -3810537.511, 3568045.503, 3652407.345, -0.637,  5.754, 154.533,  5.071, -10.944,  0.735
194853.6, 2270, 35.15988851, 136.88231981, 39.150, -3810539.216, 3568045.692, 3652405.651, -0.785,  5.478, 154.335,  5.100, -10.826,  0.722
194853.8, 2270, 35.15986914, 136.88233106, 39.288, -3810540.902, 3568045.867, 3652403.973, -0.881,  5.578, 154.039,  5.121, -10.713,  0.652
194854.0, 2270, 35.15984987, 136.88234237, 39.426, -3810542.587, 3568046.033, 3652402.305, -0.862,  5.220, 153.716,  5.118, -10.633,  0.635
194854.2, 2270, 35.15983080, 136.88235376, 39.548, -3810544.259, 3568046.177, 3652400.646, -0.981,  4.973, 153.392,  5.238, -10.544,  0.569
194854.4, 2270, 35.15981185, 136.88236524, 39.660, -3810545.924, 3568046.304, 3652398.992, -1.045,  4.464, 153.099,  5.203, -10.463,  0.487
194854.6, 2270, 35.15979313, 136.88237674, 39.750, -3810547.567, 3568046.406, 3652397.346, -1.193,  4.619, 152.843,  5.215, -10.359,  0.434
194854.8, 2270, 35.15977447, 136.88238829, 39.845, -3810549.213, 3568046.506, 3652395.708, -1.186,  4.501, 152.574,  5.268, -10.348,  0.485
194855.0, 2270, 35.15975593, 136.88239989, 39.937, -3810550.855, 3568046.596, 3652394.079, -1.191,  4.508, 152.348,  5.296, -10.269,  0.428
194855.2, 2270, 35.15973747, 136.88241158, 40.024, -3810552.496, 3568046.673, 3652392.455, -1.568,  4.496, 152.092,  5.355, -10.225,  0.428
194855.4, 2270, 35.15971904, 136.88242338, 40.109, -3810554.141, 3568046.740, 3652390.832, -1.843,  4.147, 151.896,  5.419, -10.216,  0.426
194855.6, 2270, 35.15970064, 136.88243517, 40.184, -3810555.778, 3568046.802, 3652389.207, -1.794,  3.840, 151.724,  5.335, -10.183,  0.322
194855.8, 2270, 35.15968229, 136.88244696, 40.246, -3810557.405, 3568046.854, 3652387.578, -1.703,  3.782, 151.597,  5.400, -10.189,  0.311
194856.0, 2270, 35.15966393, 136.88245885, 40.306, -3810559.038, 3568046.899, 3652385.947, -1.657,  3.426, 151.546,  5.401, -10.181,  0.276
194856.2, 2270, 35.15964556, 136.88247072, 40.358, -3810560.665, 3568046.940, 3652384.311, -1.237,  3.240, 151.569,  5.367, -10.235,  0.244
194856.4, 2270, 35.15962719, 136.88248259, 40.401, -3810562.286, 3568046.977, 3652382.669, -0.994,  3.104, 151.602,  5.358, -10.184,  0.159
194856.6, 2270, 35.15960888, 136.88249450, 40.435, -3810563.902, 3568047.004, 3652381.028, -1.078,  3.159, 151.718,  5.415, -10.167,  0.184
194856.8, 2270, 35.15959056, 136.88250639, 40.474, -3810565.520, 3568047.034, 3652379.389, -1.188,  3.054, 151.879,  5.360, -10.165,  0.178
194857.0, 2270, 35.15957226, 136.88251813, 40.511, -3810567.127, 3568047.074, 3652377.750, -1.114,  3.048, 152.015,  5.301, -10.175,  0.179
194857.2, 2270, 35.15955395, 136.88252976, 40.547, -3810568.726, 3568047.119, 3652376.110, -0.964,  2.886, 152.125,  5.252, -10.150,  0.153
194857.4, 2270, 35.15953574, 136.88254128, 40.578, -3810570.311, 3568047.166, 3652374.477, -0.816,  2.876, 152.172,  5.220, -10.063,  0.134
194857.6, 2270, 35.15951765, 136.88255268, 40.610, -3810571.884, 3568047.216, 3652372.854, -0.599,  3.052, 152.216,  5.155, -10.006,  0.166
194857.8, 2270, 35.15949966, 136.88256399, 40.648, -3810573.450, 3568047.270, 3652371.244, -0.358,  3.070, 152.273,  5.108, -9.961,  0.181
194858.0, 2270, 35.15948181, 136.88257526, 40.685, -3810575.006, 3568047.321, 3652369.646, -0.469,  3.023, 152.299,  5.103, -9.856,  0.158
194858.2, 2270, 35.15946405, 136.88258653, 40.718, -3810576.556, 3568047.365, 3652368.055, -0.688,  2.483, 152.334,  5.072, -9.874,  0.219
194858.4, 2270, 35.15944655, 136.88259762, 40.735, -3810578.073, 3568047.401, 3652366.477, -0.842,  2.211, 152.371,  4.897, -9.572, -0.025
194858.6, 2270, 35.15942939, 136.88260838, 40.739, -3810579.546, 3568047.437, 3652364.923, -0.728,  3.065, 152.397,  4.876, -9.533,  0.112
194858.8, 2270, 35.15941228, 136.88261913, 40.773, -3810581.033, 3568047.488, 3652363.391, -0.764,  2.618, 152.410,  4.852, -9.410,  0.166
194859.0, 2270, 35.15939550, 136.88262964, 40.801, -3810582.487, 3568047.538, 3652361.885, -0.684,  2.825, 152.442,  4.716, -9.254,  0.115
194859.2, 2270, 35.15937881, 136.88263989, 40.831, -3810583.921, 3568047.602, 3652360.387, -0.136,  2.381, 152.496,  4.634, -9.244,  0.164
194859.4, 2270, 35.15936241, 136.88264991, 40.848, -3810585.320, 3568047.661, 3652358.911,  0.318,  2.295, 152.494,  4.514, -8.928,  0.025
194859.6, 2270, 35.15934642, 136.88265976, 40.857, -3810586.685, 3568047.709, 3652357.465,  0.527,  2.857, 152.430,  4.497, -8.828,  0.098
194859.8, 2270, 35.15933064, 136.88266961, 40.882, -3810588.049, 3568047.757, 3652356.049,  0.530,  2.717, 152.252,  4.472, -8.665,  0.134
194860.0, 2270, 35.15931521, 136.88267935, 40.907, -3810589.390, 3568047.797, 3652354.663,  0.457,  2.801, 152.027,  4.412, -8.484,  0.119
194860.2, 2270, 35.15930003, 136.88268901, 40.931, -3810590.714, 3568047.830, 3652353.300,  0.424,  2.789, 151.798,  4.381, -8.358,  0.126
194860.4, 2270, 35.15928508, 136.88269859, 40.955, -3810592.022, 3568047.859, 3652351.958,  0.491,  2.667, 151.581,  4.348, -8.223,  0.115
194860.6, 2270, 35.15927037, 136.88270808, 40.976, -3810593.312, 3568047.882, 3652350.636,  0.609,  2.663, 151.382,  4.304, -8.089,  0.097
194860.8, 2270, 35.15925588, 136.88271748, 40.996, -3810594.585, 3568047.901, 3652349.333,  0.829,  2.622, 151.187,  4.263, -7.977,  0.101
194861.0, 2270, 35.15924162, 136.88272679, 41.016, -3810595.841, 3568047.916, 3652348.050,  1.079,  2.556, 150.992,  4.213, -7.836,  0.096
194861.2, 2270, 35.15922764, 136.88273599, 41.034, -3810597.077, 3568047.925, 3652346.793,  1.332,  2.562, 150.787,  4.171, -7.661,  0.091
194861.4, 2270, 35.15921401, 136.88274506, 41.053, -3810598.288, 3568047.927, 3652345.568,  1.458,  2.613, 150.589,  4.100, -7.453,  0.094
194861.6, 2270, 35.15920077, 136.88275396, 41.073, -3810599.472, 3568047.924, 3652344.379,  1.546,  2.520, 150.403,  4.017, -7.223,  0.100
194861.8, 2270, 35.15918794, 136.88276267, 41.092, -3810600.624, 3568047.916, 3652343.226,  1.645,  2.395, 150.206,  3.908, -7.009,  0.087
194862.0, 2270, 35.15917552, 136.88277116, 41.106, -3810601.741, 3568047.902, 3652342.108,  1.739,  2.265, 149.912,  3.834, -6.756,  0.059
194862.2, 2270, 35.15916361, 136.88277951, 41.119, -3810602.824, 3568047.874, 3652341.035,  1.770,  2.444, 149.635,  3.727, -6.501,  0.051
194862.4, 2270, 35.15915212, 136.88278769, 41.131, -3810603.876, 3568047.838, 3652340.000,  1.654,  2.580, 149.361,  3.672, -6.270,  0.061
194862.6, 2270, 35.15914105, 136.88279571, 41.148, -3810604.902, 3568047.798, 3652339.006,  1.455,  2.509, 149.067,  3.564, -6.050,  0.089
194862.8, 2270, 35.15913042, 136.88280347, 41.165, -3810605.892, 3568047.756, 3652338.050,  1.346,  2.535, 148.802,  3.479, -5.785,  0.060
194863.0, 2270, 35.15912017, 136.88281107, 41.178, -3810606.850, 3568047.705, 3652337.129,  1.149,  2.501, 148.645,  3.372, -5.622,  0.044
194863.2, 2270, 35.15911019, 136.88281839, 41.191, -3810607.779, 3568047.661, 3652336.231,  1.243,  2.753, 148.627,  3.262, -5.481,  0.065
194863.4, 2270, 35.15910042, 136.88282556, 41.206, -3810608.691, 3568047.619, 3652335.353,  1.306,  2.903, 148.734,  3.204, -5.389,  0.064
194863.6, 2270, 35.15909080, 136.88283256, 41.225, -3810609.586, 3568047.584, 3652334.491,  1.407,  2.736, 149.012,  3.114, -5.315,  0.103
194863.8, 2270, 35.15908138, 136.88283932, 41.246, -3810610.459, 3568047.557, 3652333.649,  1.464,  2.496, 149.360,  3.008, -5.164,  0.079
194864.0, 2270, 35.15907221, 136.88284587, 41.259, -3810611.302, 3568047.530, 3652332.825,  1.280,  2.322, 149.953,  2.884, -5.049,  0.042
194864.2, 2270, 35.15906324, 136.88285200, 41.264, -3810612.106, 3568047.516, 3652332.014,  1.160,  2.371, 150.791,  2.707, -4.913,  0.025
194864.4, 2270, 35.15905447, 136.88285776, 41.270, -3810612.877, 3568047.519, 3652331.222,  1.036,  2.508, 151.777,  2.554, -4.807,  0.033
194864.6, 2270, 35.15904589, 136.88286315, 41.275, -3810613.615, 3568047.539, 3652330.446,  0.899,  2.437, 153.044,  2.359, -4.715,  0.022
194864.8, 2270, 35.15903748, 136.88286812, 41.282, -3810614.321, 3568047.579, 3652329.688,  0.771,  2.181, 154.386,  2.164, -4.593,  0.055
194865.0, 2270, 35.15902932, 136.88287260, 41.292, -3810614.986, 3568047.643, 3652328.954,  0.795,  2.109, 155.788,  1.934, -4.457,  0.040
194865.2, 2270, 35.15902141, 136.88287662, 41.294, -3810615.607, 3568047.722, 3652328.237,  0.893,  2.111, 157.240,  1.744, -4.309, -0.016
194865.4, 2270, 35.15901374, 136.88288028, 41.291, -3810616.191, 3568047.812, 3652327.540,  0.837,  2.043, 158.666,  1.591, -4.200,  0.011
194865.6, 2270, 35.15900631, 136.88288355, 41.294, -3810616.743, 3568047.921, 3652326.868,  0.912,  1.798, 159.999,  1.423, -4.008,  0.012
194865.8, 2270, 35.15899925, 136.88288649, 41.296, -3810617.257, 3568048.035, 3652326.228,  0.740,  1.984, 161.272,  1.256, -3.838,  0.018
194866.0, 2270, 35.15899241, 136.88288908, 41.293, -3810617.735, 3568048.160, 3652325.606,  0.834,  2.222, 162.411,  1.118, -3.752, -0.031
194866.2, 2270, 35.15898572, 136.88289139, 41.285, -3810618.186, 3568048.294, 3652324.995,  1.067,  2.401, 163.371,  1.010, -3.659, -0.021
194866.4, 2270, 35.15897923, 136.88289359, 41.288, -3810618.627, 3568048.431, 3652324.408,  1.033,  2.423, 164.195,  0.986, -3.533,  0.054
194866.6, 2270, 35.15897297, 136.88289566, 41.299, -3810619.055, 3568048.574, 3652323.847,  0.897,  2.138, 164.817,  0.876, -3.404,  0.056
194866.8, 2270, 35.15896700, 136.88289744, 41.304, -3810619.447, 3568048.718, 3652323.308,  1.077,  2.031, 165.264,  0.773, -3.215, -0.006
194867.0, 2270, 35.15896137, 136.88289910, 41.301, -3810619.811, 3568048.852, 3652322.796,  1.216,  2.124, 165.474,  0.758, -3.036, -0.006
194867.2, 2270, 35.15895606, 136.88290074, 41.303, -3810620.163, 3568048.977, 3652322.315,  1.084,  2.042, 165.563,  0.725, -2.860,  0.030
194867.4, 2270, 35.15895105, 136.88290225, 41.307, -3810620.492, 3568049.098, 3652321.864,  1.037,  1.999, 165.689,  0.650, -2.688,  0.009
194867.6, 2270, 35.15894636, 136.88290358, 41.306, -3810620.794, 3568049.213, 3652321.437,  1.180,  2.031, 165.858,  0.589, -2.515, -0.011
194867.8, 2270, 35.15894199, 136.88290485, 41.305, -3810621.075, 3568049.319, 3652321.040,  1.184,  2.090, 166.037,  0.562, -2.345,  0.001
194868.0, 2270, 35.15893791, 136.88290603, 41.306, -3810621.340, 3568049.419, 3652320.671,  1.124,  2.041, 166.204,  0.518, -2.168,  0.006
194868.2, 2270, 35.15893418, 136.88290710, 41.307, -3810621.581, 3568049.511, 3652320.332,  1.082,  2.048, 166.371,  0.456, -1.974,  0.007
194868.4, 2270, 35.15893078, 136.88290804, 41.308, -3810621.799, 3568049.598, 3652320.025,  1.103,  2.045, 166.517,  0.412, -1.800,  0.006
194868.6, 2270, 35.15892770, 136.88290888, 41.308, -3810621.995, 3568049.677, 3652319.746,  1.128,  2.040, 166.661,  0.361, -1.617,  0.001
194868.8, 2270, 35.15892493, 136.88290962, 41.309, -3810622.170, 3568049.749, 3652319.495,  1.175,  2.053, 166.782,  0.318, -1.451,  0.002
194869.0, 2270, 35.15892246, 136.88291028, 41.309, -3810622.327, 3568049.813, 3652319.271,  1.184,  2.065, 166.903,  0.284, -1.287,  0.004
194869.2, 2270, 35.15892029, 136.88291093, 41.312, -3810622.470, 3568049.866, 3652319.075,  1.171,  2.092, 167.000,  0.253, -1.135,  0.004
194869.4, 2270, 35.15891840, 136.88291150, 41.314, -3810622.595, 3568049.912, 3652318.906,  1.185,  2.128, 167.092,  0.209, -0.979,  0.001
194869.6, 2270, 35.15891676, 136.88291200, 41.317, -3810622.704, 3568049.952, 3652318.758,  1.187,  2.159, 167.173,  0.188, -0.847, -0.000
194869.8, 2270, 35.15891537, 136.88291243, 41.320, -3810622.798, 3568049.985, 3652318.634,  1.187,  2.158, 167.232,  0.150, -0.703,  0.008
194870.0, 2270, 35.15891425, 136.88291279, 41.323, -3810622.874, 3568050.012, 3652318.534,  1.181,  2.162, 167.292,  0.122, -0.552,  0.004
194870.2, 2270, 35.15891340, 136.88291302, 41.324, -3810622.929, 3568050.035, 3652318.457,  1.157,  2.167, 167.327,  0.088, -0.398,  0.005
194870.4, 2270, 35.15891281, 136.88291318, 41.324, -3810622.966, 3568050.050, 3652318.405,  1.140,  2.172, 167.356,  0.056, -0.252,  0.003
194870.6, 2270, 35.15891248, 136.88291326, 41.325, -3810622.987, 3568050.059, 3652318.375,  1.139,  2.182, 167.367,  0.021, -0.115,  0.005
194870.8, 2270, 35.15891243, 136.88291327, 41.326, -3810622.991, 3568050.061, 3652318.371,  1.140,  2.196, 167.379, -0.000,  0.000, -0.001
194871.0, 2270, 35.15891244, 136.88291327, 41.326, -3810622.990, 3568050.061, 3652318.372,  1.141,  2.266, 167.376, -0.006,  0.024,  0.002
194871.2, 2270, 35.15891245, 136.88291326, 41.326, -3810622.990, 3568050.061, 3652318.373,  1.156,  2.303, 167.381, -0.003, -0.007,  0.007
194871.4, 2270, 35.15891245, 136.88291326, 41.326, -3810622.990, 3568050.061, 3652318.373,  1.161,  2.295, 167.380, -0.001,  0.008,  0.002
194871.6, 2270, 35.15891245, 136.88291326, 41.326, -3810622.990, 3568050.061, 3652318.373,  1.155,  2.299, 167.379, -0.002, -0.002,  0.005
194871.8, 2270, 35.15891245, 136.88291326, 41.326, -3810622.990, 3568050.061, 3652318.373,  1.157,  2.299, 167.379, -0.002,  0.004,  0.005
194872.0, 2270, 35.15891245, 136.88291326, 41.326, -3810622.990, 3568050.061, 3652318.373,  1.156,  2.299, 167.380,  0.000, -0.000,  0.004
194872.2, 2270, 35.15891245, 136.88291326, 41.326, -3810622.990, 3568050.061, 3652318.373,  1.157,  2.297, 167.380, -0.004,  0.002,  0.004
194872.4, 2270, 35.15891245, 136.88291326, 41.326, -3810622.990, 3568050.061, 3652318.373,  1.158,  2.298, 167.379, -0.001,  0.001,  0.004
194872.6, 2270, 35.15891245, 136.88291326, 41.326, -3810622.990, 3568050.061, 3652318.373,  1.155,  2.298, 167.378, -0.001,  0.002,  0.004
194872.8, 2270, 35.15891245, 136.88291326, 41.326, -3810622.990, 3568050.061, 3652318.373,  1.156,  2.297, 167.378, -0.002,  0.001,  0.004
194873.0, 2270, 35.15891245, 136.88291326, 41.326, -3810622.990, 3568050.061, 3652318.373,  1.157,  2.297, 167.380, -0.001,  0.000,  0.003
194873.2, 2270, 35.15891245, 136.88291326, 41.326, -3810622.990, 3568050.061, 3652318.373,  1.155,  2.296, 167.381, -0.000, -0.000,  0.003
194873.4, 2270, 35.15891245, 136.88291326, 41.326, -3810622.990, 3568050.061, 3652318.373,  1.157,  2.297, 167.381, -0.001,  0.001,  0.003
194873.6, 2270, 35.15891245, 136.88291326, 41.326, -3810622.990, 3568050.061, 3652318.373,  1.156,  2.295, 167.382, -0.001,  0.001,  0.004
194873.8, 2270, 35.15891245, 136.88291326, 41.326, -3810622.990, 3568050.061, 3652318.373,  1.157,  2.295, 167.382,  0.000,  0.001,  0.003
194874.0, 2270, 35.15891245, 136.88291326, 41.326, -3810622.990, 3568050.061, 3652318.373,  1.155,  2.295, 167.381, -0.001,  0.000,  0.003
194874.2, 2270, 35.15891245, 136.88291326, 41.326, -3810622.990, 3568050.061, 3652318.373,  1.157,  2.294, 167.381, -0.001,  0.001,  0.003
194874.4, 2270, 35.15891245, 136.88291326, 41.326, -3810622.990, 3568050.061, 3652318.373,  1.154,  2.295, 167.382,  0.001,  0.000,  0.003
194874.6, 2270, 35.15891245, 136.88291326, 41.326, -3810622.990, 3568050.061, 3652318.373,  1.154,  2.296, 167.381,  0.001,  0.001,  0.003
194874.8, 2270, 35.15891245, 136.88291326, 41.326, -3810622.990, 3568050.061, 3652318.373,  1.155,  2.295, 167.383, -0.000,  0.002,  0.004
194875.0, 2270, 35.15891245, 136.88291326, 41.326, -3810622.990, 3568050.061, 3652318.373,  1.154,  2.295, 167.382,  0.001,  0.001,  0.003
194875.2, 2270, 35.15891245, 136.88291326, 41.326, -3810622.990, 3568050.061, 3652318.373,  1.155,  2.295, 167.382,  0.002,  0.002,  0.002
194875.4, 2270, 35.15891245, 136.88291326, 41.326, -3810622.990, 3568050.061, 3652318.373,  1.155,  2.295, 167.382,  0.001,  0.001,  0.003
194875.6, 2270, 35.15891245, 136.88291326, 41.326, -3810622.990, 3568050.061, 3652318.373,  1.156,  2.296, 167.384,  0.001,  0.001,  0.002
194875.8, 2270, 35.15891245, 136.88291326, 41.326, -3810622.990, 3568050.061, 3652318.373,  1.155,  2.293, 167.384,  0.001,  0.000,  0.003
194876.0, 2270, 35.15891245, 136.88291326, 41.326, -3810622.990, 3568050.061, 3652318.373,  1.156,  2.294, 167.385,  0.001,  0.001,  0.003
194876.2, 2270, 35.15891245, 136.88291326, 41.326, -3810622.990, 3568050.061, 3652318.373,  1.154,  2.293, 167.386,  0.001,  0.001,  0.002
194876.4, 2270, 35.15891245, 136.88291326, 41.326, -3810622.990, 3568050.061, 3652318.373,  1.155,  2.295, 167.385,  0.000,  0.002,  0.002
194876.6, 2270, 35.15891245, 136.88291326, 41.326, -3810622.990, 3568050.061, 3652318.373,  1.156,  2.293, 167.385,  0.002,  0.002,  0.002
194876.8, 2270, 35.15891245, 136.88291326, 41.326, -3810622.990, 3568050.061, 3652318.373,  1.157,  2.294, 167.385,  0.002,  0.002,  0.002
194877.0, 2270, 35.15891245, 136.88291326, 41.326, -3810622.990, 3568050.061, 3652318.373,  1.154,  2.294, 167.385,  0.002,  0.001,  0.001
194877.2, 2270, 35.15891245, 136.88291326, 41.326, -3810622.990, 3568050.061, 3652318.373,  1.155,  2.293, 167.384, -0.000,  0.002,  0.001
194877.4, 2270, 35.15891245, 136.88291326, 41.326, -3810622.990, 3568050.061, 3652318.373,  1.156,  2.293, 167.384,  0.003,  0.003,  0.002
194877.6, 2270, 35.15891245, 136.88291326, 41.326, -3810622.990, 3568050.061, 3652318.373,  1.153,  2.293, 167.385, -0.001, -0.000,  0.003
194877.8, 2270, 35.15891245, 136.88291326, 41.326, -3810622.990, 3568050.061, 3652318.373,  1.157,  2.296, 167.385,  0.002,  0.002,  0.001
194878.0, 2270, 35.15891245, 136.88291326, 41.326, -3810622.990, 3568050.061, 3652318.373,  1.151,  2.295, 167.384,  0.001,  0.001,  0.002
194878.2, 2270, 35.15891245, 136.88291326, 41.326, -3810622.990, 3568050.061, 3652318.373,  1.153,  2.294, 167.383,  0.000,  0.001,  0.002
194878.4, 2270, 35.15891245, 136.88291326, 41.326, -3810622.990, 3568050.061, 3652318.373,  1.153,  2.294, 167.384,  0.002,  0.002,  0.001
194878.6, 2270, 35.15891245, 136.88291326, 41.326, -3810622.990, 3568050.061, 3652318.373,  1.155,  2.294, 167.385,  0.000,  0.002,  0.002
194878.8, 2270, 35.15891245, 136.88291326, 41.326, -3810622.990, 3568050.061, 3652318.373,  1.157,  2.296, 167.384,  0.002,  0.001,  0.001
194879.0, 2270, 35.15891245, 136.88291326, 41.326, -3810622.990, 3568050.061, 3652318.373,  1.153,  2.296, 167.383,  0.003,  0.001,  0.000
194879.2, 2270, 35.15891245, 136.88291326, 41.326, -3810622.990, 3568050.061, 3652318.373,  1.155,  2.296, 167.383,  0.001,  0.003,  0.001
194879.4, 2270, 35.15891245, 136.88291326, 41.326, -3810622.990, 3568050.061, 3652318.373,  1.158,  2.296, 167.383,  0.002,  0.003,  0.000
194879.6, 2270, 35.15891245, 136.88291326, 41.326, -3810622.990, 3568050.061, 3652318.373,  1.158,  2.295, 167.382,  0.002,  0.003, -0.000
194879.8, 2270, 35.15891245, 136.88291326, 41.326, -3810622.990, 3568050.061, 3652318.373,  1.157,  2.296, 167.385,  0.002,  0.001,  0.000
194880.0, 2270, 35.15891245, 136.88291326, 41.326, -3810622.990, 3568050.061, 3652318.373,  1.159,  2.296, 167.382,  0.001,  0.002, -0.000
194880.2, 2270, 35.15891245, 136.88291326, 41.326, -3810622.990, 3568050.061, 3652318.373,  1.156,  2.295, 167.382,  0.001,  0.001,  0.000
194880.4, 2270, 35.15891245, 136.88291326, 41.326, -3810622.990, 3568050.061, 3652318.373,  1.158,  2.296, 167.382,  0.001,  0.002,  0.001
194880.6, 2270, 35.15891245, 136.88291326, 41.326, -3810622.990, 3568050.061, 3652318.373,  1.155,  2.293, 167.383,  0.002,  0.002,  0.000
194880.8, 2270, 35.15891245, 136.88291326, 41.326, -3810622.990, 3568050.061, 3652318.373,  1.158,  2.296, 167.383,  0.002,  0.001,  0.000
194881.0, 2270, 35.15891245, 136.88291326, 41.326, -3810622.990, 3568050.061, 3652318.373,  1.160,  2.294, 167.382,  0.003,  0.002, -0.001
194881.2, 2270, 35.15891245, 136.88291326, 41.326, -3810622.990, 3568050.061, 3652318.373,  1.158,  2.295, 167.383,  0.001,  0.001, -0.000
194881.4, 2270, 35.15891245, 136.88291326, 41.326, -3810622.990, 3568050.062, 3652318.373,  1.162,  2.294, 167.382,  0.002,  0.003, -0.001
194881.6, 2270, 35.15891245, 136.88291326, 41.326, -3810622.990, 3568050.061, 3652318.373,  1.159,  2.292, 167.383,  0.003,  0.000, -0.001
194881.8, 2270, 35.15891245, 136.88291326, 41.326, -3810622.990, 3568050.062, 3652318.373,  1.162,  2.295, 167.382,  0.003,  0.003, -0.001
194882.0, 2270, 35.15891245, 136.88291326, 41.326, -3810622.990, 3568050.061, 3652318.373,  1.160,  2.293, 167.382,  0.004,  0.002, -0.001
194882.2, 2270, 35.15891245, 136.88291326, 41.326, -3810622.990, 3568050.061, 3652318.373,  1.161,  2.296, 167.381,  0.001,  0.002, -0.001
194882.4, 2270, 35.15891245, 136.88291326, 41.326, -3810622.990, 3568050.062, 3652318.373,  1.162,  2.295, 167.380,  0.001,  0.002, -0.000
194882.6, 2270, 35.15891245, 136.88291326, 41.326, -3810622.990, 3568050.061, 3652318.373,  1.159,  2.296, 167.379,  0.001,  0.002, -0.001
194882.8, 2270, 35.15891245, 136.88291326, 41.326, -3810622.990, 3568050.061, 3652318.373,  1.161,  2.294, 167.381,  0.001,  0.000, -0.001
194883.0, 2270, 35.15891245, 136.88291326, 41.326, -3810622.990, 3568050.062, 3652318.373,  1.163,  2.297, 167.380,  0.003,  0.002, -0.000
194883.2, 2270, 35.15891245, 136.88291326, 41.326, -3810622.990, 3568050.061, 3652318.373,  1.161,  2.296, 167.382, -0.000,  0.001, -0.002
194883.4, 2270, 35.15891245, 136.88291326, 41.326, -3810622.990, 3568050.062, 3652318.373,  1.166,  2.296, 167.380,  0.001,  0.001, -0.001
194883.6, 2270, 35.15891245, 136.88291326, 41.326, -3810622.990, 3568050.061, 3652318.373,  1.160,  2.295, 167.378,  0.001,  0.002, -0.001
194883.8, 2270, 35.15891245, 136.88291326, 41.326, -3810622.990, 3568050.062, 3652318.373,  1.165,  2.294, 167.381, -0.001,  0.000, -0.001
194884.0, 2270, 35.15891245, 136.88291326, 41.326, -3810622.990, 3568050.062, 3652318.373,  1.163,  2.294, 167.381,  0.003,  0.001, -0.001
194884.2, 2270, 35.15891245, 136.88291326, 41.326, -3810622.990, 3568050.062, 3652318.373,  1.164,  2.295, 167.380,  0.000,  0.002, -0.000
194884.4, 2270, 35.15891245, 136.88291326, 41.326, -3810622.990, 3568050.062, 3652318.373,  1.165,  2.294, 167.383,  0.002,  0.001, -0.003
194884.6, 2270, 35.15891245, 136.88291326, 41.326, -3810622.990, 3568050.061, 3652318.373,  1.160,  2.294, 167.384,  0.001,  0.001, -0.000
194884.8, 2270, 35.15891245, 136.88291326, 41.326, -3810622.990, 3568050.062, 3652318.373,  1.165,  2.294, 167.383, -0.001,  0.000, -0.001
194885.0, 2270, 35.15891245, 136.88291326, 41.326, -3810622.990, 3568050.062, 3652318.373,  1.162,  2.292, 167.385,  0.001, -0.001, -0.003
194885.2, 2270, 35.15891245, 136.88291326, 41.326, -3810622.990, 3568050.062, 3652318.373,  1.163,  2.292, 167.384, -0.002, -0.001, -0.001
194885.4, 2270, 35.15891244, 136.88291326, 41.326, -3810622.990, 3568050.062, 3652318.373,  1.168,  2.292, 167.384,  0.002, -0.000, -0.002
194885.6, 2270, 35.15891245, 136.88291326, 41.326, -3810622.990, 3568050.062, 3652318.373,  1.161,  2.293, 167.385, -0.000,  0.002, -0.004
194885.8, 2270, 35.15891245, 136.88291326, 41.326, -3810622.990, 3568050.062, 3652318.373,  1.166,  2.293, 167.384,  0.002,  0.000, -0.001
194886.0, 2270, 35.15891245, 136.88291326, 41.326, -3810622.990, 3568050.061, 3652318.373,  1.159,  2.292, 167.385,  0.002,  0.001, -0.004
194886.2, 2270, 35.15891245, 136.88291326, 41.326, -3810622.990, 3568050.062, 3652318.373,  1.161,  2.293, 167.385, -0.001, -0.001, -0.003
194886.4, 2270, 35.15891245, 136.88291326, 41.326, -3810622.990, 3568050.062, 3652318.373,  1.160,  2.291, 167.386,  0.002,  0.002, -0.002
194886.6, 2270, 35.15891245, 136.88291326, 41.326, -3810622.990, 3568050.062, 3652318.373,  1.161,  2.294, 167.386, -0.001, -0.001, -0.001
194886.8, 2270, 35.15891245, 136.88291326, 41.326, -3810622.990, 3568050.062, 3652318.373,  1.163,  2.294, 167.386,  0.000,  0.001, -0.003
194887.0, 2270, 35.15891245, 136.88291326, 41.326, -3810622.990, 3568050.062, 3652318.373,  1.160,  2.293, 167.386, -0.000, -0.000, -0.001
194887.2, 2270, 35.15891245, 136.88291326, 41.326, -3810622.990, 3568050.062, 3652318.373,  1.162,  2.294, 167.386,  0.000,  0.000, -0.003
194887.4, 2270, 35.15891245, 136.88291326, 41.326, -3810622.990, 3568050.062, 3652318.373,  1.160,  2.292, 167.386,  0.000, -0.000, -0.002
194887.6, 2270, 35.15891245, 136.88291326, 41.326, -3810622.990, 3568050.062, 3652318.373,  1.162,  2.293, 167.387, -0.001,  0.000, -0.002
194887.8, 2270, 35.15891245, 136.88291326, 41.326, -3810622.990, 3568050.062, 3652318.373,  1.162,  2.292, 167.386,  0.000,  0.001, -0.002
194888.0, 2270, 35.15891245, 136.88291326, 41.326, -3810622.990, 3568050.062, 3652318.373,  1.164,  2.292, 167.386, -0.001,  0.000, -0.001
194888.2, 2270, 35.15891245, 136.88291326, 41.326, -3810622.990, 3568050.062, 3652318.373,  1.163,  2.293, 167.386,  0.001, -0.001, -0.003
194888.4, 2270, 35.15891245, 136.88291326, 41.326, -3810622.990, 3568050.062, 3652318.373,  1.165,  2.292, 167.385,  0.001, -0.001, -0.002
194888.6, 2270, 35.15891245, 136.88291326, 41.326, -3810622.990, 3568050.062, 3652318.373,  1.164,  2.293, 167.386,  0.001, -0.000, -0.002
194888.8, 2270, 35.15891245, 136.88291326, 41.326, -3810622.990, 3568050.062, 3652318.373,  1.162,  2.292, 167.387,  0.001, -0.001, -0.002
194889.0, 2270, 35.15891245, 136.88291326, 41.326, -3810622.990, 3568050.062, 3652318.373,  1.165,  2.293, 167.386, -0.000, -0.001, -0.001
194889.2, 2270, 35.15891245, 136.88291326, 41.326, -3810622.990, 3568050.062, 3652318.373,  1.164,  2.294, 167.387,  0.001, -0.000, -0.002
194889.4, 2270, 35.15891245, 136.88291326, 41.326, -3810622.990, 3568050.062, 3652318.373,  1.164,  2.293, 167.387, -0.001, -0.002, -0.001
194889.6, 2270, 35.15891245, 136.88291326, 41.326, -3810622.990, 3568050.062, 3652318.373,  1.165,  2.294, 167.386,  0.002,  0.000, -0.002
194889.8, 2270, 35.15891245, 136.88291326, 41.326, -3810622.990, 3568050.062, 3652318.373,  1.162,  2.293, 167.386, -0.002, -0.001, -0.002
194890.0, 2270, 35.15891245, 136.88291326, 41.326, -3810622.990, 3568050.062, 3652318.373,  1.166,  2.294, 167.387, -0.000, -0.000, -0.001
194890.2, 2270, 35.15891245, 136.88291326, 41.326, -3810622.990, 3568050.062, 3652318.373,  1.160,  2.294, 167.386,  0.002, -0.001, -0.002
194890.4, 2270, 35.15891245, 136.88291326, 41.326, -3810622.990, 3568050.062, 3652318.373,  1.164,  2.293, 167.384, -0.001,  0.000, -0.002
194890.6, 2270, 35.15891244, 136.88291326, 41.326, -3810622.990, 3568050.062, 3652318.373,  1.164,  2.292, 167.386, -0.000, -0.001, -0.001
194890.8, 2270, 35.15891245, 136.88291326, 41.326, -3810622.990, 3568050.062, 3652318.373,  1.165,  2.292, 167.386, -0.001, -0.001, -0.002
194891.0, 2270, 35.15891245, 136.88291326, 41.326, -3810622.990, 3568050.062, 3652318.373,  1.165,  2.292, 167.385,  0.001, -0.001, -0.001
194891.2, 2270, 35.15891245, 136.88291326, 41.326, -3810622.990, 3568050.062, 3652318.373,  1.164,  2.294, 167.387, -0.001, -0.002, -0.002
194891.4, 2270, 35.15891245, 136.88291326, 41.326, -3810622.990, 3568050.062, 3652318.373,  1.165,  2.293, 167.386,  0.001, -0.000, -0.002
194891.6, 2270, 35.15891245, 136.88291326, 41.326, -3810622.990, 3568050.062, 3652318.373,  1.163,  2.294, 167.385, -0.001,  0.000, -0.001
194891.8, 2270, 35.15891245, 136.88291326, 41.326, -3810622.990, 3568050.062, 3652318.373,  1.164,  2.294, 167.385, -0.002, -0.001, -0.002
194892.0, 2270, 35.15891245, 136.88291326, 41.326, -3810622.990, 3568050.062, 3652318.373,  1.165,  2.292, 167.385,  0.001, -0.003, -0.002
194892.2, 2270, 35.15891245, 136.88291326, 41.326, -3810622.990, 3568050.061, 3652318.373,  1.160,  2.293, 167.384, -0.001,  0.000, -0.000
194892.4, 2270, 35.15891244, 136.88291326, 41.326, -3810622.990, 3568050.062, 3652318.373,  1.163,  2.290, 167.385, -0.001, -0.001, -0.002
194892.6, 2270, 35.15891245, 136.88291326, 41.326, -3810622.990, 3568050.061, 3652318.373,  1.159,  2.293, 167.387,  0.002, -0.002, -0.002
194892.8, 2270, 35.15891245, 136.88291326, 41.326, -3810622.990, 3568050.062, 3652318.373,  1.161,  2.292, 167.385, -0.004, -0.000, -0.001
194893.0, 2270, 35.15891245, 136.88291326, 41.326, -3810622.990, 3568050.062, 3652318.373,  1.162,  2.293, 167.386,  0.000, -0.002, -0.001
194893.2, 2270, 35.15891245, 136.88291326, 41.326, -3810622.990, 3568050.061, 3652318.373,  1.158,  2.293, 167.384, -0.002, -0.001, -0.001
194893.4, 2270, 35.15891245, 136.88291326, 41.326, -3810622.990, 3568050.062, 3652318.373,  1.161,  2.293, 167.383, -0.002, -0.000, -0.001
194893.6, 2270, 35.15891245, 136.88291326, 41.326, -3810622.990, 3568050.061, 3652318.373,  1.158,  2.293, 167.384,  0.001,  0.000, -0.002
194893.8, 2270, 35.15891245, 136.88291326, 41.326, -3810622.990, 3568050.061, 3652318.373,  1.159,  2.293, 167.384, -0.002,  0.001, -0.002
194894.0, 2270, 35.15891245, 136.88291326, 41.326, -3810622.990, 3568050.062, 3652318.373,  1.161,  2.293, 167.382,  0.000, -0.000, -0.001
194894.2, 2270, 35.15891245, 136.88291326, 41.326, -3810622.990, 3568050.061, 3652318.373,  1.157,  2.292, 167.383, -0.000,  0.001, -0.001
194894.4, 2270, 35.15891245, 136.88291326, 41.326, -3810622.990, 3568050.062, 3652318.373,  1.162,  2.292, 167.383,  0.000, -0.000, -0.002
194894.6, 2270, 35.15891245, 136.88291326, 41.326, -3810622.990, 3568050.061, 3652318.373,  1.159,  2.292, 167.381,  0.001,  0.000, -0.002
194894.8, 2270, 35.15891245, 136.88291326, 41.326, -3810622.990, 3568050.061, 3652318.373,  1.159,  2.292, 167.381, -0.003, -0.001, -0.000
194895.0, 2270, 35.15891245, 136.88291326, 41.326, -3810622.990, 3568050.062, 3652318.373,  1.162,  2.292, 167.381,  0.000,  0.000, -0.002
194895.2, 2270, 35.15891245, 136.88291326, 41.326, -3810622.990, 3568050.061, 3652318.373,  1.157,  2.294, 167.382, -0.001,  0.001, -0.001
194895.4, 2270, 35.15891245, 136.88291326, 41.326, -3810622.990, 3568050.062, 3652318.373,  1.163,  2.292, 167.382, -0.002,  0.001, -0.001
194895.6, 2270, 35.15891245, 136.88291326, 41.326, -3810622.990, 3568050.061, 3652318.373,  1.161,  2.292, 167.382,  0.001, -0.001, -0.001
194895.8, 2270, 35.15891245, 136.88291326, 41.326, -3810622.990, 3568050.061, 3652318.373,  1.160,  2.293, 167.383, -0.003, -0.000, -0.001
194896.0, 2270, 35.15891245, 136.88291326, 41.326, -3810622.990, 3568050.062, 3652318.373,  1.162,  2.292, 167.380,  0.000,  0.000, -0.001
194896.2, 2270, 35.15891245, 136.88291326, 41.326, -3810622.990, 3568050.061, 3652318.373,  1.156,  2.291, 167.383, -0.001, -0.001, -0.001
194896.4, 2270, 35.15891245, 136.88291326, 41.326, -3810622.990, 3568050.062, 3652318.373,  1.163,  2.291, 167.382, -0.003, -0.002, -0.000
194896.6, 2270, 35.15891245, 136.88291326, 41.326, -3810622.990, 3568050.061, 3652318.373,  1.159,  2.291, 167.382,  0.002,  0.001, -0.001
194896.8, 2270, 35.15891244, 136.88291326, 41.326, -3810622.990, 3568050.061, 3652318.372,  1.158,  2.289, 167.382, -0.003, -0.000, -0.001
194897.0, 2270, 35.15891245, 136.88291326, 41.326, -3810622.990, 3568050.062, 3652318.373,  1.164,  2.291, 167.383,  0.000, -0.002, -0.000
194897.2, 2270, 35.15891245, 136.88291326, 41.326, -3810622.990, 3568050.061, 3652318.373,  1.158,  2.292, 167.383,  0.000,  0.000, -0.001
194897.4, 2270, 35.15891245, 136.88291326, 41.326, -3810622.990, 3568050.062, 3652318.373,  1.163,  2.291, 167.382, -0.002, -0.001, -0.001
194897.6, 2270, 35.15891245, 136.88291326, 41.326, -3810622.990, 3568050.061, 3652318.373,  1.160,  2.291, 167.384,  0.001,  0.000, -0.001
194897.8, 2270, 35.15891245, 136.88291326, 41.326, -3810622.990, 3568050.061, 3652318.373,  1.159,  2.290, 167.383, -0.002,  0.000,  0.000
194898.0, 2270, 35.15891245, 136.88291326, 41.326, -3810622.990, 3568050.062, 3652318.373,  1.161,  2.291, 167.383,  0.001,  0.001, -0.001
194898.2, 2270, 35.15891245, 136.88291326, 41.326, -3810622.990, 3568050.061, 3652318.373,  1.159,  2.292, 167.383, -0.001, -0.001,  0.000
194898.4, 2270, 35.15891245, 136.88291326, 41.326, -3810622.990, 3568050.062, 3652318.373,  1.161,  2.290, 167.384, -0.001, -0.000, -0.001
194898.6, 2270, 35.15891245, 136.88291326, 41.326, -3810622.990, 3568050.062, 3652318.373,  1.160,  2.291, 167.385,  0.001, -0.001, -0.001
194898.8, 2270, 35.15891245, 136.88291326, 41.326, -3810622.990, 3568050.062, 3652318.373,  1.161,  2.291, 167.385,  0.000,  0.001, -0.001
194899.0, 2270, 35.15891245, 136.88291326, 41.326, -3810622.990, 3568050.062, 3652318.373,  1.160,  2.291, 167.386,  0.000, -0.001,  0.000
194899.2, 2270, 35.15891245, 136.88291326, 41.326, -3810622.990, 3568050.062, 3652318.373,  1.162,  2.292, 167.385, -0.001,  0.000, -0.001
194899.4, 2270, 35.15891244, 136.88291326, 41.326, -3810622.990, 3568050.062, 3652318.373,  1.162,  2.291, 167.387, -0.000, -0.001,  0.000
194899.6, 2270, 35.15891245, 136.88291326, 41.326, -3810622.990, 3568050.062, 3652318.373,  1.161,  2.292, 167.385,  0.001, -0.001, -0.000
194899.8, 2270, 35.15891245, 136.88291326, 41.326, -3810622.990, 3568050.061, 3652318.373,  1.159,  2.291, 167.384,  0.001,  0.001, -0.001
194900.0, 2270, 35.15891244, 136.88291326, 41.326, -3810622.990, 3568050.061, 3652318.372,  1.160,  2.290, 167.384,  0.001,  0.000, -0.002
194900.2, 2270, 35.15891244, 136.88291326, 41.326, -3810622.990, 3568050.062, 3652318.372,  1.160,  2.290, 167.385,  0.001, -0.001, -0.001
194900.4, 2270, 35.15891245, 136.88291326, 41.326, -3810622.990, 3568050.061, 3652318.373,  1.157,  2.291, 167.385, -0.001, -0.001,  0.001
194900.6, 2270, 35.15891245, 136.88291326, 41.326, -3810622.990, 3568050.061, 3652318.373,  1.159,  2.294, 167.386,  0.001, -0.001, -0.000
194900.8, 2270, 35.15891245, 136.88291326, 41.326, -3810622.990, 3568050.061, 3652318.373,  1.157,  2.293, 167.387,  0.000, -0.000, -0.000
194901.0, 2270, 35.15891245, 136.88291326, 41.326, -3810622.990, 3568050.062, 3652318.373,  1.161,  2.292, 167.385,  0.001, -0.001,  0.000
194901.2, 2270, 35.15891245, 136.88291326, 41.326, -3810622.990, 3568050.061, 3652318.373,  1.157,  2.293, 167.386, -0.000, -0.000, -0.001
194901.4, 2270, 35.15891245, 136.88291326, 41.326, -3810622.990, 3568050.062, 3652318.373,  1.162,  2.294, 167.386, -0.000, -0.002,  0.001
194901.6, 2270, 35.15891245, 136.88291326, 41.326, -3810622.990, 3568050.062, 3652318.373,  1.163,  2.294, 167.387,  0.003,  0.001, -0.001
194901.8, 2270, 35.15891244, 136.88291326, 41.326, -3810622.990, 3568050.062, 3652318.372,  1.160,  2.291, 167.387, -0.000, -0.001, -0.001
194902.0, 2270, 35.15891245, 136.88291326, 41.326, -3810622.990, 3568050.062, 3652318.373,  1.167,  2.294, 167.385,  0.002, -0.000,  0.001
194902.2, 2270, 35.15891245, 136.88291326, 41.326, -3810622.990, 3568050.061, 3652318.373,  1.158,  2.293, 167.387,  0.003,  0.001, -0.002
194902.4, 2270, 35.15891245, 136.88291326, 41.326, -3810622.990, 3568050.062, 3652318.373,  1.166,  2.294, 167.386, -0.001, -0.001, -0.001
194902.6, 2270, 35.15891245, 136.88291326, 41.326, -3810622.990, 3568050.062, 3652318.373,  1.163,  2.292, 167.388,  0.004,  0.002, -0.000
194902.8, 2270, 35.15891245, 136.88291326, 41.326, -3810622.990, 3568050.062, 3652318.373,  1.162,  2.294, 167.388,  0.000, -0.001, -0.001
194903.0, 2270, 35.15891244, 136.88291326, 41.326, -3810622.990, 3568050.062, 3652318.373,  1.165,  2.292, 167.388,  0.001,  0.001,  0.000
194903.2, 2270, 35.15891245, 136.88291326, 41.326, -3810622.990, 3568050.062, 3652318.373,  1.163,  2.292, 167.387,  0.003, -0.002,  0.000
194903.4, 2270, 35.15891245, 136.88291326, 41.326, -3810622.990, 3568050.062, 3652318.373,  1.165,  2.292, 167.387,  0.000,  0.001, -0.001
194903.6, 2270, 35.15891244, 136.88291326, 41.326, -3810622.990, 3568050.062, 3652318.373,  1.164,  2.291, 167.386,  0.004, -0.000,  0.000
194903.8, 2270, 35.15891245, 136.88291326, 41.326, -3810622.990, 3568050.062, 3652318.373,  1.163,  2.292, 167.386,  0.000,  0.000,  0.000
194904.0, 2270, 35.15891245, 136.88291326, 41.326, -3810622.990, 3568050.062, 3652318.373,  1.166,  2.293, 167.387,  0.001, -0.000, -0.000
194904.2, 2270, 35.15891245, 136.88291326, 41.326, -3810622.990, 3568050.062, 3652318.373,  1.162,  2.295, 167.387, -0.000, -0.001,  0.001
194904.4, 2270, 35.15891245, 136.88291326, 41.326, -3810622.990, 3568050.062, 3652318.373,  1.166,  2.295, 167.386,  0.000, -0.000, -0.000
194904.6, 2270, 35.15891245, 136.88291326, 41.326, -3810622.990, 3568050.062, 3652318.373,  1.165,  2.294, 167.386,  0.002, -0.000, -0.001
194904.8, 2270, 35.15891245, 136.88291326, 41.326, -3810622.990, 3568050.062, 3652318.373,  1.164,  2.294, 167.386, -0.001, -0.002,  0.000
194905.0, 2270, 35.15891245, 136.88291326, 41.326, -3810622.990, 3568050.062, 3652318.373,  1.167,  2.293, 167.387,  0.001,  0.000, -0.001
194905.2, 2270, 35.15891245, 136.88291326, 41.326, -3810622.990, 3568050.062, 3652318.373,  1.165,  2.294, 167.387,  0.000, -0.001, -0.000
194905.4, 2270, 35.15891245, 136.88291326, 41.326, -3810622.990, 3568050.062, 3652318.373,  1.165,  2.294, 167.387,  0.001, -0.000, -0.000
194905.6, 2270, 35.15891245, 136.88291326, 41.326, -3810622.990, 3568050.062, 3652318.373,  1.167,  2.294, 167.387, -0.001, -0.001, -0.000
194905.8, 2270, 35.15891245, 136.88291326, 41.326, -3810622.990, 3568050.062, 3652318.373,  1.165,  2.294, 167.387, -0.000, -0.000, -0.001
194906.0, 2270, 35.15891244, 136.88291326, 41.326, -3810622.990, 3568050.062, 3652318.373,  1.166,  2.292, 167.387, -0.000, -0.001, -0.000
194906.2, 2270, 35.15891244, 136.88291326, 41.326, -3810622.990, 3568050.062, 3652318.373,  1.165,  2.293, 167.389, -0.000, -0.002, -0.001
194906.4, 2270, 35.15891244, 136.88291326, 41.326, -3810622.990, 3568050.062, 3652318.373,  1.166,  2.293, 167.390, -0.000, -0.000,  0.000
194906.6, 2270, 35.15891244, 136.88291326, 41.326, -3810622.990, 3568050.062, 3652318.373,  1.167,  2.293, 167.391, -0.001, -0.002,  0.000
194906.8, 2270, 35.15891245, 136.88291326, 41.326, -3810622.990, 3568050.062, 3652318.373,  1.166,  2.294, 167.391, -0.001, -0.001,  0.001
194907.0, 2270, 35.15891244, 136.88291326, 41.326, -3810622.990, 3568050.062, 3652318.373,  1.167,  2.293, 167.391, -0.001, -0.003,  0.001
194907.2, 2270, 35.15891245, 136.88291326, 41.326, -3810622.990, 3568050.062, 3652318.373,  1.167,  2.296, 167.392, -0.001, -0.001,  0.002
194907.4, 2270, 35.15891244, 136.88291326, 41.326, -3810622.990, 3568050.062, 3652318.373,  1.167,  2.294, 167.391, -0.000, -0.001,  0.001
194907.6, 2270, 35.15891244, 136.88291326, 41.326, -3810622.990, 3568050.062, 3652318.373,  1.165,  2.294, 167.391, -0.001, -0.002,  0.002
194907.8, 2270, 35.15891245, 136.88291326, 41.326, -3810622.990, 3568050.062, 3652318.373,  1.164,  2.295, 167.390, -0.001,  0.000,  0.001
194908.0, 2270, 35.15891245, 136.88291326, 41.326, -3810622.990, 3568050.062, 3652318.373,  1.164,  2.293, 167.389, -0.000, -0.001,  0.001
194908.2, 2270, 35.15891245, 136.88291326, 41.326, -3810622.990, 3568050.062, 3652318.373,  1.163,  2.295, 167.390, -0.000, -0.002,  0.000
194908.4, 2270, 35.15891245, 136.88291326, 41.326, -3810622.990, 3568050.062, 3652318.373,  1.163,  2.294, 167.389,  0.000,  0.001,  0.001
194908.6, 2270, 35.15891245, 136.88291326, 41.326, -3810622.990, 3568050.062, 3652318.373,  1.163,  2.295, 167.388, -0.000, -0.000,  0.001
194908.8, 2270, 35.15891245, 136.88291326, 41.326, -3810622.990, 3568050.062, 3652318.373,  1.164,  2.295, 167.389, -0.003, -0.001,  0.002
194909.0, 2270, 35.15891245, 136.88291326, 41.326, -3810622.990, 3568050.062, 3652318.373,  1.163,  2.295, 167.388,  0.002,  0.001,  0.000
194909.2, 2270, 35.15891245, 136.88291326, 41.326, -3810622.990, 3568050.062, 3652318.373,  1.164,  2.296, 167.388, -0.002, -0.000,  0.001
194909.4, 2270, 35.15891245, 136.88291326, 41.326, -3810622.990, 3568050.062, 3652318.373,  1.165,  2.296, 167.389,  0.001,  0.000,  0.000
194909.6, 2270, 35.15891245, 136.88291326, 41.326, -3810622.990, 3568050.062, 3652318.373,  1.164,  2.296, 167.390, -0.001, -0.000,  0.001
194909.8, 2270, 35.15891245, 136.88291326, 41.326, -3810622.990, 3568050.062, 3652318.373,  1.163,  2.295, 167.389, -0.001, -0.001,  0.001
194910.0, 2270, 35.15891245, 136.88291326, 41.326, -3810622.990, 3568050.062, 3652318.373,  1.164,  2.295, 167.390, -0.003, -0.001,  0.002
194910.2, 2270, 35.15891245, 136.88291326, 41.326, -3810622.990, 3568050.062, 3652318.373,  1.168,  2.296, 167.390, -0.002, -0.001,  0.002
194910.4, 2270, 35.15891245, 136.88291326, 41.326, -3810622.990, 3568050.062, 3652318.373,  1.165,  2.294, 167.390, -0.004,  0.003,  0.003
194910.6, 2270, 35.15891245, 136.88291326, 41.326, -3810622.990, 3568050.062, 3652318.373,  1.164,  2.295, 167.392,  0.001, -0.005, -0.001
194910.8, 2270, 35.15891245, 136.88291326, 41.326, -3810622.990, 3568050.062, 3652318.373,  1.165,  2.293, 167.388, -0.001,  0.005,  0.001
194911.0, 2270, 35.15891244, 136.88291326, 41.326, -3810622.990, 3568050.062, 3652318.373,  1.163,  2.294, 167.393, -0.001, -0.003,  0.001
194911.2, 2270, 35.15891244, 136.88291326, 41.326, -3810622.990, 3568050.062, 3652318.373,  1.166,  2.294, 167.392,  0.000,  0.001, -0.001
194911.4, 2270, 35.15891244, 136.88291326, 41.326, -3810622.990, 3568050.062, 3652318.372,  1.162,  2.290, 167.391,  0.000,  0.000,  0.002
194911.6, 2270, 35.15891244, 136.88291326, 41.326, -3810622.990, 3568050.062, 3652318.372,  1.166,  2.293, 167.394, -0.002, -0.002, -0.001
194911.8, 2270, 35.15891244, 136.88291326, 41.326, -3810622.990, 3568050.062, 3652318.372,  1.164,  2.288, 167.392,  0.001,  0.001,  0.001
194912.0, 2270, 35.15891244, 136.88291326, 41.326, -3810622.990, 3568050.062, 3652318.372,  1.164,  2.291, 167.392, -0.001, -0.001,  0.002
194912.2, 2270, 35.15891244, 136.88291326, 41.326, -3810622.990, 3568050.062, 3652318.372,  1.166,  2.290, 167.392, -0.000,  0.001,  0.000
194912.4, 2270, 35.15891244, 136.88291326, 41.326, -3810622.990, 3568050.062, 3652318.372,  1.166,  2.290, 167.391,  0.000, -0.002,  0.002
194912.6, 2270, 35.15891244, 136.88291326, 41.326, -3810622.990, 3568050.062, 3652318.372,  1.165,  2.291, 167.392,  0.000,  0.000, -0.000
194912.8, 2270, 35.15891244, 136.88291326, 41.326, -3810622.990, 3568050.062, 3652318.372,  1.162,  2.289, 167.392,  0.001, -0.001,  0.000
194913.0, 2270, 35.15891244, 136.88291326, 41.326, -3810622.990, 3568050.062, 3652318.372,  1.168,  2.289, 167.392, -0.001,  0.002,  0.001
194913.2, 2270, 35.15891244, 136.88291326, 41.326, -3810622.990, 3568050.062, 3652318.372,  1.166,  2.290, 167.392,  0.004, -0.004,  0.001
194913.4, 2270, 35.15891244, 136.88291326, 41.326, -3810622.990, 3568050.062, 3652318.372,  1.161,  2.291, 167.391, -0.001,  0.000, -0.000
194913.6, 2270, 35.15891244, 136.88291326, 41.326, -3810622.990, 3568050.062, 3652318.372,  1.170,  2.289, 167.390, -0.000, -0.000,  0.004
194913.8, 2270, 35.15891244, 136.88291326, 41.326, -3810622.990, 3568050.062, 3652318.372,  1.165,  2.291, 167.393,  0.001, -0.002,  0.001
194914.0, 2270, 35.15891244, 136.88291326, 41.326, -3810622.990, 3568050.062, 3652318.372,  1.172,  2.289, 167.391,  0.000, -0.000,  0.000
194914.2, 2270, 35.15891244, 136.88291326, 41.326, -3810622.990, 3568050.062, 3652318.372,  1.170,  2.290, 167.390,  0.002,  0.000,  0.001
194914.4, 2270, 35.15891244, 136.88291326, 41.326, -3810622.990, 3568050.062, 3652318.372,  1.162,  2.290, 167.390,  0.002, -0.001,  0.001
194914.6, 2270, 35.15891244, 136.88291326, 41.326, -3810622.990, 3568050.062, 3652318.372,  1.167,  2.291, 167.391, -0.002, -0.000,  0.002
194914.8, 2270, 35.15891244, 136.88291326, 41.326, -3810622.990, 3568050.062, 3652318.372,  1.169,  2.289, 167.390,  0.002,  0.002,  0.002
194915.0, 2270, 35.15891244, 136.88291326, 41.326, -3810622.990, 3568050.062, 3652318.372,  1.167,  2.289, 167.390, -0.001, -0.002,  0.001
194915.2, 2270, 35.15891244, 136.88291326, 41.326, -3810622.990, 3568050.062, 3652318.372,  1.171,  2.290, 167.389,  0.002, -0.000,  0.000
194915.4, 2270, 35.15891244, 136.88291326, 41.326, -3810622.990, 3568050.062, 3652318.372,  1.167,  2.288, 167.390, -0.001,  0.001,  0.003
194915.6, 2270, 35.15891244, 136.88291326, 41.326, -3810622.990, 3568050.062, 3652318.372,  1.170,  2.289, 167.391,  0.001, -0.003,  0.000
194915.8, 2270, 35.15891244, 136.88291326, 41.326, -3810622.990, 3568050.062, 3652318.372,  1.171,  2.289, 167.390,  0.001,  0.001,  0.000
194916.0, 2270, 35.15891244, 136.88291326, 41.326, -3810622.990, 3568050.062, 3652318.372,  1.171,  2.288, 167.392,  0.000, -0.002,  0.002
194916.2, 2270, 35.15891244, 136.88291326, 41.326, -3810622.990, 3568050.062, 3652318.372,  1.169,  2.291, 167.391,  0.002,  0.001,  0.001
194916.4, 2270, 35.15891244, 136.88291326, 41.326, -3810622.990, 3568050.062, 3652318.372,  1.168,  2.290, 167.390,  0.002, -0.000,  0.001
194916.6, 2270, 35.15891244, 136.88291326, 41.326, -3810622.990, 3568050.062, 3652318.372,  1.168,  2.288, 167.392,  0.001,  0.001,  0.001
194916.8, 2270, 35.15891244, 136.88291326, 41.326, -3810622.990, 3568050.062, 3652318.372,  1.169,  2.289, 167.392,  0.001, -0.000,  0.001
194917.0, 2270, 35.15891244, 136.88291326, 41.326, -3810622.990, 3568050.062, 3652318.372,  1.169,  2.289, 167.390,  0.001,  0.001,  0.001
194917.2, 2270, 35.15891244, 136.88291326, 41.326, -3810622.990, 3568050.062, 3652318.372,  1.169,  2.289, 167.390,  0.001,  0.001,  0.003
194917.4, 2270, 35.15891244, 136.88291326, 41.326, -3810622.990, 3568050.062, 3652318.372,  1.166,  2.289, 167.391, -0.000, -0.001,  0.001
194917.6, 2270, 35.15891244, 136.88291326, 41.326, -3810622.990, 3568050.062, 3652318.372,  1.167,  2.289, 167.389,  0.003, -0.000, -0.001
194917.8, 2270, 35.15891244, 136.88291326, 41.326, -3810622.990, 3568050.062, 3652318.372,  1.164,  2.289, 167.389,  0.002, -0.002, -0.000
194918.0, 2270, 35.15891244, 136.88291326, 41.326, -3810622.990, 3568050.062, 3652318.372,  1.166,  2.290, 167.388,  0.002,  0.002,  0.000
194918.2, 2270, 35.15891244, 136.88291326, 41.326, -3810622.990, 3568050.062, 3652318.372,  1.169,  2.288, 167.386,  0.003,  0.001, -0.000
194918.4, 2270, 35.15891244, 136.88291326, 41.326, -3810622.990, 3568050.062, 3652318.372,  1.168,  2.289, 167.386,  0.002,  0.000, -0.000
194918.6, 2270, 35.15891244, 136.88291326, 41.326, -3810622.990, 3568050.062, 3652318.372,  1.171,  2.287, 167.386, -0.001, -0.000,  0.001
194918.8, 2270, 35.15891244, 136.88291326, 41.326, -3810622.990, 3568050.062, 3652318.373,  1.172,  2.291, 167.387, -0.000, -0.000,  0.001
194919.0, 2270, 35.15891244, 136.88291326, 41.326, -3810622.990, 3568050.062, 3652318.372,  1.173,  2.289, 167.387,  0.001,  0.001, -0.001
194919.2, 2270, 35.15891244, 136.88291326, 41.326, -3810622.990, 3568050.062, 3652318.372,  1.173,  2.289, 167.387,  0.003, -0.002, -0.000
194919.4, 2270, 35.15891244, 136.88291326, 41.326, -3810622.990, 3568050.062, 3652318.372,  1.169,  2.289, 167.385,  0.003, -0.000, -0.001
194919.6, 2270, 35.15891244, 136.88291326, 41.326, -3810622.990, 3568050.062, 3652318.372,  1.166,  2.288, 167.385,  0.002,  0.000, -0.000
194919.8, 2270, 35.15891244, 136.88291326, 41.326, -3810622.990, 3568050.062, 3652318.372,  1.167,  2.289, 167.386,  0.001, -0.002,  0.002
194920.0, 2270, 35.15891245, 136.88291326, 41.326, -3810622.990, 3568050.062, 3652318.373,  1.165,  2.291, 167.384,  0.001, -0.002, -0.000
194920.2, 2270, 35.15891244, 136.88291326, 41.326, -3810622.990, 3568050.062, 3652318.372,  1.168,  2.288, 167.384, -0.001,  0.000, -0.000
194920.4, 2270, 35.15891245, 136.88291326, 41.326, -3810622.990, 3568050.062, 3652318.373,  1.170,  2.293, 167.385,  0.002, -0.002,  0.002
194920.6, 2270, 35.15891244, 136.88291326, 41.326, -3810622.990, 3568050.062, 3652318.372,  1.170,  2.290, 167.385,  0.000,  0.001, -0.000
194920.8, 2270, 35.15891244, 136.88291326, 41.326, -3810622.990, 3568050.062, 3652318.373,  1.170,  2.291, 167.385, -0.001, -0.000,  0.001
194921.0, 2270, 35.15891244, 136.88291326, 41.326, -3810622.990, 3568050.062, 3652318.373,  1.173,  2.291, 167.385,  0.000,  0.000, -0.002
194921.2, 2270, 35.15891244, 136.88291326, 41.326, -3810622.990, 3568050.062, 3652318.373,  1.170,  2.290, 167.385,  0.002, -0.001,  0.000
194921.4, 2270, 35.15891245, 136.88291326, 41.326, -3810622.990, 3568050.062, 3652318.373,  1.170,  2.295, 167.381,  0.004, -0.001, -0.001
194921.6, 2270, 35.15891244, 136.88291326, 41.326, -3810622.990, 3568050.062, 3652318.372,  1.169,  2.288, 167.385,  0.000, -0.001, -0.001
194921.8, 2270, 35.15891244, 136.88291326, 41.326, -3810622.990, 3568050.062, 3652318.372,  1.169,  2.290, 167.386,  0.002,  0.000,  0.000
194922.0, 2270, 35.15891244, 136.88291326, 41.326, -3810622.990, 3568050.062, 3652318.372,  1.166,  2.288, 167.386,  0.000, -0.000, -0.001
194922.2, 2270, 35.15891244, 136.88291326, 41.326, -3810622.990, 3568050.062, 3652318.372,  1.168,  2.288, 167.384,  0.002, -0.000, -0.001
194922.4, 2270, 35.15891244, 136.88291326, 41.326, -3810622.990, 3568050.062, 3652318.372,  1.166,  2.287, 167.385,  0.001,  0.001, -0.002
194922.6, 2270, 35.15891244, 136.88291326, 41.326, -3810622.990, 3568050.062, 3652318.372,  1.172,  2.289, 167.383,  0.002, -0.001,  0.000
194922.8, 2270, 35.15891244, 136.88291326, 41.326, -3810622.990, 3568050.062, 3652318.372,  1.167,  2.287, 167.383,  0.002, -0.000, -0.001
194923.0, 2270, 35.15891244, 136.88291326, 41.326, -3810622.990, 3568050.062, 3652318.372,  1.169,  2.285, 167.385, -0.002,  0.001, -0.001
194923.2, 2270, 35.15891244, 136.88291326, 41.326, -3810622.990, 3568050.062, 3652318.372,  1.170,  2.287, 167.384,  0.003, -0.003, -0.001
194923.4, 2270, 35.15891244, 136.88291326, 41.326, -3810622.990, 3568050.062, 3652318.372,  1.169,  2.286, 167.382,  0.001,  0.001, -0.003
194923.6, 2270, 35.15891244, 136.88291326, 41.326, -3810622.990, 3568050.062, 3652318.372,  1.167,  2.287, 167.384,  0.002, -0.002, -0.001
194923.8, 2270, 35.15891244, 136.88291326, 41.326, -3810622.990, 3568050.062, 3652318.372,  1.168,  2.287, 167.384, -0.001,  0.001, -0.001
194924.0, 2270, 35.15891244, 136.88291326, 41.326, -3810622.990, 3568050.062, 3652318.372,  1.170,  2.288, 167.384,  0.002, -0.000, -0.001
194924.2, 2270, 35.15891244, 136.88291326, 41.326, -3810622.990, 3568050.062, 3652318.373,  1.169,  2.290, 167.383, -0.002,  0.001, -0.003
194924.4, 2270, 35.15891244, 136.88291326, 41.326, -3810622.990, 3568050.062, 3652318.373,  1.172,  2.290, 167.381,  0.002,  0.000, -0.001
194924.6, 2270, 35.15891244, 136.88291326, 41.326, -3810622.990, 3568050.062, 3652318.373,  1.167,  2.289, 167.382,  0.001,  0.001, -0.001
194924.8, 2270, 35.15891244, 136.88291326, 41.326, -3810622.990, 3568050.062, 3652318.372,  1.172,  2.288, 167.382, -0.001,  0.000, -0.002
194925.0, 2270, 35.15891244, 136.88291326, 41.326, -3810622.990, 3568050.062, 3652318.372,  1.169,  2.287, 167.382,  0.000, -0.000, -0.002
194925.2, 2270, 35.15891244, 136.88291326, 41.326, -3810622.990, 3568050.062, 3652318.372,  1.172,  2.288, 167.381, -0.003, -0.000, -0.002
194925.4, 2270, 35.15891244, 136.88291326, 41.326, -3810622.990, 3568050.062, 3652318.372,  1.172,  2.285, 167.381, -0.002, -0.001, -0.003
194925.6, 2270, 35.15891244, 136.88291326, 41.326, -3810622.990, 3568050.062, 3652318.372,  1.168,  2.286, 167.382, -0.003, -0.002, -0.001
194925.8, 2270, 35.15891244, 136.88291326, 41.326, -3810622.990, 3568050.062, 3652318.372,  1.171,  2.288, 167.379, -0.002,  0.000, -0.003
194926.0, 2270, 35.15891244, 136.88291326, 41.326, -3810622.990, 3568050.062, 3652318.372,  1.168,  2.285, 167.380, -0.004, -0.002, -0.003
194926.2, 2270, 35.15891244, 136.88291326, 41.326, -3810622.990, 3568050.062, 3652318.372,  1.172,  2.287, 167.382, -0.004, -0.000, -0.002
194926.4, 2270, 35.15891244, 136.88291326, 41.326, -3810622.990, 3568050.062, 3652318.372,  1.172,  2.286, 167.380, -0.002, -0.002, -0.004
194926.6, 2270, 35.15891244, 136.88291326, 41.326, -3810622.990, 3568050.062, 3652318.372,  1.171,  2.286, 167.379, -0.005,  0.000, -0.004
194926.8, 2270, 35.15891244, 136.88291326, 41.326, -3810622.990, 3568050.062, 3652318.372,  1.174,  2.284, 167.380, -0.004, -0.004, -0.002
194927.0, 2270, 35.15891244, 136.88291326, 41.326, -3810622.990, 3568050.062, 3652318.372,  1.170,  2.286, 167.378, -0.005, -0.001, -0.004
194927.2, 2270, 35.15891244, 136.88291326, 41.326, -3810622.990, 3568050.062, 3652318.372,  1.171,  2.286, 167.378, -0.007, -0.001, -0.004
194927.4, 2270, 35.15891244, 136.88291326, 41.326, -3810622.990, 3568050.062, 3652318.372,  1.173,  2.286, 167.381, -0.007, -0.003, -0.004
194927.6, 2270, 35.15891244, 136.88291326, 41.326, -3810622.990, 3568050.062, 3652318.372,  1.172,  2.286, 167.379, -0.005, -0.002, -0.004
194927.8, 2270, 35.15891244, 136.88291326, 41.326, -3810622.990, 3568050.062, 3652318.372,  1.174,  2.286, 167.378, -0.007, -0.003, -0.004
194928.0, 2270, 35.15891244, 136.88291326, 41.326, -3810622.990, 3568050.062, 3652318.372,  1.172,  2.286, 167.379, -0.006, -0.002, -0.005
194928.2, 2270, 35.15891244, 136.88291326, 41.326, -3810622.990, 3568050.062, 3652318.373,  1.174,  2.287, 167.377, -0.009, -0.002, -0.005
194928.4, 2270, 35.15891244, 136.88291326, 41.326, -3810622.990, 3568050.062, 3652318.372,  1.172,  2.287, 167.377, -0.010, -0.002, -0.005
194928.6, 2270, 35.15891244, 136.88291326, 41.326, -3810622.990, 3568050.062, 3652318.372,  1.172,  2.287, 167.378, -0.011, -0.003, -0.005
194928.8, 2270, 35.15891244, 136.88291326, 41.326, -3810622.990, 3568050.062, 3652318.372,  1.172,  2.285, 167.376, -0.009, -0.002, -0.006
194929.0, 2270, 35.15891244, 136.88291326, 41.326, -3810622.990, 3568050.062, 3652318.372,  1.174,  2.286, 167.377, -0.012, -0.004, -0.006
194929.2, 2270, 35.15891244, 136.88291326, 41.326, -3810622.990, 3568050.062, 3652318.373,  1.175,  2.287, 167.377, -0.013, -0.003, -0.007
194929.4, 2270, 35.15891244, 136.88291326, 41.326, -3810622.990, 3568050.062, 3652318.372,  1.170,  2.286, 167.375, -0.014, -0.006, -0.007
194929.6, 2270, 35.15891244, 136.88291326, 41.326, -3810622.990, 3568050.062, 3652318.373,  1.173,  2.288, 167.376, -0.014, -0.004, -0.007
194929.8, 2270, 35.15891244, 136.88291326, 41.326, -3810622.990, 3568050.062, 3652318.373,  1.173,  2.288, 167.376, -0.013, -0.004, -0.007
194930.0, 2270, 35.15891244, 136.88291326, 41.326, -3810622.990, 3568050.062, 3652318.373,  1.173,  2.287, 167.376, -0.016, -0.004, -0.008
194930.2, 2270, 35.15891244, 136.88291326, 41.326, -3810622.990, 3568050.062, 3652318.373,  1.174,  2.287, 167.376, -0.017, -0.005, -0.008
194930.4, 2270, 35.15891244, 136.88291326, 41.326, -3810622.990, 3568050.062, 3652318.372,  1.173,  2.286, 167.377, -0.017, -0.003, -0.009
194930.6, 2270, 35.15891244, 136.88291326, 41.326, -3810622.990, 3568050.062, 3652318.372,  1.173,  2.287, 167.378, -0.018, -0.004, -0.008
194930.8, 2270, 35.15891244, 136.88291325, 41.326, -3810622.990, 3568050.062, 3652318.372,  1.173,  2.285, 167.378, -0.019, -0.006, -0.009
194931.0, 2270, 35.15891243, 136.88291321, 41.324, -3810622.986, 3568050.064, 3652318.370,  1.175,  2.286, 167.377, -0.021, -0.006, -0.008
194931.2, 2270, 35.15891242, 136.88291316, 41.322, -3810622.982, 3568050.067, 3652318.368,  1.170,  2.298, 167.379, -0.020, -0.013, -0.018
194931.4, 2270, 35.15891234, 136.88291312, 41.317, -3810622.980, 3568050.070, 3652318.357,  1.177,  2.405, 167.390, -0.008, -0.089, -0.025
194931.6, 2270, 35.15891208, 136.88291312, 41.313, -3810622.990, 3568050.079, 3652318.332,  1.184,  2.445, 167.404,  0.018, -0.194, -0.010
194931.8, 2270, 35.15891161, 136.88291319, 41.311, -3810623.015, 3568050.094, 3652318.288,  1.175,  2.483, 167.426,  0.048, -0.331, -0.009
194932.0, 2270, 35.15891087, 136.88291333, 41.308, -3810623.057, 3568050.116, 3652318.219,  1.159,  2.526, 167.461,  0.080, -0.495, -0.012
194932.2, 2270, 35.15890980, 136.88291353, 41.306, -3810623.118, 3568050.147, 3652318.121,  1.153,  2.562, 167.531,  0.118, -0.695, -0.011
194932.4, 2270, 35.15890835, 136.88291383, 41.303, -3810623.203, 3568050.189, 3652317.988,  1.156,  2.563, 167.662,  0.160, -0.909, -0.013
194932.6, 2270, 35.15890653, 136.88291422, 41.300, -3810623.310, 3568050.241, 3652317.821,  1.150,  2.603, 167.835,  0.201, -1.119, -0.012
194932.8, 2270, 35.15890431, 136.88291470, 41.298, -3810623.442, 3568050.305, 3652317.618,  1.145,  2.613, 168.045,  0.242, -1.340, -0.010
194933.0, 2270, 35.15890170, 136.88291526, 41.295, -3810623.597, 3568050.381, 3652317.380,  1.175,  2.641, 168.267,  0.272, -1.562, -0.011
194933.2, 2270, 35.15889868, 136.88291590, 41.292, -3810623.776, 3568050.468, 3652317.104,  1.208,  2.699, 168.459,  0.316, -1.784, -0.013
194933.4, 2270, 35.15889526, 136.88291664, 41.290, -3810623.981, 3568050.567, 3652316.793,  1.197,  2.710, 168.581,  0.354, -2.002, -0.000
194933.6, 2270, 35.15889144, 136.88291746, 41.290, -3810624.209, 3568050.679, 3652316.446,  1.222,  2.777, 168.627,  0.388, -2.230,  0.004
194933.8, 2270, 35.15888720, 136.88291834, 41.290, -3810624.462, 3568050.806, 3652316.062,  1.380,  2.723, 168.598,  0.434, -2.463,  0.003
194934.0, 2270, 35.15888262, 136.88291939, 41.288, -3810624.739, 3568050.934, 3652315.645,  1.250,  2.620, 168.515,  0.510, -2.606, -0.017
194934.2, 2270, 35.15887782, 136.88292055, 41.289, -3810625.036, 3568051.068, 3652315.210,  1.169,  2.580, 168.430,  0.511, -2.723,  0.009
194934.4, 2270, 35.15887284, 136.88292169, 41.295, -3810625.343, 3568051.213, 3652314.762,  1.297,  2.443, 168.364,  0.497, -2.791,  0.023
194934.6, 2270, 35.15886780, 136.88292285, 41.300, -3810625.653, 3568051.359, 3652314.308,  1.419,  2.387, 168.270,  0.531, -2.807,  0.009
194934.8, 2270, 35.15886270, 136.88292402, 41.303, -3810625.966, 3568051.505, 3652313.847,  1.652,  2.367, 168.014,  0.522, -2.833, -0.021
194935.0, 2270, 35.15885757, 136.88292523, 41.303, -3810626.280, 3568051.648, 3652313.381,  1.892,  2.531, 167.692,  0.564, -2.870, -0.004
194935.2, 2270, 35.15885239, 136.88292666, 41.304, -3810626.612, 3568051.780, 3652312.913,  1.653,  2.521, 167.046,  0.672, -2.874,  0.004
194935.4, 2270, 35.15884719, 136.88292820, 41.305, -3810626.951, 3568051.906, 3652312.442,  1.486,  2.565, 166.311,  0.667, -2.900, -0.005
194935.6, 2270, 35.15884193, 136.88292971, 41.309, -3810627.293, 3568052.036, 3652311.967,  1.630,  2.532, 165.480,  0.675, -2.923,  0.013
194935.8, 2270, 35.15883671, 136.88293130, 41.314, -3810627.638, 3568052.162, 3652311.496,  1.834,  2.506, 164.612,  0.703, -2.875,  0.025
194936.0, 2270, 35.15883153, 136.88293300, 41.318, -3810627.988, 3568052.277, 3652311.029,  1.970,  2.678, 163.769,  0.812, -2.884,  0.004
194936.2, 2270, 35.15882630, 136.88293494, 41.320, -3810628.354, 3568052.377, 3652310.555,  1.808,  2.615, 162.902,  0.893, -2.934, -0.001
194936.4, 2270, 35.15882098, 136.88293699, 41.323, -3810628.731, 3568052.475, 3652310.074,  1.755,  2.537, 161.994,  0.920, -2.978,  0.007
194936.6, 2270, 35.15881557, 136.88293917, 41.324, -3810629.120, 3568052.567, 3652309.584,  1.712,  2.464, 161.032,  1.023, -3.017, -0.010
194936.8, 2270, 35.15881013, 136.88294154, 41.329, -3810629.524, 3568052.650, 3652309.094,  1.521,  2.374, 160.025,  1.077, -3.026,  0.034
194937.0, 2270, 35.15880468, 136.88294398, 41.337, -3810629.935, 3568052.730, 3652308.604,  1.532,  2.361, 159.021,  1.104, -3.005,  0.008
194937.2, 2270, 35.15879931, 136.88294648, 41.340, -3810630.342, 3568052.800, 3652308.119,  1.698,  2.457, 157.983,  1.126, -2.981,  0.006
194937.4, 2270, 35.15879401, 136.88294912, 41.338, -3810630.754, 3568052.855, 3652307.637,  1.710,  2.453, 156.969,  1.221, -2.907, -0.037
194937.6, 2270, 35.15878883, 136.88295195, 41.336, -3810631.170, 3568052.892, 3652307.166,  1.467,  2.683, 155.906,  1.289, -2.877,  0.006
194937.8, 2270, 35.15878365, 136.88295485, 41.343, -3810631.596, 3568052.929, 3652306.700,  1.391,  2.712, 154.823,  1.318, -2.868,  0.035
194938.0, 2270, 35.15877854, 136.88295784, 41.352, -3810632.026, 3568052.958, 3652306.242,  1.373,  2.741, 153.762,  1.336, -2.834,  0.033
194938.2, 2270, 35.15877350, 136.88296088, 41.355, -3810632.452, 3568052.978, 3652305.786,  1.480,  2.833, 152.647,  1.378, -2.763, -0.020
194938.4, 2270, 35.15876862, 136.88296404, 41.357, -3810632.878, 3568052.982, 3652305.345,  1.417,  2.937, 151.581,  1.455, -2.667,  0.018
194938.6, 2270, 35.15876390, 136.88296731, 41.367, -3810633.307, 3568052.976, 3652304.922,  1.177,  2.930, 150.488,  1.458, -2.600,  0.045
194938.8, 2270, 35.15875928, 136.88297056, 41.378, -3810633.732, 3568052.967, 3652304.510,  1.157,  2.846, 149.415,  1.443, -2.535,  0.040
194939.0, 2270, 35.15875483, 136.88297380, 41.384, -3810634.145, 3568052.950, 3652304.109,  1.214,  3.010, 148.241,  1.476, -2.427,  0.004
194939.2, 2270, 35.15875054, 136.88297717, 41.390, -3810634.559, 3568052.916, 3652303.724,  1.054,  3.121, 147.083,  1.547, -2.376,  0.020
194939.4, 2270, 35.15874631, 136.88298063, 41.400, -3810634.977, 3568052.877, 3652303.345,  0.933,  3.176, 145.910,  1.570, -2.357,  0.030
194939.6, 2270, 35.15874210, 136.88298416, 41.410, -3810635.399, 3568052.831, 3652302.969,  0.943,  3.291, 144.674,  1.626, -2.341,  0.028
194939.8, 2270, 35.15873792, 136.88298786, 41.422, -3810635.832, 3568052.774, 3652302.597,  0.884,  3.328, 143.453,  1.711, -2.323,  0.041
194940.0, 2270, 35.15873380, 136.88299172, 41.434, -3810636.271, 3568052.705, 3652302.230,  0.751,  3.418, 142.200,  1.757, -2.298,  0.047
194940.2, 2270, 35.15872970, 136.88299570, 41.444, -3810636.716, 3568052.624, 3652301.865,  0.710,  3.570, 140.872,  1.818, -2.270,  0.034
194940.4, 2270, 35.15872565, 136.88299983, 41.456, -3810637.169, 3568052.533, 3652301.504,  0.702,  3.643, 139.462,  1.903, -2.247,  0.051
194940.6, 2270, 35.15872166, 136.88300415, 41.467, -3810637.631, 3568052.426, 3652301.149,  0.611,  3.706, 137.974,  1.980, -2.221,  0.045
194940.8, 2270, 35.15871768, 136.88300868, 41.478, -3810638.105, 3568052.305, 3652300.794,  0.548,  3.849, 136.360,  2.099, -2.224,  0.052
194941.0, 2270, 35.15871369, 136.88301351, 41.494, -3810638.602, 3568052.167, 3652300.441,  0.425,  3.851, 134.720,  2.242, -2.225,  0.081
194941.2, 2270, 35.15870971, 136.88301861, 41.512, -3810639.116, 3568052.011, 3652300.090,  0.355,  3.855, 133.036,  2.351, -2.228,  0.076
194941.4, 2270, 35.15870577, 136.88302396, 41.526, -3810639.641, 3568051.836, 3652299.742,  0.241,  4.015, 131.285,  2.467, -2.189,  0.066
194941.6, 2270, 35.15870187, 136.88302957, 41.543, -3810640.183, 3568051.642, 3652299.397,  0.221,  4.168, 129.505,  2.596, -2.182,  0.084
194941.8, 2270, 35.15869799, 136.88303548, 41.561, -3810640.742, 3568051.429, 3652299.056,  0.243,  4.377, 127.661,  2.742, -2.152,  0.083
194942.0, 2270, 35.15869417, 136.88304175, 41.580, -3810641.322, 3568051.189, 3652298.720,  0.150,  4.537, 125.723,  2.927, -2.115,  0.090
194942.2, 2270, 35.15869035, 136.88304837, 41.603, -3810641.926, 3568050.928, 3652298.387,  0.125,  4.428, 123.728,  3.094, -2.109,  0.126
194942.4, 2270, 35.15868665, 136.88305530, 41.626, -3810642.544, 3568050.642, 3652298.065, -0.003,  4.527, 121.573,  3.219, -1.984,  0.120
194942.6, 2270, 35.15868313, 136.88306257, 41.654, -3810643.178, 3568050.328, 3652297.761, -0.202,  4.694, 119.272,  3.419, -1.961,  0.164
194942.8, 2270, 35.15867968, 136.88307029, 41.680, -3810643.834, 3568049.980, 3652297.463, -0.278,  4.447, 116.923,  3.566, -1.884,  0.101
194943.0, 2270, 35.15867635, 136.88307829, 41.702, -3810644.501, 3568049.605, 3652297.174,  0.009,  4.541, 114.660,  3.752, -1.799,  0.161
194943.2, 2270, 35.15867326, 136.88308678, 41.744, -3810645.199, 3568049.199, 3652296.918,  0.160,  4.230, 112.411,  3.931, -1.651,  0.184
194943.4, 2270, 35.15867048, 136.88309562, 41.771, -3810645.896, 3568048.747, 3652296.681, -0.089,  4.260, 110.181,  4.079, -1.484,  0.080
194943.6, 2270, 35.15866787, 136.88310476, 41.794, -3810646.601, 3568048.266, 3652296.458, -0.077,  4.437, 108.067,  4.217, -1.457,  0.128
194943.8, 2270, 35.15866534, 136.88311429, 41.828, -3810647.332, 3568047.762, 3652296.248,  0.196,  4.265, 106.088,  4.425, -1.336,  0.152
194944.0, 2270, 35.15866314, 136.88312423, 41.856, -3810648.070, 3568047.213, 3652296.064, -0.029,  4.001, 104.378,  4.585, -1.157,  0.108
194944.2, 2270, 35.15866110, 136.88313442, 41.883, -3810648.816, 3568046.639, 3652295.895, -0.288,  3.791, 102.649,  4.691, -1.104,  0.156
194944.4, 2270, 35.15865919, 136.88314483, 41.910, -3810649.570, 3568046.045, 3652295.737, -0.135,  3.869, 100.897,  4.795, -1.026,  0.103
194944.6, 2270, 35.15865751, 136.88315552, 41.927, -3810650.324, 3568045.417, 3652295.595, -0.077,  4.026, 99.016,  4.944, -0.790,  0.066
194944.8, 2270, 35.15865625, 136.88316654, 41.947, -3810651.081, 3568044.751, 3652295.492, -0.511,  4.064, 97.015,  5.078, -0.626,  0.137
194945.0, 2270, 35.15865521, 136.88317775, 41.976, -3810651.845, 3568044.066, 3652295.414, -0.672,  4.331, 94.948,  5.151, -0.508,  0.127
194945.2, 2270, 35.15865449, 136.88318925, 42.006, -3810652.612, 3568043.350, 3652295.367, -0.715,  4.473, 92.902,  5.326, -0.315,  0.124
194945.4, 2270, 35.15865416, 136.88320110, 42.037, -3810653.384, 3568042.593, 3652295.354, -0.905,  4.059, 90.849,  5.449, -0.097,  0.170
194945.6, 2270, 35.15865423, 136.88321310, 42.077, -3810654.152, 3568041.815, 3652295.384, -1.374,  3.732, 88.915,  5.480,  0.068,  0.205
194945.8, 2270, 35.15865452, 136.88322507, 42.107, -3810654.902, 3568041.023, 3652295.427, -1.392,  3.886, 87.094,  5.424,  0.203,  0.074
194946.0, 2270, 35.15865506, 136.88323699, 42.132, -3810655.634, 3568040.220, 3652295.490, -1.296,  4.175, 85.498,  5.413,  0.392,  0.122
194946.2, 2270, 35.15865593, 136.88324883, 42.159, -3810656.347, 3568039.409, 3652295.585, -1.726,  4.578, 84.187,  5.381,  0.545,  0.165
194946.4, 2270, 35.15865697, 136.88326063, 42.194, -3810657.054, 3568038.599, 3652295.700, -2.045,  4.809, 83.113,  5.364,  0.607,  0.188
194946.6, 2270, 35.15865814, 136.88327244, 42.236, -3810657.760, 3568037.786, 3652295.830, -2.191,  4.682, 82.341,  5.383,  0.683,  0.222
194946.8, 2270, 35.15865945, 136.88328422, 42.279, -3810658.458, 3568036.969, 3652295.974, -2.534,  4.344, 81.854,  5.341,  0.780,  0.200
194947.0, 2270, 35.15866087, 136.88329594, 42.318, -3810659.145, 3568036.149, 3652296.125, -2.941,  4.116, 81.566,  5.337,  0.774,  0.175
194947.2, 2270, 35.15866230, 136.88330762, 42.353, -3810659.827, 3568035.330, 3652296.275, -3.108,  4.109, 81.382,  5.350,  0.759,  0.151
194947.4, 2270, 35.15866372, 136.88331936, 42.389, -3810660.513, 3568034.508, 3652296.424, -3.059,  4.144, 81.216,  5.377,  0.781,  0.149
194947.6, 2270, 35.15866521, 136.88333119, 42.425, -3810661.202, 3568033.675, 3652296.579, -3.191,  4.089, 81.139,  5.435,  0.817,  0.155
194947.8, 2270, 35.15866671, 136.88334313, 42.460, -3810661.896, 3568032.836, 3652296.736, -3.242,  4.075, 81.131,  5.488,  0.792,  0.172
194948.0, 2270, 35.15866816, 136.88335521, 42.499, -3810662.604, 3568031.990, 3652296.890, -3.044,  4.045, 81.121,  5.556,  0.773,  0.163
194948.2, 2270, 35.15866967, 136.88336748, 42.530, -3810663.316, 3568031.126, 3652297.046, -2.923,  4.046, 81.076,  5.611,  0.827,  0.155
194948.4, 2270, 35.15867126, 136.88337987, 42.563, -3810664.033, 3568030.251, 3652297.208, -2.984,  4.071, 81.089,  5.674,  0.837,  0.167
194948.6, 2270, 35.15867281, 136.88339239, 42.596, -3810664.760, 3568029.369, 3652297.368, -2.866,  4.165, 81.075,  5.739,  0.806,  0.168
194948.8, 2270, 35.15867437, 136.88340507, 42.631, -3810665.498, 3568028.477, 3652297.529, -2.680,  4.133, 81.033,  5.806,  0.839,  0.179
194949.0, 2270, 35.15867599, 136.88341789, 42.667, -3810666.242, 3568027.574, 3652297.697, -2.659,  4.021, 80.993,  5.853,  0.874,  0.178
194949.2, 2270, 35.15867764, 136.88343077, 42.704, -3810666.989, 3568026.666, 3652297.868, -2.691,  4.099, 80.947,  5.909,  0.884,  0.168
194949.4, 2270, 35.15867930, 136.88344380, 42.738, -3810667.744, 3568025.746, 3652298.038, -2.689,  4.126, 80.841,  5.973,  0.907,  0.161
194949.6, 2270, 35.15868101, 136.88345702, 42.777, -3810668.510, 3568024.813, 3652298.216, -2.653,  3.997, 80.687,  6.082,  0.931,  0.184
194949.8, 2270, 35.15868278, 136.88347045, 42.814, -3810669.286, 3568023.863, 3652298.398, -2.603,  3.896, 80.542,  6.169,  0.961,  0.163
194950.0, 2270, 35.15868458, 136.88348414, 42.849, -3810670.076, 3568022.894, 3652298.581, -2.379,  3.902, 80.403,  6.313,  0.978,  0.148
194950.2, 2270, 35.15868644, 136.88349815, 42.879, -3810670.880, 3568021.898, 3652298.767, -2.191,  3.894, 80.269,  6.449,  1.038,  0.156
194950.4, 2270, 35.15868841, 136.88351242, 42.911, -3810671.696, 3568020.881, 3652298.964, -2.191,  3.949, 80.096,  6.561,  1.074,  0.157
194950.6, 2270, 35.15869044, 136.88352699, 42.942, -3810672.527, 3568019.841, 3652299.166, -2.160,  4.019, 79.929,  6.701,  1.140,  0.143
194950.8, 2270, 35.15869259, 136.88354188, 42.976, -3810673.374, 3568018.775, 3652299.381, -2.291,  3.899, 79.852,  6.854,  1.193,  0.175
194951.0, 2270, 35.15869479, 136.88355707, 43.010, -3810674.237, 3568017.688, 3652299.600, -2.401,  3.768, 79.814,  6.985,  1.193,  0.164
194951.2, 2270, 35.15869695, 136.88357254, 43.042, -3810675.119, 3568016.582, 3652299.814, -2.379,  3.731, 79.777,  7.111,  1.209,  0.149
194951.4, 2270, 35.15869916, 136.88358830, 43.071, -3810676.015, 3568015.454, 3652300.032, -2.358,  3.717, 79.765,  7.256,  1.229,  0.155
194951.6, 2270, 35.15870141, 136.88360438, 43.102, -3810676.930, 3568014.304, 3652300.254, -2.351,  3.728, 79.789,  7.387,  1.267,  0.157
194951.8, 2270, 35.15870368, 136.88362077, 43.133, -3810677.863, 3568013.132, 3652300.477, -2.261,  3.715, 79.902,  7.545,  1.229,  0.164
194952.0, 2270, 35.15870587, 136.88363745, 43.170, -3810678.822, 3568011.947, 3652300.696, -1.827,  3.797, 80.016,  7.654,  1.231,  0.181
194952.2, 2270, 35.15870812, 136.88365443, 43.203, -3810679.794, 3568010.739, 3652300.921, -1.633,  3.822, 80.063,  7.827,  1.260,  0.184
194952.4, 2270, 35.15871045, 136.88367183, 43.241, -3810680.792, 3568009.500, 3652301.154, -1.542,  3.178, 80.092,  8.024,  1.308,  0.176
194952.6, 2270, 35.15871284, 136.88368957, 43.265, -3810681.799, 3568008.230, 3652301.385, -1.515,  2.477, 80.143,  8.101,  1.321,  0.073
194952.8, 2270, 35.15871521, 136.88370735, 43.269, -3810682.799, 3568006.946, 3652301.601, -1.397,  2.915, 80.165,  8.115,  1.318, -0.044
194953.0, 2270, 35.15871757, 136.88372530, 43.276, -3810683.811, 3568005.653, 3652301.819, -1.208,  3.574, 80.173,  8.254,  1.330,  0.117
194953.2, 2270, 35.15872006, 136.88374350, 43.311, -3810684.848, 3568004.353, 3652302.066, -1.267,  3.415, 80.202,  8.307,  1.386,  0.186
194953.4, 2270, 35.15872257, 136.88376175, 43.350, -3810685.891, 3568003.051, 3652302.315, -1.252,  3.386, 80.182,  8.343,  1.374,  0.145
194953.6, 2270, 35.15872509, 136.88378010, 43.381, -3810686.935, 3568001.738, 3652302.562, -1.259,  3.311, 80.164,  8.400,  1.387,  0.146
194953.8, 2270, 35.15872765, 136.88379861, 43.412, -3810687.986, 3568000.413, 3652302.812, -1.328,  2.961, 80.111,  8.454,  1.389,  0.129
194954.0, 2270, 35.15873022, 136.88381717, 43.435, -3810689.036, 3567999.079, 3652303.058, -1.319,  2.813, 80.082,  8.478,  1.397,  0.078
194954.2, 2270, 35.15873280, 136.88383584, 43.451, -3810690.088, 3567997.733, 3652303.301, -1.273,  2.746, 80.073,  8.541,  1.421,  0.059
194954.4, 2270, 35.15873541, 136.88385464, 43.465, -3810691.146, 3567996.377, 3652303.546, -1.299,  2.731, 80.037,  8.608,  1.421,  0.057
194954.6, 2270, 35.15873804, 136.88387363, 43.478, -3810692.213, 3567995.007, 3652303.793, -1.279,  2.596, 80.030,  8.705,  1.453,  0.055
194954.8, 2270, 35.15874071, 136.88389278, 43.489, -3810693.287, 3567993.622, 3652304.041, -1.332,  2.502, 80.053,  8.766,  1.458,  0.029
194955.0, 2270, 35.15874339, 136.88391211, 43.493, -3810694.369, 3567992.222, 3652304.286, -1.351,  2.514, 80.064,  8.871,  1.464,  0.020
194955.2, 2270, 35.15874605, 136.88393170, 43.497, -3810695.467, 3567990.805, 3652304.530, -1.343,  2.343, 80.057,  8.978,  1.479,  0.019
194955.4, 2270, 35.15874876, 136.88395152, 43.496, -3810696.575, 3567989.369, 3652304.775, -1.373,  2.065, 80.058,  9.085,  1.501, -0.016
194955.6, 2270, 35.15875148, 136.88397154, 43.487, -3810697.689, 3567987.913, 3652305.017, -1.370,  1.912, 80.072,  9.165,  1.514, -0.066
194955.8, 2270, 35.15875424, 136.88399176, 43.471, -3810698.810, 3567986.438, 3652305.257, -1.402,  1.936, 80.084,  9.272,  1.535, -0.085
194956.0, 2270, 35.15875703, 136.88401225, 43.455, -3810699.946, 3567984.945, 3652305.501, -1.477,  1.810, 80.132,  9.398,  1.544, -0.070
194956.2, 2270, 35.15875984, 136.88403299, 43.437, -3810701.096, 3567983.433, 3652305.746, -1.520,  1.662, 80.199,  9.497,  1.557, -0.108
194956.4, 2270, 35.15876265, 136.88405394, 43.413, -3810702.256, 3567981.904, 3652305.987, -1.521,  1.598, 80.268,  9.591,  1.546, -0.121
194956.6, 2270, 35.15876544, 136.88407512, 43.388, -3810703.429, 3567980.359, 3652306.225, -1.458,  1.540, 80.371,  9.716,  1.551, -0.128
194956.8, 2270, 35.15876823, 136.88409656, 43.361, -3810704.618, 3567978.796, 3652306.463, -1.370,  1.196, 80.503,  9.819,  1.555, -0.153
194957.0, 2270, 35.15877101, 136.88411824, 43.324, -3810705.816, 3567977.212, 3652306.694, -1.277,  0.790, 80.581,  9.919,  1.556, -0.228
194957.2, 2270, 35.15877385, 136.88414008, 43.274, -3810707.014, 3567975.608, 3652306.923, -1.196,  0.678, 80.653,  9.956,  1.547, -0.301
194957.4, 2270, 35.15877670, 136.88416201, 43.217, -3810708.213, 3567973.993, 3652307.149, -1.234,  0.887, 80.722, 10.004,  1.589, -0.285
194957.6, 2270, 35.15877959, 136.88418402, 43.169, -3810709.420, 3567972.376, 3652307.383, -1.437,  1.283, 80.749, 10.027,  1.552, -0.243
194957.8, 2270, 35.15878250, 136.88420607, 43.133, -3810710.635, 3567970.762, 3652307.626, -1.734,  1.912, 80.723, 10.076,  1.560, -0.142
194958.0, 2270, 35.15878536, 136.88422828, 43.120, -3810711.878, 3567969.152, 3652307.878, -1.646,  2.118, 80.696, 10.186,  1.587, -0.039
194958.2, 2270, 35.15878822, 136.88425071, 43.121, -3810713.142, 3567967.537, 3652308.138, -1.397,  1.647, 80.688, 10.223,  1.556, -0.041
194958.4, 2270, 35.15879109, 136.88427319, 43.104, -3810714.398, 3567965.906, 3652308.389, -1.232,  1.266, 80.708, 10.276,  1.550, -0.123
194958.6, 2270, 35.15879401, 136.88429576, 43.069, -3810715.646, 3567964.259, 3652308.634, -1.313,  0.930, 80.707, 10.273,  1.620, -0.242
194958.8, 2270, 35.15879699, 136.88431836, 43.020, -3810716.885, 3567962.598, 3652308.876, -1.567,  0.972, 80.714, 10.321,  1.611, -0.254
194959.0, 2270, 35.15879991, 136.88434107, 42.975, -3810718.136, 3567960.935, 3652309.114, -1.469,  1.222, 80.779, 10.381,  1.598, -0.225
194959.2, 2270, 35.15880277, 136.88436400, 42.936, -3810719.408, 3567959.263, 3652309.352, -1.413,  0.760, 80.832, 10.470,  1.590, -0.194
194959.4, 2270, 35.15880566, 136.88438691, 42.884, -3810720.669, 3567957.585, 3652309.584, -1.597,  0.585, 80.867, 10.401,  1.596, -0.311
194959.6, 2270, 35.15880853, 136.88440977, 42.823, -3810721.922, 3567955.905, 3652309.809, -1.686,  0.722, 80.911, 10.426,  1.577, -0.279
194959.8, 2270, 35.15881132, 136.88443268, 42.769, -3810723.187, 3567954.228, 3652310.031, -1.490,  0.694, 80.974, 10.420,  1.513, -0.259
194960.0, 2270, 35.15881407, 136.88445553, 42.716, -3810724.450, 3567952.559, 3652310.249, -1.308,  1.099, 81.038, 10.440,  1.540, -0.241
194960.2, 2270, 35.15881685, 136.88447852, 42.672, -3810725.726, 3567950.884, 3652310.476, -1.354,  0.882, 81.159, 10.485,  1.548, -0.216
194960.4, 2270, 35.15881964, 136.88450154, 42.624, -3810727.000, 3567949.204, 3652310.701, -1.563,  0.649, 81.271, 10.494,  1.537, -0.265
194960.6, 2270, 35.15882239, 136.88452457, 42.566, -3810728.271, 3567947.520, 3652310.918, -1.752,  0.453, 81.371, 10.481,  1.516, -0.305
194960.8, 2270, 35.15882511, 136.88454756, 42.500, -3810729.536, 3567945.836, 3652311.126, -1.939,  0.537, 81.409, 10.485,  1.516, -0.328
194961.0, 2270, 35.15882782, 136.88457062, 42.436, -3810730.808, 3567944.148, 3652311.336, -2.108,  0.282, 81.421, 10.502,  1.495, -0.319
194961.2, 2270, 35.15883049, 136.88459361, 42.368, -3810732.075, 3567942.464, 3652311.538, -2.087,  0.422, 81.413, 10.478,  1.466, -0.349
194961.4, 2270, 35.15883313, 136.88461668, 42.300, -3810733.347, 3567940.777, 3652311.739, -1.997,  0.310, 81.427, 10.517,  1.488, -0.326
194961.6, 2270, 35.15883581, 136.88463970, 42.231, -3810734.615, 3567939.090, 3652311.942, -2.081,  0.360, 81.389, 10.465,  1.488, -0.357
194961.8, 2270, 35.15883852, 136.88466265, 42.162, -3810735.876, 3567937.406, 3652312.149, -2.263,  0.438, 81.245, 10.423,  1.531, -0.331
194962.0, 2270, 35.15884129, 136.88468549, 42.097, -3810737.130, 3567935.730, 3652312.362, -2.450,  0.656, 81.049, 10.414,  1.547, -0.302
194962.2, 2270, 35.15884410, 136.88470834, 42.039, -3810738.388, 3567934.056, 3652312.584, -2.536,  0.531, 80.851, 10.404,  1.581, -0.284
194962.4, 2270, 35.15884695, 136.88473116, 41.981, -3810739.641, 3567932.380, 3652312.809, -2.462,  0.276, 80.625, 10.392,  1.571, -0.298
194962.6, 2270, 35.15884982, 136.88475387, 41.916, -3810740.883, 3567930.709, 3652313.031, -2.231,  0.408, 80.418, 10.311,  1.596, -0.342
194962.8, 2270, 35.15885271, 136.88477652, 41.852, -3810742.120, 3567929.040, 3652313.256, -1.874,  0.620, 80.231, 10.336,  1.612, -0.280
194963.0, 2270, 35.15885569, 136.88479924, 41.796, -3810743.363, 3567927.368, 3652313.495, -1.678,  0.264, 80.138, 10.336,  1.682, -0.291
194963.2, 2270, 35.15885879, 136.88482178, 41.731, -3810744.583, 3567925.697, 3652313.739, -1.798,  0.534, 80.180, 10.215,  1.666, -0.366
194963.4, 2270, 35.15886188, 136.88484417, 41.668, -3810745.796, 3567924.037, 3652313.983, -2.026,  1.249, 80.236, 10.248,  1.675, -0.259
194963.6, 2270, 35.15886493, 136.88486684, 41.632, -3810747.044, 3567922.376, 3652314.239, -1.896,  0.504, 80.334, 10.387,  1.629, -0.145
194963.8, 2270, 35.15886787, 136.88488942, 41.584, -3810748.284, 3567920.720, 3652314.477, -1.522,  0.083, 80.405, 10.158,  1.544, -0.374
194964.0, 2270, 35.15887064, 136.88491163, 41.512, -3810749.495, 3567919.081, 3652314.688, -0.829,  1.487, 80.440, 10.167,  1.527, -0.301
194964.2, 2270, 35.15887349, 136.88493414, 41.480, -3810750.745, 3567917.442, 3652314.928, -0.350,  1.249, 80.549, 10.321,  1.546, -0.070
194964.4, 2270, 35.15887635, 136.88495669, 41.456, -3810752.001, 3567915.804, 3652315.173, -0.081,  0.618, 80.586, 10.238,  1.554, -0.204
194964.6, 2270, 35.15887927, 136.88497916, 41.405, -3810753.233, 3567914.153, 3652315.409, -0.140,  0.206, 80.568, 10.264,  1.595, -0.311
194964.8, 2270, 35.15888228, 136.88500165, 41.331, -3810754.450, 3567912.485, 3652315.639, -0.513, -0.356, 80.507, 10.212,  1.661, -0.454
194965.0, 2270, 35.15888536, 136.88502398, 41.235, -3810755.640, 3567910.812, 3652315.863, -1.131, -0.075, 80.386, 10.127,  1.690, -0.499
194965.2, 2270, 35.15888846, 136.88504625, 41.149, -3810756.831, 3567909.146, 3652316.094, -1.610,  0.599, 80.288, 10.199,  1.718, -0.378
194965.4, 2270, 35.15889162, 136.88506872, 41.087, -3810758.045, 3567907.479, 3652316.346, -2.101,  0.346, 80.172, 10.266,  1.726, -0.300
194965.6, 2270, 35.15889469, 136.88509117, 41.028, -3810759.265, 3567905.820, 3652316.591, -1.932,  0.343, 80.123, 10.175,  1.603, -0.313
194965.8, 2270, 35.15889764, 136.88511344, 40.969, -3810760.478, 3567904.176, 3652316.823, -1.433,  1.039, 80.111, 10.150,  1.632, -0.278
194966.0, 2270, 35.15890065, 136.88513576, 40.928, -3810761.704, 3567902.537, 3652317.073, -1.309,  0.848, 80.228, 10.195,  1.647, -0.176
194966.2, 2270, 35.15890367, 136.88515797, 40.890, -3810762.923, 3567900.907, 3652317.325, -1.397,  0.419, 80.397, 10.022,  1.606, -0.246
194966.4, 2270, 35.15890660, 136.88517979, 40.835, -3810764.113, 3567899.297, 3652317.559, -1.496,  0.915, 80.505,  9.912,  1.580, -0.280
194966.6, 2270, 35.15890956, 136.88520154, 40.787, -3810765.300, 3567897.695, 3652317.800, -1.955,  0.701, 80.500,  9.913,  1.682, -0.235
194966.8, 2270, 35.15891251, 136.88522308, 40.744, -3810766.478, 3567896.109, 3652318.043, -2.282,  0.396, 80.462,  9.651,  1.471, -0.248
194967.0, 2270, 35.15891531, 136.88524418, 40.688, -3810767.628, 3567894.552, 3652318.265, -2.220,  1.362, 80.420,  9.636,  1.566, -0.247
194967.2, 2270, 35.15891808, 136.88526530, 40.659, -3810768.797, 3567893.011, 3652318.499, -1.942,  1.086, 80.337,  9.530,  1.468, -0.131
194967.4, 2270, 35.15892084, 136.88528598, 40.632, -3810769.940, 3567891.499, 3652318.734, -1.883,  1.772, 80.314,  9.389,  1.544, -0.137
194967.6, 2270, 35.15892367, 136.88530661, 40.618, -3810771.084, 3567889.996, 3652318.982, -2.052,  1.655, 80.434,  9.328,  1.492, -0.042
194967.8, 2270, 35.15892635, 136.88532690, 40.606, -3810772.216, 3567888.523, 3652319.219, -1.945,  2.121, 80.475,  9.203,  1.429, -0.071
194968.0, 2270, 35.15892906, 136.88534711, 40.603, -3810773.346, 3567887.059, 3652319.463, -2.092,  1.804, 80.417,  9.210,  1.485,  0.021
194968.2, 2270, 35.15893171, 136.88536715, 40.602, -3810774.470, 3567885.610, 3652319.703, -1.877,  1.257, 80.367,  9.021,  1.413, -0.062
194968.4, 2270, 35.15893435, 136.88538671, 40.579, -3810775.551, 3567884.180, 3652319.929, -1.866,  2.177, 80.311,  8.920,  1.442, -0.134
194968.6, 2270, 35.15893706, 136.88540634, 40.571, -3810776.642, 3567882.752, 3652320.171, -2.137,  1.829, 80.215,  8.937,  1.500,  0.004
194968.8, 2270, 35.15893979, 136.88542573, 40.567, -3810777.720, 3567881.341, 3652320.416, -2.396,  1.661, 80.152,  8.763,  1.438, -0.058
194969.0, 2270, 35.15894242, 136.88544479, 40.557, -3810778.778, 3567879.953, 3652320.648, -2.354,  2.067, 80.085,  8.598,  1.477, -0.064
194969.2, 2270, 35.15894502, 136.88546369, 40.549, -3810779.829, 3567878.577, 3652320.880, -2.396,  2.038, 80.076,  8.585,  1.383,  0.003
194969.4, 2270, 35.15894751, 136.88548240, 40.552, -3810780.880, 3567877.226, 3652321.107, -2.135,  1.734, 80.096,  8.426,  1.409, -0.037
194969.6, 2270, 35.15894998, 136.88550074, 40.545, -3810781.903, 3567875.895, 3652321.327, -2.053,  1.786, 80.096,  8.273,  1.335, -0.025
194969.8, 2270, 35.15895237, 136.88551872, 40.538, -3810782.907, 3567874.590, 3652321.540, -1.904,  1.912, 80.082,  8.116,  1.344, -0.037
194970.0, 2270, 35.15895476, 136.88553630, 40.536, -3810783.889, 3567873.316, 3652321.755, -1.892,  1.805, 80.083,  7.902,  1.275,  0.020
194970.2, 2270, 35.15895708, 136.88555337, 40.539, -3810784.845, 3567872.081, 3652321.968, -1.681,  1.587, 80.078,  7.657,  1.243,  0.002
194970.4, 2270, 35.15895940, 136.88556985, 40.536, -3810785.761, 3567870.881, 3652322.176, -1.809,  1.187, 80.050,  7.341,  1.234, -0.057
194970.6, 2270, 35.15896162, 136.88558559, 40.523, -3810786.630, 3567869.730, 3652322.370, -1.894,  1.276, 79.998,  7.032,  1.201, -0.095
194970.8, 2270, 35.15896381, 136.88560065, 40.506, -3810787.456, 3567868.623, 3652322.559, -2.182,  1.540, 79.960,  6.710,  1.150, -0.076
194971.0, 2270, 35.15896584, 136.88561509, 40.498, -3810788.256, 3567867.571, 3652322.739, -2.064,  1.789, 79.922,  6.438,  1.040, -0.037
194971.2, 2270, 35.15896770, 136.88562897, 40.500, -3810789.035, 3567866.567, 3652322.908, -1.613,  1.673, 79.952,  6.145,  0.997,  0.006
194971.4, 2270, 35.15896958, 136.88564211, 40.502, -3810789.766, 3567865.612, 3652323.080, -1.768,  1.805, 79.946,  5.861,  1.019, -0.003
194971.6, 2270, 35.15897133, 136.88565468, 40.499, -3810790.465, 3567864.698, 3652323.237, -1.668,  1.648, 80.007,  5.576,  0.884, -0.035
194971.8, 2270, 35.15897300, 136.88566660, 40.499, -3810791.130, 3567863.832, 3652323.388, -1.688,  1.463, 80.105,  5.274,  0.921, -0.014
194972.0, 2270, 35.15897460, 136.88567784, 40.496, -3810791.753, 3567863.013, 3652323.532, -1.876,  1.526, 80.142,  4.970,  0.820, -0.044
194972.2, 2270, 35.15897603, 136.88568852, 40.486, -3810792.346, 3567862.234, 3652323.656, -1.892,  1.594, 80.204,  4.762,  0.779, -0.049
194972.4, 2270, 35.15897740, 136.88569868, 40.476, -3810792.909, 3567861.494, 3652323.774, -1.976,  1.681, 80.304,  4.506,  0.743, -0.045
194972.6, 2270, 35.15897868, 136.88570838, 40.474, -3810793.452, 3567860.792, 3652323.889, -2.030,  1.620, 80.341,  4.311,  0.682,  0.005
194972.8, 2270, 35.15897984, 136.88571759, 40.469, -3810793.968, 3567860.125, 3652323.992, -1.913,  1.776, 80.455,  4.097,  0.637, -0.051
194973.0, 2270, 35.15898097, 136.88572643, 40.463, -3810794.462, 3567859.485, 3652324.091, -1.898,  1.841, 80.575,  3.945,  0.596, -0.016
194973.2, 2270, 35.15898208, 136.88573489, 40.460, -3810794.936, 3567858.872, 3652324.190, -1.858,  1.908, 80.705,  3.768,  0.589, -0.027
194973.4, 2270, 35.15898314, 136.88574299, 40.462, -3810795.391, 3567858.288, 3652324.287, -1.846,  1.848, 80.775,  3.607,  0.546, -0.004
194973.6, 2270, 35.15898415, 136.88575071, 40.462, -3810795.825, 3567857.730, 3652324.379, -1.864,  1.802, 80.803,  3.434,  0.506, -0.014
194973.8, 2270, 35.15898509, 136.88575807, 40.461, -3810796.239, 3567857.199, 3652324.464, -1.793,  1.809, 80.783,  3.272,  0.486, -0.019
194974.0, 2270, 35.15898602, 136.88576509, 40.460, -3810796.632, 3567856.691, 3652324.547, -1.809,  1.794, 80.746,  3.133,  0.473, -0.010
194974.2, 2270, 35.15898685, 136.88577179, 40.457, -3810797.009, 3567856.208, 3652324.621, -1.803,  1.810, 80.635,  2.971,  0.448, -0.018
194974.4, 2270, 35.15898767, 136.88577816, 40.453, -3810797.365, 3567855.746, 3652324.692, -1.872,  1.891, 80.505,  2.842,  0.455, -0.025
194974.6, 2270, 35.15898846, 136.88578427, 40.449, -3810797.706, 3567855.303, 3652324.761, -1.910,  1.859, 80.397,  2.725,  0.422, -0.019
194974.8, 2270, 35.15898920, 136.88579013, 40.445, -3810798.034, 3567854.878, 3652324.827, -1.907,  1.864, 80.302,  2.629,  0.416, -0.035
194975.0, 2270, 35.15898995, 136.88579589, 40.437, -3810798.353, 3567854.458, 3652324.891, -1.971,  1.976, 80.139,  2.629,  0.419, -0.029
194975.2, 2270, 35.15899072, 136.88580166, 40.435, -3810798.675, 3567854.040, 3652324.958, -1.992,  1.860, 80.079,  2.612,  0.434, -0.005
194975.4, 2270, 35.15899150, 136.88580733, 40.435, -3810798.992, 3567853.628, 3652325.029, -2.152,  1.885, 79.967,  2.576,  0.436, -0.003
194975.6, 2270, 35.15899229, 136.88581300, 40.430, -3810799.306, 3567853.215, 3652325.098, -2.284,  1.834, 79.941,  2.583,  0.418, -0.034
194975.8, 2270, 35.15899302, 136.88581869, 40.423, -3810799.621, 3567852.800, 3652325.161, -2.236,  1.643, 79.941,  2.587,  0.413, -0.039
194976.0, 2270, 35.15899376, 136.88582426, 40.417, -3810799.930, 3567852.394, 3652325.224, -2.230,  1.914, 79.953,  2.523,  0.415, -0.023
194976.2, 2270, 35.15899452, 136.88582994, 40.411, -3810800.245, 3567851.980, 3652325.289, -2.282,  2.188, 79.944,  2.668,  0.432, -0.032
194976.4, 2270, 35.15899530, 136.88583597, 40.407, -3810800.582, 3567851.542, 3652325.359, -2.247,  2.107, 80.013,  2.815,  0.438, -0.002
194976.6, 2270, 35.15899614, 136.88584228, 40.403, -3810800.933, 3567851.083, 3652325.432, -2.271,  2.210, 80.068,  2.947,  0.479, -0.040
194976.8, 2270, 35.15899701, 136.88584892, 40.389, -3810801.298, 3567850.596, 3652325.503, -2.290,  2.527, 80.108,  3.117,  0.499, -0.058
194977.0, 2270, 35.15899793, 136.88585601, 40.390, -3810801.697, 3567850.085, 3652325.587, -2.281,  2.366, 80.151,  3.321,  0.533,  0.026
194977.2, 2270, 35.15899897, 136.88586346, 40.392, -3810802.114, 3567849.545, 3652325.683, -2.267,  2.337, 80.110,  3.491,  0.553, -0.017
194977.4, 2270, 35.15900008, 136.88587132, 40.391, -3810802.551, 3567848.973, 3652325.782, -2.266,  2.355, 80.051,  3.696,  0.600, -0.011
194977.6, 2270, 35.15900122, 136.88587956, 40.392, -3810803.011, 3567848.376, 3652325.887, -2.180,  2.448, 80.013,  3.838,  0.612, -0.006
194977.8, 2270, 35.15900244, 136.88588820, 40.392, -3810803.492, 3567847.748, 3652325.998, -2.198,  2.576, 80.045,  4.023,  0.679, -0.025
194978.0, 2270, 35.15900374, 136.88589720, 40.390, -3810803.991, 3567847.092, 3652326.114, -2.297,  2.739, 80.030,  4.189,  0.693, -0.008
194978.2, 2270, 35.15900504, 136.88590656, 40.392, -3810804.515, 3567846.413, 3652326.233, -2.227,  2.918, 80.071,  4.383,  0.679,  0.047
194978.4, 2270, 35.15900632, 136.88591640, 40.402, -3810805.073, 3567845.709, 3652326.355, -1.914,  2.690, 80.083,  4.579,  0.717,  0.019
194978.6, 2270, 35.15900770, 136.88592659, 40.408, -3810805.647, 3567844.974, 3652326.484, -1.696,  2.545, 80.075,  4.718,  0.745,  0.034
194978.8, 2270, 35.15900917, 136.88593710, 40.417, -3810806.239, 3567844.216, 3652326.622, -1.721,  2.564, 80.003,  4.869,  0.825,  0.026
194979.0, 2270, 35.15901069, 136.88594794, 40.417, -3810806.842, 3567843.428, 3652326.761, -1.689,  2.837, 79.967,  5.029,  0.809, -0.039
194979.2, 2270, 35.15901212, 136.88595921, 40.418, -3810807.478, 3567842.617, 3652326.890, -1.299,  3.004, 80.012,  5.226,  0.813,  0.034
194979.4, 2270, 35.15901366, 136.88597090, 40.429, -3810808.140, 3567841.778, 3652327.037, -1.236,  2.799, 80.149,  5.406,  0.898,  0.058
194979.6, 2270, 35.15901528, 136.88598293, 40.437, -3810808.820, 3567840.912, 3652327.187, -1.301,  2.627, 80.293,  5.570,  0.887,  0.024
194979.8, 2270, 35.15901688, 136.88599537, 40.441, -3810809.521, 3567840.017, 3652327.335, -1.294,  2.326, 80.421,  5.752,  0.893, -0.006
194980.0, 2270, 35.15901851, 136.88600812, 40.440, -3810810.239, 3567839.097, 3652327.482, -1.279,  2.232, 80.472,  5.881,  0.919, -0.010
194980.2, 2270, 35.15902029, 136.88602116, 40.437, -3810810.966, 3567838.151, 3652327.642, -1.525,  2.213, 80.451,  6.018,  1.015, -0.060
194980.4, 2270, 35.15902219, 136.88603454, 40.428, -3810811.705, 3567837.172, 3652327.810, -2.016,  2.002, 80.420,  6.166,  1.022, -0.050
194980.6, 2270, 35.15902407, 136.88604815, 40.424, -3810812.462, 3567836.183, 3652327.978, -2.257,  1.963, 80.373,  6.230,  1.017, -0.036
194980.8, 2270, 35.15902597, 136.88606191, 40.414, -3810813.225, 3567835.179, 3652328.144, -2.434,  2.226, 80.388,  6.333,  1.031, -0.074
194981.0, 2270, 35.15902790, 136.88607592, 40.407, -3810814.004, 3567834.159, 3652328.315, -2.657,  1.956, 80.431,  6.422,  1.032,  0.003
194981.2, 2270, 35.15902974, 136.88609004, 40.406, -3810814.796, 3567833.139, 3652328.482, -2.660,  1.735, 80.448,  6.452,  1.018, -0.030
194981.4, 2270, 35.15903159, 136.88610420, 40.393, -3810815.583, 3567832.110, 3652328.642, -2.728,  1.912, 80.471,  6.425,  1.034, -0.092
194981.6, 2270, 35.15903346, 136.88611838, 40.380, -3810816.372, 3567831.078, 3652328.804, -2.853,  2.321, 80.480,  6.477,  1.038, -0.057
194981.8, 2270, 35.15903531, 136.88613268, 40.375, -3810817.173, 3567830.043, 3652328.969, -2.884,  2.368, 80.433,  6.540,  1.028,  0.012
194982.0, 2270, 35.15903717, 136.88614702, 40.382, -3810817.983, 3567829.012, 3652329.142, -2.810,  2.048, 80.464,  6.518,  1.043,  0.032
194982.2, 2270, 35.15903906, 136.88616124, 40.385, -3810818.783, 3567827.985, 3652329.314, -2.789,  2.133, 80.497,  6.460,  1.035, -0.036
194982.4, 2270, 35.15904092, 136.88617544, 40.382, -3810819.578, 3567826.958, 3652329.482, -2.726,  2.225, 80.493,  6.473,  0.986, -0.007
194982.6, 2270, 35.15904274, 136.88618959, 40.387, -3810820.377, 3567825.940, 3652329.649, -2.477,  2.296, 80.399,  6.438,  1.008,  0.024
194982.8, 2270, 35.15904460, 136.88620367, 40.393, -3810821.171, 3567824.925, 3652329.822, -2.314,  2.448, 80.299,  6.387,  0.996,  0.010
194983.0, 2270, 35.15904646, 136.88621769, 40.400, -3810821.961, 3567823.916, 3652329.994, -2.112,  2.608, 80.134,  6.382,  1.024,  0.034
194983.2, 2270, 35.15904836, 136.88623166, 40.411, -3810822.749, 3567822.910, 3652330.173, -1.948,  2.628, 80.034,  6.355,  1.026,  0.067
194983.4, 2270, 35.15905024, 136.88624557, 40.427, -3810823.537, 3567821.911, 3652330.353, -1.656,  2.648, 79.927,  6.320,  1.031,  0.060
194983.6, 2270, 35.15905217, 136.88625943, 40.439, -3810824.317, 3567820.912, 3652330.535, -1.561,  2.625, 79.927,  6.311,  1.066,  0.044
194983.8, 2270, 35.15905410, 136.88627326, 40.451, -3810825.096, 3567819.914, 3652330.717, -1.457,  2.439, 79.940,  6.290,  1.032,  0.057
194984.0, 2270, 35.15905601, 136.88628706, 40.462, -3810825.873, 3567818.920, 3652330.897, -1.366,  2.245, 79.930,  6.283,  1.056,  0.033
194984.2, 2270, 35.15905796, 136.88630084, 40.466, -3810826.643, 3567817.920, 3652331.076, -1.377,  1.895, 79.928,  6.277,  1.072, -0.008
194984.4, 2270, 35.15905996, 136.88631462, 40.464, -3810827.405, 3567816.915, 3652331.256, -1.613,  1.478, 79.918,  6.275,  1.105, -0.041
194984.6, 2270, 35.15906198, 136.88632832, 40.451, -3810828.157, 3567815.908, 3652331.432, -1.963,  1.371, 79.928,  6.210,  1.073, -0.085
194984.8, 2270, 35.15906390, 136.88634194, 40.435, -3810828.906, 3567814.910, 3652331.597, -1.950,  1.755, 79.993,  6.211,  1.042, -0.099
194985.0, 2270, 35.15906582, 136.88635559, 40.419, -3810829.657, 3567813.909, 3652331.762, -2.034,  1.963, 80.112,  6.239,  1.050, -0.057
194985.2, 2270, 35.15906770, 136.88636928, 40.417, -3810830.421, 3567812.915, 3652331.931, -1.950,  1.932, 80.203,  6.234,  1.010, -0.002
194985.4, 2270, 35.15906954, 136.88638293, 40.415, -3810831.184, 3567811.926, 3652332.096, -1.860,  1.985, 80.291,  6.209,  1.013, -0.033
194985.6, 2270, 35.15907137, 136.88639650, 40.412, -3810831.941, 3567810.942, 3652332.261, -1.870,  2.054, 80.346,  6.155,  1.001, -0.022
194985.8, 2270, 35.15907319, 136.88640997, 40.410, -3810832.694, 3567809.966, 3652332.425, -1.886,  2.115, 80.387,  6.118,  0.995, -0.015
194986.0, 2270, 35.15907497, 136.88642334, 40.411, -3810833.444, 3567808.999, 3652332.587, -1.861,  2.059, 80.427,  6.051,  0.976,  0.006
194986.2, 2270, 35.15907667, 136.88643648, 40.413, -3810834.184, 3567808.051, 3652332.742, -1.865,  1.970, 80.479,  5.915,  0.944,  0.007
194986.4, 2270, 35.15907830, 136.88644930, 40.413, -3810834.907, 3567807.128, 3652332.889, -1.763,  2.023, 80.522,  5.762,  0.899, -0.004
194986.6, 2270, 35.15907988, 136.88646177, 40.411, -3810835.608, 3567806.228, 3652333.032, -1.746,  1.990, 80.557,  5.585,  0.886, -0.005
194986.8, 2270, 35.15908142, 136.88647383, 40.411, -3810836.288, 3567805.360, 3652333.172, -1.754,  1.994, 80.573,  5.401,  0.839,  0.023
194987.0, 2270, 35.15908289, 136.88648547, 40.412, -3810836.944, 3567804.521, 3652333.307, -1.744,  1.927, 80.530,  5.200,  0.820,  0.002
194987.2, 2270, 35.15908433, 136.88649663, 40.411, -3810837.572, 3567803.716, 3652333.436, -1.744,  1.878, 80.440,  4.961,  0.801, -0.002
194987.4, 2270, 35.15908574, 136.88650727, 40.411, -3810838.169, 3567802.946, 3652333.564, -1.843,  1.862, 80.388,  4.742,  0.787, -0.000
194987.6, 2270, 35.15908709, 136.88651741, 40.409, -3810838.735, 3567802.212, 3652333.685, -1.948,  1.791, 80.329,  4.485,  0.741, -0.025
194987.8, 2270, 35.15908835, 136.88652700, 40.406, -3810839.273, 3567801.517, 3652333.798, -1.961,  1.768, 80.328,  4.249,  0.681,  0.010
194988.0, 2270, 35.15908953, 136.88653605, 40.407, -3810839.781, 3567800.865, 3652333.905, -1.961,  1.661, 80.328,  3.986,  0.647, -0.004
194988.2, 2270, 35.15909063, 136.88654447, 40.403, -3810840.252, 3567800.254, 3652334.003, -1.993,  1.619, 80.366,  3.687,  0.595, -0.014
194988.4, 2270, 35.15909163, 136.88655224, 40.401, -3810840.689, 3567799.693, 3652334.092, -1.943,  1.614, 80.396,  3.394,  0.535, -0.010
194988.6, 2270, 35.15909255, 136.88655938, 40.398, -3810841.088, 3567799.177, 3652334.174, -1.974,  1.581, 80.425,  3.099,  0.508, -0.016
194988.8, 2270, 35.15909339, 136.88656581, 40.395, -3810841.447, 3567798.710, 3652334.248, -2.069,  1.564, 80.455,  2.749,  0.446, -0.017
194989.0, 2270, 35.15909411, 136.88657147, 40.392, -3810841.764, 3567798.300, 3652334.312, -2.073,  1.568, 80.469,  2.412,  0.372, -0.012
194989.2, 2270, 35.15909473, 136.88657640, 40.389, -3810842.040, 3567797.944, 3652334.366, -2.059,  1.598, 80.492,  2.074,  0.323, -0.016
194989.4, 2270, 35.15909527, 136.88658062, 40.385, -3810842.276, 3567797.637, 3652334.413, -2.099,  1.681, 80.503,  1.777,  0.282, -0.012
194989.6, 2270, 35.15909571, 136.88658424, 40.383, -3810842.479, 3567797.376, 3652334.452, -2.089,  1.705, 80.530,  1.522,  0.229, -0.014
194989.8, 2270, 35.15909609, 136.88658730, 40.380, -3810842.650, 3567797.154, 3652334.485, -2.099,  1.746, 80.529,  1.276,  0.200, -0.013
194990.0, 2270, 35.15909641, 136.88658987, 40.377, -3810842.794, 3567796.968, 3652334.512, -2.113,  1.788, 80.550,  1.062,  0.157, -0.008
194990.2, 2270, 35.15909665, 136.88659196, 40.376, -3810842.912, 3567796.818, 3652334.533, -2.084,  1.799, 80.552,  0.839,  0.121, -0.004
194990.4, 2270, 35.15909684, 136.88659357, 40.375, -3810843.003, 3567796.701, 3652334.550, -2.086,  1.809, 80.563,  0.629,  0.095, -0.004
194990.6, 2270, 35.15909698, 136.88659473, 40.374, -3810843.068, 3567796.618, 3652334.562, -2.105,  1.827, 80.570,  0.430,  0.057, -0.002
194990.8, 2270, 35.15909705, 136.88659545, 40.373, -3810843.109, 3567796.566, 3652334.568, -2.108,  1.827, 80.573,  0.229,  0.027, -0.005
194991.0, 2270, 35.15909708, 136.88659575, 40.372, -3810843.126, 3567796.545, 3652334.570, -2.108,  1.852, 80.570,  0.060, -0.001, -0.003
194991.2, 2270, 35.15909708, 136.88659575, 40.373, -3810843.126, 3567796.545, 3652334.570, -2.107,  1.893, 80.570, -0.044, -0.017, -0.006
194991.4, 2270, 35.15909707, 136.88659572, 40.373, -3810843.125, 3567796.547, 3652334.570, -2.117,  2.006, 80.567,  0.002, -0.007, -0.005
194991.6, 2270, 35.15909708, 136.88659573, 40.373, -3810843.125, 3567796.547, 3652334.570, -2.127,  1.981, 80.565,  0.005, -0.008, -0.002
194991.8, 2270, 35.15909707, 136.88659573, 40.373, -3810843.125, 3567796.547, 3652334.570, -2.113,  1.994, 80.567, -0.001, -0.012, -0.000
194992.0, 2270, 35.15909707, 136.88659573, 40.373, -3810843.125, 3567796.547, 3652334.570, -2.113,  1.983, 80.567,  0.003, -0.005, -0.003
194992.2, 2270, 35.15909707, 136.88659573, 40.373, -3810843.125, 3567796.547, 3652334.570, -2.117,  1.991, 80.566,  0.005, -0.010, -0.001
194992.4, 2270, 35.15909707, 136.88659573, 40.373, -3810843.125, 3567796.547, 3652334.570, -2.113,  1.987, 80.569,  0.001, -0.007, -0.001
194992.6, 2270, 35.15909707, 136.88659573, 40.373, -3810843.125, 3567796.547, 3652334.570, -2.120,  1.990, 80.568,  0.002, -0.007, -0.002
194992.8, 2270, 35.15909707, 136.88659573, 40.373, -3810843.125, 3567796.547, 3652334.570, -2.113,  1.987, 80.568, -0.001, -0.010, -0.001
194993.0, 2270, 35.15909707, 136.88659573, 40.373, -3810843.125, 3567796.547, 3652334.570, -2.113,  1.988, 80.569,  0.002, -0.007, -0.001
194993.2, 2270, 35.15909707, 136.88659573, 40.373, -3810843.125, 3567796.547, 3652334.570, -2.117,  1.987, 80.570,  0.001, -0.006, -0.002
194993.4, 2270, 35.15909707, 136.88659573, 40.373, -3810843.125, 3567796.547, 3652334.570, -2.114,  1.989, 80.567, -0.000, -0.007, -0.000
194993.6, 2270, 35.15909707, 136.88659573, 40.373, -3810843.125, 3567796.547, 3652334.570, -2.112,  1.987, 80.569,  0.000, -0.006, -0.002
194993.8, 2270, 35.15909707, 136.88659573, 40.373, -3810843.125, 3567796.547, 3652334.570, -2.116,  1.988, 80.569,  0.003, -0.005, -0.002
194994.0, 2270, 35.15909707, 136.88659573, 40.373, -3810843.126, 3567796.547, 3652334.570, -2.101,  1.983, 80.568,  0.000, -0.009, -0.001
194994.2, 2270, 35.15909707, 136.88659573, 40.373, -3810843.125, 3567796.547, 3652334.570, -2.109,  1.983, 80.572,  0.003, -0.003, -0.003
194994.4, 2270, 35.15909707, 136.88659573, 40.373, -3810843.125, 3567796.547, 3652334.570, -2.114,  1.984, 80.569,  0.002, -0.004, -0.001
194994.6, 2270, 35.15909707, 136.88659573, 40.373, -3810843.125, 3567796.547, 3652334.570, -2.111,  1.986, 80.575,  0.001, -0.009, -0.000
194994.8, 2270, 35.15909707, 136.88659573, 40.373, -3810843.125, 3567796.547, 3652334.570, -2.108,  1.981, 80.570,  0.002, -0.003, -0.002
194995.0, 2270, 35.15909707, 136.88659573, 40.373, -3810843.125, 3567796.547, 3652334.570, -2.115,  1.984, 80.571,  0.002, -0.009, -0.000
194995.2, 2270, 35.15909707, 136.88659573, 40.373, -3810843.126, 3567796.547, 3652334.570, -2.108,  1.982, 80.572,  0.000, -0.006, -0.001
194995.4, 2270, 35.15909707, 136.88659573, 40.373, -3810843.125, 3567796.547, 3652334.570, -2.115,  1.984, 80.573,  0.001, -0.003, -0.001
194995.6, 2270, 35.15909707, 136.88659573, 40.373, -3810843.125, 3567796.547, 3652334.570, -2.112,  1.983, 80.572,  0.001, -0.008, -0.000
194995.8, 2270, 35.15909707, 136.88659573, 40.373, -3810843.125, 3567796.547, 3652334.570, -2.112,  1.983, 80.572,  0.001, -0.004, -0.002
194996.0, 2270, 35.15909707, 136.88659573, 40.373, -3810843.125, 3567796.547, 3652334.570, -2.113,  1.981, 80.571,  0.001, -0.005, -0.001
194996.2, 2270, 35.15909707, 136.88659573, 40.373, -3810843.125, 3567796.547, 3652334.570, -2.111,  1.985, 80.572,  0.002, -0.005, -0.001
194996.4, 2270, 35.15909707, 136.88659573, 40.373, -3810843.125, 3567796.547, 3652334.570, -2.113,  1.982, 80.572, -0.000, -0.003, -0.002
194996.6, 2270, 35.15909707, 136.88659573, 40.373, -3810843.125, 3567796.547, 3652334.570, -2.115,  1.984, 80.570,  0.001, -0.005,  0.000
194996.8, 2270, 35.15909707, 136.88659573, 40.373, -3810843.125, 3567796.547, 3652334.570, -2.111,  1.984, 80.571,  0.001, -0.005, -0.001
194997.0, 2270, 35.15909707, 136.88659573, 40.373, -3810843.125, 3567796.547, 3652334.570, -2.113,  1.985, 80.571,  0.000, -0.005, -0.000
194997.2, 2270, 35.15909707, 136.88659573, 40.373, -3810843.125, 3567796.547, 3652334.570, -2.112,  1.983, 80.572,  0.001, -0.004, -0.001
194997.4, 2270, 35.15909707, 136.88659573, 40.373, -3810843.125, 3567796.547, 3652334.570, -2.114,  1.985, 80.573,  0.002, -0.003, -0.001
194997.6, 2270, 35.15909707, 136.88659573, 40.373, -3810843.125, 3567796.547, 3652334.570, -2.114,  1.983, 80.573,  0.002, -0.005, -0.001
194997.8, 2270, 35.15909707, 136.88659573, 40.373, -3810843.125, 3567796.547, 3652334.570, -2.114,  1.984, 80.573,  0.001, -0.003, -0.001
194998.0, 2270, 35.15909707, 136.88659573, 40.373, -3810843.125, 3567796.547, 3652334.570, -2.116,  1.982, 80.574,  0.001, -0.003, -0.002
194998.2, 2270, 35.15909707, 136.88659573, 40.373, -3810843.125, 3567796.547, 3652334.570, -2.112,  1.984, 80.572, -0.000, -0.004, -0.001
194998.4, 2270, 35.15909707, 136.88659573, 40.373, -3810843.125, 3567796.547, 3652334.570, -2.112,  1.982, 80.572,  0.001, -0.003, -0.001
194998.6, 2270, 35.15909707, 136.88659573, 40.373, -3810843.125, 3567796.547, 3652334.570, -2.112,  1.985, 80.574,  0.001, -0.004, -0.001
194998.8, 2270, 35.15909707, 136.88659573, 40.373, -3810843.125, 3567796.547, 3652334.570, -2.110,  1.985, 80.573, -0.001, -0.004, -0.000
194999.0, 2270, 35.15909707, 136.88659573, 40.373, -3810843.125, 3567796.547, 3652334.570, -2.111,  1.986, 80.574,  0.001, -0.002, -0.001
194999.2, 2270, 35.15909707, 136.88659573, 40.373, -3810843.125, 3567796.547, 3652334.570, -2.110,  1.987, 80.574,  0.000, -0.003, -0.001
194999.4, 2270, 35.15909707, 136.88659573, 40.373, -3810843.125, 3567796.547, 3652334.570, -2.108,  1.987, 80.573,  0.002, -0.002, -0.002
194999.6, 2270, 35.15909707, 136.88659573, 40.373, -3810843.125, 3567796.547, 3652334.570, -2.110,  1.987, 80.574,  0.000, -0.003, -0.002
194999.8, 2270, 35.15909707, 136.88659573, 40.373, -3810843.125, 3567796.547, 3652334.570, -2.108,  1.986, 80.574, -0.001, -0.002, -0.002
195000.0, 2270, 35.15909707, 136.88659573, 40.373, -3810843.125, 3567796.547, 3652334.570, -2.111,  1.984, 80.574, -0.000, -0.002, -0.000
195000.2, 2270, 35.15909707, 136.88659573, 40.373, -3810843.125, 3567796.547, 3652334.570, -2.109,  1.986, 80.573, -0.000, -0.006, -0.001
195000.4, 2270, 35.15909707, 136.88659573, 40.373, -3810843.125, 3567796.547, 3652334.570, -2.109,  1.985, 80.575,  0.000, -0.001, -0.001
195000.6, 2270, 35.15909707, 136.88659573, 40.373, -3810843.125, 3567796.547, 3652334.570, -2.113,  1.989, 80.574,  0.000, -0.003,  0.000
195000.8, 2270, 35.15909707, 136.88659573, 40.373, -3810843.125, 3567796.547, 3652334.570, -2.109,  1.987, 80.575, -0.000, -0.003, -0.002
195001.0, 2270, 35.15909707, 136.88659573, 40.373, -3810843.125, 3567796.547, 3652334.570, -2.111,  1.988, 80.577,  0.000, -0.002, -0.001
195001.2, 2270, 35.15909707, 136.88659573, 40.373, -3810843.125, 3567796.547, 3652334.570, -2.109,  1.987, 80.577,  0.001, -0.003,  0.000
195001.4, 2270, 35.15909707, 136.88659573, 40.373, -3810843.125, 3567796.547, 3652334.570, -2.109,  1.988, 80.576,  0.001, -0.003, -0.002
195001.6, 2270, 35.15909707, 136.88659573, 40.373, -3810843.125, 3567796.547, 3652334.570, -2.111,  1.984, 80.577,  0.000, -0.001, -0.000
195001.8, 2270, 35.15909707, 136.88659573, 40.373, -3810843.126, 3567796.547, 3652334.570, -2.107,  1.989, 80.576,  0.001, -0.004, -0.000
195002.0, 2270, 35.15909707, 136.88659573, 40.373, -3810843.125, 3567796.547, 3652334.570, -2.110,  1.984, 80.576, -0.002, -0.001, -0.002
195002.2, 2270, 35.15909707, 136.88659573, 40.373, -3810843.125, 3567796.547, 3652334.570, -2.109,  1.986, 80.577,  0.001, -0.004,  0.000
195002.4, 2270, 35.15909707, 136.88659573, 40.373, -3810843.125, 3567796.547, 3652334.570, -2.109,  1.985, 80.573, -0.003, -0.002,  0.000
195002.6, 2270, 35.15909707, 136.88659573, 40.373, -3810843.126, 3567796.547, 3652334.570, -2.108,  1.983, 80.576, -0.000, -0.005, -0.000
195002.8, 2270, 35.15909707, 136.88659573, 40.373, -3810843.126, 3567796.547, 3652334.570, -2.104,  1.982, 80.578, -0.000, -0.003,  0.002
195003.0, 2270, 35.15909707, 136.88659573, 40.373, -3810843.126, 3567796.547, 3652334.570, -2.106,  1.987, 80.575, -0.000, -0.001, -0.000
195003.2, 2270, 35.15909707, 136.88659573, 40.373, -3810843.126, 3567796.547, 3652334.570, -2.107,  1.983, 80.576, -0.002, -0.006, -0.000
195003.4, 2270, 35.15909707, 136.88659573, 40.373, -3810843.126, 3567796.547, 3652334.570, -2.107,  1.981, 80.578,  0.002, -0.002,  0.000
195003.6, 2270, 35.15909707, 136.88659573, 40.373, -3810843.126, 3567796.547, 3652334.570, -2.108,  1.983, 80.576, -0.001, -0.002,  0.000
195003.8, 2270, 35.15909707, 136.88659573, 40.373, -3810843.126, 3567796.547, 3652334.570, -2.107,  1.984, 80.578,  0.001, -0.004,  0.000
195004.0, 2270, 35.15909707, 136.88659573, 40.373, -3810843.125, 3567796.547, 3652334.570, -2.110,  1.985, 80.577, -0.002, -0.001, -0.001
195004.2, 2270, 35.15909707, 136.88659573, 40.373, -3810843.126, 3567796.547, 3652334.570, -2.110,  1.982, 80.576,  0.001, -0.003, -0.000
195004.4, 2270, 35.15909707, 136.88659573, 40.373, -3810843.126, 3567796.547, 3652334.570, -2.109,  1.983, 80.577, -0.001, -0.002,  0.000
195004.6, 2270, 35.15909707, 136.88659573, 40.373, -3810843.126, 3567796.547, 3652334.570, -2.107,  1.984, 80.576, -0.002, -0.003, -0.000
195004.8, 2270, 35.15909707, 136.88659573, 40.373, -3810843.126, 3567796.547, 3652334.570, -2.108,  1.983, 80.576, -0.000, -0.003,  0.001
195005.0, 2270, 35.15909707, 136.88659573, 40.373, -3810843.126, 3567796.547, 3652334.570, -2.109,  1.984, 80.576, -0.000, -0.003, -0.000
195005.2, 2270, 35.15909707, 136.88659573, 40.373, -3810843.126, 3567796.547, 3652334.570, -2.109,  1.981, 80.577, -0.002, -0.003, -0.001
195005.4, 2270, 35.15909707, 136.88659573, 40.373, -3810843.126, 3567796.547, 3652334.570, -2.109,  1.983, 80.575,  0.002, -0.001, -0.000
195005.6, 2270, 35.15909707, 136.88659573, 40.373, -3810843.126, 3567796.547, 3652334.570, -2.109,  1.983, 80.575, -0.001, -0.004, -0.002
195005.8, 2270, 35.15909707, 136.88659573, 40.373, -3810843.126, 3567796.547, 3652334.570, -2.108,  1.981, 80.574, -0.000, -0.001, -0.000
195006.0, 2270, 35.15909707, 136.88659573, 40.373, -3810843.125, 3567796.547, 3652334.570, -2.111,  1.984, 80.575, -0.000, -0.002, -0.001
195006.2, 2270, 35.15909707, 136.88659573, 40.373, -3810843.126, 3567796.547, 3652334.570, -2.108,  1.982, 80.574,  0.001, -0.002, -0.000
195006.4, 2270, 35.15909707, 136.88659573, 40.373, -3810843.125, 3567796.547, 3652334.570, -2.109,  1.984, 80.575, -0.000, -0.003,  0.000
195006.6, 2270, 35.15909707, 136.88659573, 40.373, -3810843.126, 3567796.547, 3652334.570, -2.108,  1.984, 80.574,  0.001, -0.002, -0.000
195006.8, 2270, 35.15909707, 136.88659573, 40.373, -3810843.125, 3567796.547, 3652334.570, -2.109,  1.983, 80.574,  0.001, -0.002, -0.002
195007.0, 2270, 35.15909707, 136.88659573, 40.373, -3810843.125, 3567796.547, 3652334.570, -2.110,  1.982, 80.576,  0.000, -0.003, -0.000
195007.2, 2270, 35.15909707, 136.88659573, 40.373, -3810843.125, 3567796.547, 3652334.570, -2.109,  1.983, 80.574,  0.001, -0.002,  0.000
195007.4, 2270, 35.15909707, 136.88659573, 40.373, -3810843.125, 3567796.547, 3652334.570, -2.110,  1.982, 80.574,  0.000, -0.004,  0.000
195007.6, 2270, 35.15909707, 136.88659573, 40.373, -3810843.126, 3567796.547, 3652334.570, -2.106,  1.984, 80.576,  0.001, -0.002, -0.000
195007.8, 2270, 35.15909707, 136.88659573, 40.373, -3810843.125, 3567796.547, 3652334.570, -2.110,  1.984, 80.575, -0.001, -0.002,  0.001
195008.0, 2270, 35.15909707, 136.88659573, 40.373, -3810843.126, 3567796.547, 3652334.570, -2.106,  1.985, 80.576,  0.001, -0.003,  0.000
195008.2, 2270, 35.15909707, 136.88659573, 40.373, -3810843.126, 3567796.547, 3652334.570, -2.109,  1.984, 80.577, -0.000, -0.001, -0.001
195008.4, 2270, 35.15909707, 136.88659573, 40.373, -3810843.126, 3567796.547, 3652334.570, -2.106,  1.982, 80.576,  0.002, -0.006,  0.001
195008.6, 2270, 35.15909707, 136.88659573, 40.373, -3810843.126, 3567796.547, 3652334.570, -2.106,  1.983, 80.577,  0.002, -0.001, -0.001
195008.8, 2270, 35.15909707, 136.88659573, 40.373, -3810843.125, 3567796.547, 3652334.570, -2.110,  1.984, 80.576,  0.001, -0.004,  0.001
195009.0, 2270, 35.15909707, 136.88659573, 40.373, -3810843.126, 3567796.547, 3652334.570, -2.105,  1.985, 80.575,  0.003, -0.004, -0.000
195009.2, 2270, 35.15909707, 136.88659573, 40.373, -3810843.125, 3567796.547, 3652334.570, -2.110,  1.985, 80.576,  0.001, -0.000, -0.001
195009.4, 2270, 35.15909707, 136.88659573, 40.373, -3810843.125, 3567796.547, 3652334.570, -2.109,  1.985, 80.575,  0.002, -0.005,  0.000
195009.6, 2270, 35.15909707, 136.88659573, 40.373, -3810843.126, 3567796.547, 3652334.570, -2.106,  1.987, 80.578, -0.000, -0.004,  0.000
195009.8, 2270, 35.15909707, 136.88659573, 40.373, -3810843.125, 3567796.547, 3652334.570, -2.110,  1.986, 80.577, -0.000, -0.003, -0.000
195010.0, 2270, 35.15909707, 136.88659573, 40.373, -3810843.126, 3567796.547, 3652334.570, -2.108,  1.987, 80.577,  0.000, -0.003, -0.000
195010.2, 2270, 35.15909707, 136.88659573, 40.373, -3810843.126, 3567796.547, 3652334.570, -2.108,  1.987, 80.577,  0.001, -0.004, -0.001
195010.4, 2270, 35.15909707, 136.88659573, 40.373, -3810843.126, 3567796.547, 3652334.570, -2.108,  1.986, 80.577,  0.001, -0.004, -0.000
195010.6, 2270, 35.15909707, 136.88659573, 40.373, -3810843.126, 3567796.547, 3652334.570, -2.108,  1.987, 80.577,  0.001, -0.004, -0.000
195010.8, 2270, 35.15909707, 136.88659573, 40.373, -3810843.126, 3567796.547, 3652334.570, -2.110,  1.985, 80.579,  0.001, -0.004, -0.001
195011.0, 2270, 35.15909707, 136.88659573, 40.373, -3810843.126, 3567796.547, 3652334.570, -2.108,  1.985, 80.580,  0.002, -0.004, -0.001
195011.2, 2270, 35.15909707, 136.88659573, 40.373, -3810843.126, 3567796.547, 3652334.570, -2.110,  1.985, 80.580, -0.001, -0.004, -0.001
195011.4, 2270, 35.15909707, 136.88659573, 40.373, -3810843.126, 3567796.547, 3652334.570, -2.109,  1.985, 80.580,  0.001, -0.003, -0.001
195011.6, 2270, 35.15909707, 136.88659573, 40.373, -3810843.126, 3567796.547, 3652334.570, -2.108,  1.985, 80.579, -0.002, -0.003, -0.001
195011.8, 2270, 35.15909707, 136.88659573, 40.373, -3810843.126, 3567796.547, 3652334.570, -2.108,  1.984, 80.580,  0.002, -0.004, -0.000
195012.0, 2270, 35.15909707, 136.88659573, 40.373, -3810843.126, 3567796.547, 3652334.570, -2.110,  1.985, 80.580,  0.001, -0.004, -0.001
195012.2, 2270, 35.15909707, 136.88659573, 40.373, -3810843.126, 3567796.547, 3652334.570, -2.108,  1.983, 80.580,  0.001, -0.004, -0.001
195012.4, 2270, 35.15909707, 136.88659573, 40.373, -3810843.126, 3567796.547, 3652334.570, -2.108,  1.985, 80.579,  0.000, -0.004, -0.001
195012.6, 2270, 35.15909707, 136.88659573, 40.373, -3810843.126, 3567796.547, 3652334.570, -2.107,  1.983, 80.578,  0.000, -0.003, -0.001
195012.8, 2270, 35.15909707, 136.88659573, 40.373, -3810843.126, 3567796.547, 3652334.570, -2.108,  1.985, 80.578, -0.000, -0.003, -0.000
195013.0, 2270, 35.15909707, 136.88659573, 40.373, -3810843.126, 3567796.547, 3652334.570, -2.108,  1.985, 80.579,  0.002, -0.003, -0.001
195013.2, 2270, 35.15909707, 136.88659573, 40.373, -3810843.126, 3567796.547, 3652334.570, -2.109,  1.986, 80.579, -0.000, -0.003, -0.001
195013.4, 2270, 35.15909707, 136.88659573, 40.373, -3810843.126, 3567796.547, 3652334.570, -2.110,  1.984, 80.581,  0.001, -0.004,  0.001
195013.6, 2270, 35.15909707, 136.88659573, 40.373, -3810843.126, 3567796.547, 3652334.570, -2.105,  1.986, 80.579,  0.001, -0.004, -0.001
195013.8, 2270, 35.15909707, 136.88659573, 40.373, -3810843.125, 3567796.547, 3652334.570, -2.112,  1.985, 80.580,  0.000, -0.001, -0.001
195014.0, 2270, 35.15909707, 136.88659573, 40.373, -3810843.126, 3567796.547, 3652334.570, -2.109,  1.986, 80.578, -0.002, -0.005, -0.001
195014.2, 2270, 35.15909707, 136.88659573, 40.373, -3810843.126, 3567796.547, 3652334.570, -2.109,  1.985, 80.579,  0.001, -0.002, -0.000
195014.4, 2270, 35.15909707, 136.88659573, 40.373, -3810843.125, 3567796.547, 3652334.570, -2.113,  1.986, 80.580,  0.001, -0.005, -0.001
195014.6, 2270, 35.15909707, 136.88659573, 40.373, -3810843.126, 3567796.547, 3652334.570, -2.110,  1.985, 80.580,  0.000, -0.003, -0.001
195014.8, 2270, 35.15909707, 136.88659573, 40.373, -3810843.125, 3567796.547, 3652334.570, -2.114,  1.985, 80.578, -0.000, -0.003, -0.000
195015.0, 2270, 35.15909707, 136.88659573, 40.373, -3810843.125, 3567796.547, 3652334.570, -2.111,  1.985, 80.580,  0.001, -0.006, -0.001
195015.2, 2270, 35.15909707, 136.88659573, 40.373, -3810843.126, 3567796.547, 3652334.570, -2.109,  1.985, 80.580,  0.002, -0.002, -0.002
195015.4, 2270, 35.15909707, 136.88659573, 40.373, -3810843.125, 3567796.547, 3652334.570, -2.112,  1.985, 80.579, -0.001, -0.003, -0.001
195015.6, 2270, 35.15909707, 136.88659573, 40.373, -3810843.126, 3567796.547, 3652334.570, -2.108,  1.985, 80.580,  0.000, -0.005, -0.001
195015.8, 2270, 35.15909707, 136.88659573, 40.373, -3810843.126, 3567796.547, 3652334.570, -2.110,  1.985, 80.580, -0.001, -0.004, -0.001
195016.0, 2270, 35.15909707, 136.88659573, 40.373, -3810843.125, 3567796.547, 3652334.570, -2.110,  1.986, 80.579, -0.001, -0.003, -0.001
195016.2, 2270, 35.15909707, 136.88659573, 40.373, -3810843.125, 3567796.547, 3652334.570, -2.112,  1.987, 80.580, -0.001, -0.002, -0.002
195016.4, 2270, 35.15909707, 136.88659573, 40.373, -3810843.125, 3567796.547, 3652334.570, -2.112,  1.986, 80.580, -0.000, -0.003, -0.002
195016.6, 2270, 35.15909707, 136.88659573, 40.373, -3810843.125, 3567796.547, 3652334.570, -2.112,  1.986, 80.578, -0.000, -0.004, -0.001
195016.8, 2270, 35.15909707, 136.88659573, 40.373, -3810843.125, 3567796.547, 3652334.570, -2.113,  1.985, 80.579,  0.001, -0.005, -0.001
195017.0, 2270, 35.15909707, 136.88659573, 40.373, -3810843.125, 3567796.547, 3652334.570, -2.112,  1.986, 80.579,  0.001, -0.007,  0.001
195017.2, 2270, 35.15909707, 136.88659573, 40.373, -3810843.125, 3567796.547, 3652334.570, -2.112,  1.986, 80.578,  0.001, -0.007, -0.000
195017.4, 2270, 35.15909707, 136.88659573, 40.373, -3810843.125, 3567796.547, 3652334.570, -2.113,  1.985, 80.579, -0.001, -0.005, -0.000
195017.6, 2270, 35.15909707, 136.88659573, 40.373, -3810843.125, 3567796.547, 3652334.570, -2.114,  1.986, 80.578, -0.000, -0.004,  0.000
195017.8, 2270, 35.15909707, 136.88659573, 40.373, -3810843.125, 3567796.547, 3652334.570, -2.113,  1.986, 80.578, -0.001, -0.004, -0.001
195018.0, 2270, 35.15909707, 136.88659573, 40.373, -3810843.125, 3567796.547, 3652334.570, -2.114,  1.984, 80.579, -0.001, -0.003,  0.001
195018.2, 2270, 35.15909707, 136.88659573, 40.373, -3810843.125, 3567796.547, 3652334.570, -2.112,  1.987, 80.579,  0.001, -0.006, -0.000
195018.4, 2270, 35.15909707, 136.88659573, 40.373, -3810843.125, 3567796.547, 3652334.570, -2.114,  1.983, 80.577,  0.000, -0.002,  0.000
195018.6, 2270, 35.15909707, 136.88659573, 40.373, -3810843.125, 3567796.547, 3652334.570, -2.112,  1.985, 80.577,  0.001, -0.006,  0.001
195018.8, 2270, 35.15909707, 136.88659573, 40.373, -3810843.125, 3567796.547, 3652334.570, -2.111,  1.983, 80.576, -0.001, -0.003,  0.000
195019.0, 2270, 35.15909707, 136.88659573, 40.373, -3810843.125, 3567796.547, 3652334.570, -2.114,  1.982, 80.577, -0.001, -0.005,  0.001
195019.2, 2270, 35.15909707, 136.88659573, 40.373, -3810843.125, 3567796.547, 3652334.570, -2.110,  1.984, 80.576,  0.002, -0.003,  0.001
195019.4, 2270, 35.15909707, 136.88659573, 40.373, -3810843.125, 3567796.547, 3652334.570, -2.115,  1.982, 80.577, -0.000, -0.003, -0.001
195019.6, 2270, 35.15909707, 136.88659573, 40.373, -3810843.125, 3567796.547, 3652334.570, -2.113,  1.983, 80.577,  0.001, -0.004, -0.001
195019.8, 2270, 35.15909707, 136.88659573, 40.373, -3810843.125, 3567796.547, 3652334.570, -2.111,  1.982, 80.576, -0.001, -0.002, -0.000
195020.0, 2270, 35.15909707, 136.88659573, 40.373, -3810843.125, 3567796.547, 3652334.570, -2.115,  1.982, 80.576,  0.000, -0.005,  0.000
195020.2, 2270, 35.15909707, 136.88659573, 40.373, -3810843.125, 3567796.547, 3652334.570, -2.111,  1.982, 80.575, -0.002, -0.003, -0.001
195020.4, 2270, 35.15909707, 136.88659573, 40.373, -3810843.125, 3567796.547, 3652334.570, -2.114,  1.981, 80.577,  0.001, -0.003, -0.001
195020.6, 2270, 35.15909707, 136.88659573, 40.373, -3810843.125, 3567796.547, 3652334.570, -2.111,  1.981, 80.575, -0.003, -0.003, -0.001
195020.8, 2270, 35.15909707, 136.88659573, 40.373, -3810843.125, 3567796.547, 3652334.570, -2.116,  1.980, 80.576, -0.001, -0.002, -0.000
195021.0, 2270, 35.15909707, 136.88659573, 40.373, -3810843.125, 3567796.547, 3652334.570, -2.113,  1.982, 80.576,  0.000, -0.005, -0.000
195021.2, 2270, 35.15909707, 136.88659573, 40.373, -3810843.126, 3567796.547, 3652334.570, -2.110,  1.981, 80.576, -0.002, -0.004, -0.000
195021.4, 2270, 35.15909707, 136.88659573, 40.373, -3810843.125, 3567796.547, 3652334.570, -2.115,  1.981, 80.577,  0.001, -0.003, -0.001
195021.6, 2270, 35.15909707, 136.88659573, 40.373, -3810843.125, 3567796.547, 3652334.570, -2.112,  1.982, 80.574, -0.002, -0.002, -0.003
195021.8, 2270, 35.15909707, 136.88659573, 40.373, -3810843.125, 3567796.547, 3652334.570, -2.112,  1.980, 80.574,  0.000, -0.004,  0.001
195022.0, 2270, 35.15909707, 136.88659573, 40.373, -3810843.125, 3567796.547, 3652334.570, -2.112,  1.982, 80.575, -0.001, -0.003, -0.001
195022.2, 2270, 35.15909707, 136.88659573, 40.373, -3810843.125, 3567796.547, 3652334.570, -2.112,  1.980, 80.574, -0.002, -0.003, -0.001
195022.4, 2270, 35.15909707, 136.88659573, 40.373, -3810843.125, 3567796.547, 3652334.570, -2.111,  1.982, 80.575,  0.000, -0.005,  0.001
195022.6, 2270, 35.15909707, 136.88659573, 40.373, -3810843.125, 3567796.547, 3652334.570, -2.110,  1.981, 80.575, -0.002, -0.002, -0.001
195022.8, 2270, 35.15909707, 136.88659573, 40.373, -3810843.125, 3567796.547, 3652334.570, -2.112,  1.982, 80.574, -0.000, -0.004, -0.000
195023.0, 2270, 35.15909707, 136.88659573, 40.373, -3810843.125, 3567796.547, 3652334.570, -2.110,  1.981, 80.574, -0.000, -0.005,  0.001
195023.2, 2270, 35.15909707, 136.88659573, 40.373, -3810843.126, 3567796.547, 3652334.570, -2.110,  1.979, 80.575,  0.000, -0.002,  0.000
195023.4, 2270, 35.15909707, 136.88659573, 40.373, -3810843.125, 3567796.547, 3652334.570, -2.113,  1.980, 80.574,  0.000, -0.003, -0.001
195023.6, 2270, 35.15909707, 136.88659573, 40.373, -3810843.125, 3567796.547, 3652334.570, -2.112,  1.980, 80.573,  0.002, -0.004,  0.000
195023.8, 2270, 35.15909707, 136.88659573, 40.373, -3810843.125, 3567796.547, 3652334.570, -2.114,  1.981, 80.575, -0.000, -0.003, -0.000
195024.0, 2270, 35.15909707, 136.88659573, 40.373, -3810843.125, 3567796.547, 3652334.570, -2.111,  1.980, 80.575, -0.000, -0.005, -0.000
195024.2, 2270, 35.15909707, 136.88659573, 40.373, -3810843.125, 3567796.547, 3652334.570, -2.112,  1.980, 80.574,  0.001, -0.002, -0.000
195024.4, 2270, 35.15909707, 136.88659573, 40.373, -3810843.125, 3567796.547, 3652334.570, -2.111,  1.982, 80.573, -0.002, -0.004, -0.001
195024.6, 2270, 35.15909707, 136.88659573, 40.373, -3810843.125, 3567796.547, 3652334.570, -2.110,  1.981, 80.574, -0.000, -0.002, -0.001
195024.8, 2270, 35.15909707, 136.88659573, 40.373, -3810843.125, 3567796.547, 3652334.570, -2.112,  1.982, 80.574,  0.000, -0.003, -0.001
195025.0, 2270, 35.15909707, 136.88659573, 40.373, -3810843.126, 3567796.547, 3652334.570, -2.109,  1.981, 80.574,  0.002, -0.005, -0.001
195025.2, 2270, 35.15909707, 136.88659573, 40.373, -3810843.125, 3567796.547, 3652334.570, -2.109,  1.983, 80.574,  0.002, -0.003, -0.001
195025.4, 2270, 35.15909707, 136.88659573, 40.373, -3810843.125, 3567796.547, 3652334.570, -2.113,  1.983, 80.574,  0.000, -0.003, -0.001
195025.6, 2270, 35.15909707, 136.88659573, 40.373, -3810843.125, 3567796.547, 3652334.570, -2.113,  1.983, 80.574,  0.001, -0.004, -0.001
195025.8, 2270, 35.15909707, 136.88659573, 40.373, -3810843.125, 3567796.547, 3652334.570, -2.112,  1.983, 80.573,  0.000, -0.003, -0.001
195026.0, 2270, 35.15909707, 136.88659573, 40.373, -3810843.125, 3567796.547, 3652334.570, -2.113,  1.982, 80.572,  0.001, -0.004, -0.000
195026.2, 2270, 35.15909707, 136.88659573, 40.373, -3810843.125, 3567796.547, 3652334.570, -2.113,  1.983, 80.574,  0.000, -0.003, -0.001
195026.4, 2270, 35.15909707, 136.88659573, 40.373, -3810843.125, 3567796.547, 3652334.570, -2.114,  1.983, 80.574,  0.000, -0.005, -0.000
195026.6, 2270, 35.15909707, 136.88659573, 40.373, -3810843.125, 3567796.547, 3652334.570, -2.109,  1.983, 80.574,  0.001, -0.003, -0.001
195026.8, 2270, 35.15909707, 136.88659573, 40.373, -3810843.125, 3567796.547, 3652334.570, -2.113,  1.984, 80.574, -0.001, -0.003, -0.001
195027.0, 2270, 35.15909707, 136.88659573, 40.373, -3810843.126, 3567796.547, 3652334.570, -2.108,  1.982, 80.575,  0.000, -0.005, -0.001
195027.2, 2270, 35.15909707, 136.88659573, 40.373, -3810843.126, 3567796.547, 3652334.570, -2.108,  1.983, 80.575,  0.001, -0.002, -0.001
195027.4, 2270, 35.15909707, 136.88659573, 40.373, -3810843.125, 3567796.547, 3652334.570, -2.111,  1.983, 80.575, -0.001, -0.004, -0.001
195027.6, 2270, 35.15909707, 136.88659573, 40.373, -3810843.125, 3567796.547, 3652334.570, -2.112,  1.983, 80.575,  0.000, -0.005, -0.001
195027.8, 2270, 35.15909707, 136.88659573, 40.373, -3810843.125, 3567796.547, 3652334.570, -2.114,  1.983, 80.574,  0.001, -0.003, -0.002
195028.0, 2270, 35.15909707, 136.88659573, 40.373, -3810843.125, 3567796.547, 3652334.570, -2.112,  1.983, 80.575,  0.001, -0.004, -0.001
195028.2, 2270, 35.15909707, 136.88659573, 40.373, -3810843.125, 3567796.547, 3652334.570, -2.110,  1.984, 80.575,  0.000, -0.003, -0.002
195028.4, 2270, 35.15909707, 136.88659573, 40.373, -3810843.125, 3567796.547, 3652334.570, -2.114,  1.985, 80.576,  0.001, -0.004, -0.001
195028.6, 2270, 35.15909707, 136.88659573, 40.373, -3810843.125, 3567796.547, 3652334.570, -2.113,  1.984, 80.576,  0.001, -0.003, -0.002
195028.8, 2270, 35.15909707, 136.88659573, 40.373, -3810843.125, 3567796.547, 3652334.570, -2.115,  1.984, 80.575, -0.000, -0.002, -0.001
195029.0, 2270, 35.15909707, 136.88659573, 40.373, -3810843.125, 3567796.547, 3652334.570, -2.114,  1.984, 80.576, -0.000, -0.003, -0.001
195029.2, 2270, 35.15909707, 136.88659573, 40.373, -3810843.125, 3567796.547, 3652334.570, -2.113,  1.985, 80.577,  0.001, -0.003, -0.000
195029.4, 2270, 35.15909707, 136.88659573, 40.373, -3810843.125, 3567796.547, 3652334.570, -2.115,  1.984, 80.576, -0.000, -0.002, -0.001
195029.6, 2270, 35.15909707, 136.88659573, 40.373, -3810843.125, 3567796.547, 3652334.570, -2.111,  1.983, 80.576,  0.003, -0.005, -0.001
195029.8, 2270, 35.15909707, 136.88659573, 40.373, -3810843.125, 3567796.547, 3652334.570, -2.112,  1.983, 80.576, -0.000, -0.003, -0.000
195030.0, 2270, 35.15909707, 136.88659573, 40.373, -3810843.125, 3567796.547, 3652334.570, -2.113,  1.984, 80.577,  0.002, -0.002, -0.001
195030.2, 2270, 35.15909707, 136.88659573, 40.373, -3810843.125, 3567796.547, 3652334.570, -2.111,  1.984, 80.577,  0.001, -0.001, -0.002
195030.4, 2270, 35.15909707, 136.88659573, 40.373, -3810843.125, 3567796.547, 3652334.570, -2.111,  1.984, 80.577,  0.001, -0.003, -0.001
195030.6, 2270, 35.15909707, 136.88659573, 40.373, -3810843.125, 3567796.547, 3652334.570, -2.111,  1.986, 80.577,  0.000, -0.002, -0.001
195030.8, 2270, 35.15909707, 136.88659573, 40.373, -3810843.125, 3567796.547, 3652334.570, -2.112,  1.985, 80.578,  0.001, -0.003, -0.001
195031.0, 2270, 35.15909707, 136.88659573, 40.373, -3810843.125, 3567796.547, 3652334.570, -2.109,  1.986, 80.577, -0.001, -0.001, -0.001
195031.2, 2270, 35.15909707, 136.88659573, 40.373, -3810843.126, 3567796.547, 3652334.570, -2.110,  1.985, 80.579,  0.000, -0.003, -0.001
195031.4, 2270, 35.15909707, 136.88659573, 40.373, -3810843.126, 3567796.547, 3652334.570, -2.109,  1.984, 80.578,  0.000, -0.002, -0.001
195031.6, 2270, 35.15909707, 136.88659573, 40.373, -3810843.126, 3567796.547, 3652334.570, -2.109,  1.984, 80.577, -0.000, -0.001, -0.001
195031.8, 2270, 35.15909707, 136.88659573, 40.373, -3810843.125, 3567796.547, 3652334.570, -2.111,  1.984, 80.578,  0.001, -0.002, -0.001
195032.0, 2270, 35.15909707, 136.88659573, 40.373, -3810843.126, 3567796.547, 3652334.570, -2.110,  1.984, 80.579, -0.000, -0.002, -0.001
195032.2, 2270, 35.15909707, 136.88659573, 40.373, -3810843.126, 3567796.547, 3652334.570, -2.111,  1.983, 80.579,  0.000, -0.002, -0.000
195032.4, 2270, 35.15909707, 136.88659573, 40.373, -3810843.126, 3567796.547, 3652334.570, -2.109,  1.983, 80.579,  0.001, -0.003, -0.001
195032.6, 2270, 35.15909707, 136.88659573, 40.373, -3810843.126, 3567796.547, 3652334.570, -2.109,  1.983, 80.579,  0.001,  0.000, -0.001
195032.8, 2270, 35.15909707, 136.88659573, 40.373, -3810843.126, 3567796.547, 3652334.570, -2.111,  1.984, 80.580, -0.001, -0.001, -0.001
195033.0, 2270, 35.15909707, 136.88659573, 40.373, -3810843.126, 3567796.547, 3652334.570, -2.108,  1.984, 80.581,  0.002, -0.002, -0.001
195033.2, 2270, 35.15909707, 136.88659573, 40.373, -3810843.126, 3567796.547, 3652334.570, -2.112,  1.984, 80.581, -0.000, -0.000, -0.001
195033.4, 2270, 35.15909707, 136.88659573, 40.373, -3810843.126, 3567796.547, 3652334.570, -2.111,  1.984, 80.583,  0.001, -0.003, -0.000
195033.6, 2270, 35.15909707, 136.88659573, 40.373, -3810843.126, 3567796.547, 3652334.570, -2.110,  1.984, 80.582,  0.000, -0.001, -0.002
195033.8, 2270, 35.15909707, 136.88659573, 40.373, -3810843.126, 3567796.547, 3652334.570, -2.112,  1.983, 80.582, -0.000, -0.002, -0.000
195034.0, 2270, 35.15909707, 136.88659573, 40.373, -3810843.126, 3567796.547, 3652334.570, -2.110,  1.982, 80.582,  0.001, -0.001, -0.001
195034.2, 2270, 35.15909707, 136.88659573, 40.373, -3810843.126, 3567796.547, 3652334.570, -2.111,  1.983, 80.583, -0.002,  0.000, -0.002
195034.4, 2270, 35.15909707, 136.88659573, 40.373, -3810843.126, 3567796.547, 3652334.570, -2.110,  1.983, 80.585, -0.000, -0.000, -0.000
195034.6, 2270, 35.15909707, 136.88659573, 40.373, -3810843.126, 3567796.547, 3652334.570, -2.109,  1.984, 80.583, -0.003,  0.000, -0.001
195034.8, 2270, 35.15909707, 136.88659573, 40.373, -3810843.126, 3567796.547, 3652334.570, -2.110,  1.983, 80.584, -0.001,  0.000, -0.001
195035.0, 2270, 35.15909707, 136.88659573, 40.373, -3810843.126, 3567796.547, 3652334.570, -2.111,  1.984, 80.585, -0.001,  0.000, -0.002
195035.2, 2270, 35.15909707, 136.88659573, 40.373, -3810843.126, 3567796.547, 3652334.570, -2.110,  1.983, 80.585, -0.001, -0.001, -0.001
195035.4, 2270, 35.15909707, 136.88659573, 40.373, -3810843.126, 3567796.547, 3652334.570, -2.110,  1.983, 80.587,  0.000, -0.003, -0.000
195035.6, 2270, 35.15909707, 136.88659573, 40.373, -3810843.126, 3567796.547, 3652334.570, -2.109,  1.982, 80.587,  0.000, -0.001, -0.001
195035.8, 2270, 35.15909707, 136.88659573, 40.373, -3810843.126, 3567796.547, 3652334.570, -2.108,  1.983, 80.588,  0.002, -0.003, -0.001
195036.0, 2270, 35.15909707, 136.88659573, 40.373, -3810843.126, 3567796.547, 3652334.570, -2.108,  1.983, 80.589,  0.000, -0.001, -0.002
195036.2, 2270, 35.15909707, 136.88659573, 40.373, -3810843.126, 3567796.547, 3652334.570, -2.108,  1.983, 80.589,  0.001, -0.001, -0.001
195036.4, 2270, 35.15909707, 136.88659573, 40.373, -3810843.126, 3567796.547, 3652334.570, -2.107,  1.982, 80.589, -0.002, -0.001, -0.002
195036.6, 2270, 35.15909707, 136.88659573, 40.373, -3810843.126, 3567796.547, 3652334.570, -2.106,  1.982, 80.590,  0.000,  0.000, -0.001
195036.8, 2270, 35.15909707, 136.88659573, 40.373, -3810843.126, 3567796.547, 3652334.570, -2.107,  1.984, 80.589,  0.001, -0.001, -0.001
195037.0, 2270, 35.15909707, 136.88659573, 40.373, -3810843.126, 3567796.547, 3652334.570, -2.107,  1.984, 80.589, -0.000, -0.003, -0.001
195037.2, 2270, 35.15909707, 136.88659573, 40.373, -3810843.126, 3567796.547, 3652334.570, -2.109,  1.986, 80.589,  0.001, -0.003, -0.001
195037.4, 2270, 35.15909707, 136.88659573, 40.373, -3810843.126, 3567796.547, 3652334.570, -2.110,  1.984, 80.587, -0.000, -0.000, -0.001
195037.6, 2270, 35.15909707, 136.88659573, 40.373, -3810843.126, 3567796.547, 3652334.570, -2.110,  1.985, 80.589, -0.001, -0.002, -0.001
195037.8, 2270, 35.15909707, 136.88659573, 40.373, -3810843.126, 3567796.547, 3652334.570, -2.109,  1.985, 80.588, -0.001, -0.004, -0.000
195038.0, 2270, 35.15909707, 136.88659573, 40.373, -3810843.126, 3567796.547, 3652334.570, -2.110,  1.985, 80.589, -0.001, -0.001,  0.000
195038.2, 2270, 35.15909707, 136.88659573, 40.373, -3810843.126, 3567796.547, 3652334.570, -2.107,  1.985, 80.589,  0.000, -0.004, -0.000
195038.4, 2270, 35.15909707, 136.88659573, 40.373, -3810843.126, 3567796.547, 3652334.570, -2.108,  1.983, 80.588, -0.001, -0.002, -0.001
195038.6, 2270, 35.15909707, 136.88659573, 40.373, -3810843.126, 3567796.547, 3652334.570, -2.107,  1.983, 80.588,  0.000, -0.005,  0.000
195038.8, 2270, 35.15909707, 136.88659573, 40.373, -3810843.126, 3567796.547, 3652334.570, -2.107,  1.983, 80.588, -0.000, -0.003, -0.000
195039.0, 2270, 35.15909707, 136.88659573, 40.373, -3810843.126, 3567796.547, 3652334.570, -2.108,  1.983, 80.587,  0.000, -0.005,  0.000
195039.2, 2270, 35.15909707, 136.88659573, 40.373, -3810843.126, 3567796.547, 3652334.570, -2.107,  1.982, 80.586, -0.000, -0.004, -0.001
195039.4, 2270, 35.15909707, 136.88659573, 40.373, -3810843.126, 3567796.547, 3652334.570, -2.108,  1.982, 80.587,  0.001, -0.004, -0.000
195039.6, 2270, 35.15909707, 136.88659573, 40.373, -3810843.126, 3567796.547, 3652334.570, -2.109,  1.982, 80.586, -0.000, -0.003, -0.000
195039.8, 2270, 35.15909707, 136.88659573, 40.373, -3810843.126, 3567796.547, 3652334.570, -2.111,  1.982, 80.586,  0.001, -0.002, -0.002
195040.0, 2270, 35.15909707, 136.88659573, 40.373, -3810843.126, 3567796.547, 3652334.570, -2.111,  1.982, 80.586,  0.001, -0.006, -0.000
195040.2, 2270, 35.15909707, 136.88659573, 40.373, -3810843.126, 3567796.547, 3652334.570, -2.112,  1.979, 80.586,  0.000, -0.004, -0.000
195040.4, 2270, 35.15909707, 136.88659573, 40.373, -3810843.126, 3567796.547, 3652334.570, -2.111,  1.980, 80.585,  0.000, -0.005, -0.000
195040.6, 2270, 35.15909707, 136.88659573, 40.373, -3810843.126, 3567796.547, 3652334.570, -2.110,  1.979, 80.585, -0.000, -0.005, -0.000
195040.8, 2270, 35.15909707, 136.88659573, 40.373, -3810843.126, 3567796.547, 3652334.570, -2.109,  1.979, 80.585,  0.001, -0.003,  0.000
195041.0, 2270, 35.15909707, 136.88659573, 40.373, -3810843.126, 3567796.547, 3652334.570, -2.109,  1.979, 80.585, -0.000, -0.005, -0.000
195041.2, 2270, 35.15909707, 136.88659573, 40.373, -3810843.126, 3567796.547, 3652334.570, -2.110,  1.978, 80.585,  0.001, -0.003, -0.001
195041.4, 2270, 35.15909707, 136.88659573, 40.373, -3810843.126, 3567796.547, 3652334.570, -2.110,  1.978, 80.584,  0.000, -0.004, -0.000
195041.6, 2270, 35.15909707, 136.88659573, 40.373, -3810843.126, 3567796.547, 3652334.570, -2.112,  1.977, 80.584, -0.000, -0.003, -0.001
195041.8, 2270, 35.15909707, 136.88659573, 40.373, -3810843.126, 3567796.547, 3652334.570, -2.111,  1.977, 80.585, -0.000, -0.003, -0.000
195042.0, 2270, 35.15909707, 136.88659573, 40.373, -3810843.126, 3567796.547, 3652334.570, -2.112,  1.977, 80.585,  0.002, -0.004, -0.001
195042.2, 2270, 35.15909707, 136.88659573, 40.373, -3810843.126, 3567796.547, 3652334.570, -2.111,  1.978, 80.586,  0.001, -0.004, -0.001
195042.4, 2270, 35.15909707, 136.88659573, 40.373, -3810843.126, 3567796.547, 3652334.570, -2.111,  1.977, 80.586,  0.002, -0.003, -0.002
195042.6, 2270, 35.15909707, 136.88659573, 40.373, -3810843.126, 3567796.547, 3652334.570, -2.109,  1.976, 80.586,  0.002, -0.004, -0.001
195042.8, 2270, 35.15909707, 136.88659573, 40.373, -3810843.126, 3567796.547, 3652334.570, -2.111,  1.978, 80.587,  0.003, -0.003, -0.002
195043.0, 2270, 35.15909707, 136.88659573, 40.373, -3810843.126, 3567796.547, 3652334.570, -2.111,  1.978, 80.587,  0.002, -0.005, -0.001
195043.2, 2270, 35.15909707, 136.88659573, 40.373, -3810843.126, 3567796.547, 3652334.570, -2.109,  1.980, 80.586,  0.002, -0.003, -0.002
195043.4, 2270, 35.15909707, 136.88659573, 40.373, -3810843.126, 3567796.547, 3652334.570, -2.111,  1.979, 80.587,  0.001, -0.003, -0.002
195043.6, 2270, 35.15909707, 136.88659573, 40.373, -3810843.126, 3567796.547, 3652334.570, -2.110,  1.980, 80.588,  0.002, -0.005, -0.000
195043.8, 2270, 35.15909707, 136.88659573, 40.373, -3810843.126, 3567796.547, 3652334.570, -2.111,  1.980, 80.588,  0.002, -0.003, -0.002
195044.0, 2270, 35.15909707, 136.88659573, 40.373, -3810843.126, 3567796.547, 3652334.570, -2.112,  1.980, 80.587,  0.003, -0.006, -0.001
195044.2, 2270, 35.15909707, 136.88659573, 40.373, -3810843.126, 3567796.547, 3652334.570, -2.112,  1.980, 80.587,  0.002, -0.004, -0.001
195044.4, 2270, 35.15909707, 136.88659573, 40.373, -3810843.126, 3567796.547, 3652334.570, -2.113,  1.979, 80.587,  0.003, -0.003, -0.002
195044.6, 2270, 35.15909707, 136.88659573, 40.373, -3810843.126, 3567796.547, 3652334.570, -2.112,  1.979, 80.586,  0.002, -0.004, -0.002
195044.8, 2270, 35.15909707, 136.88659573, 40.373, -3810843.126, 3567796.547, 3652334.570, -2.113,  1.979, 80.586,  0.004, -0.002, -0.002
195045.0, 2270, 35.15909707, 136.88659573, 40.373, -3810843.126, 3567796.547, 3652334.570, -2.114,  1.979, 80.586,  0.004, -0.002, -0.002
195045.2, 2270, 35.15909707, 136.88659573, 40.373, -3810843.126, 3567796.547, 3652334.570, -2.114,  1.979, 80.586,  0.003, -0.003, -0.002
195045.4, 2270, 35.15909707, 136.88659573, 40.373, -3810843.126, 3567796.547, 3652334.570, -2.113,  1.978, 80.585,  0.002, -0.003, -0.001
195045.6, 2270, 35.15909707, 136.88659573, 40.373, -3810843.126, 3567796.547, 3652334.570, -2.113,  1.980, 80.586,  0.004, -0.002, -0.002
195045.8, 2270, 35.15909707, 136.88659573, 40.373, -3810843.126, 3567796.547, 3652334.570, -2.114,  1.979, 80.587,  0.004, -0.005, -0.001
195046.0, 2270, 35.15909707, 136.88659573, 40.373, -3810843.126, 3567796.547, 3652334.570, -2.111,  1.980, 80.587,  0.004, -0.002, -0.001
195046.2, 2270, 35.15909707, 136.88659573, 40.373, -3810843.126, 3567796.547, 3652334.570, -2.114,  1.982, 80.588,  0.003, -0.003, -0.001
195046.4, 2270, 35.15909707, 136.88659573, 40.373, -3810843.126, 3567796.547, 3652334.570, -2.110,  1.978, 80.586,  0.001, -0.003, -0.000
195046.6, 2270, 35.15909707, 136.88659574, 40.373, -3810843.126, 3567796.546, 3652334.569, -2.111,  1.980, 80.585,  0.006, -0.002, -0.002
195046.8, 2270, 35.15909706, 136.88659575, 40.372, -3810843.127, 3567796.546, 3652334.568, -2.112,  1.991, 80.586,  0.010, -0.004, -0.007
195047.0, 2270, 35.15909706, 136.88659584, 40.369, -3810843.130, 3567796.538, 3652334.566, -2.103,  2.094, 80.583,  0.080,  0.013, -0.023
195047.2, 2270, 35.15909710, 136.88659614, 40.366, -3810843.146, 3567796.514, 3652334.568, -2.122,  2.165, 80.588,  0.197,  0.032, -0.005
195047.4, 2270, 35.15909716, 136.88659672, 40.366, -3810843.179, 3567796.473, 3652334.574, -2.127,  2.179, 80.586,  0.330,  0.051, -0.002
195047.6, 2270, 35.15909726, 136.88659760, 40.365, -3810843.228, 3567796.410, 3652334.583, -2.118,  2.210, 80.594,  0.473,  0.069, -0.002
195047.8, 2270, 35.15909740, 136.88659881, 40.364, -3810843.296, 3567796.322, 3652334.595, -2.105,  2.244, 80.597,  0.633,  0.096, -0.005
195048.0, 2270, 35.15909759, 136.88660042, 40.362, -3810843.386, 3567796.206, 3652334.611, -2.078,  2.307, 80.608,  0.830,  0.125, -0.009
195048.2, 2270, 35.15909784, 136.88660246, 40.360, -3810843.501, 3567796.059, 3652334.632, -2.033,  2.339, 80.603,  1.029,  0.156, -0.006
195048.4, 2270, 35.15909814, 136.88660494, 40.360, -3810843.641, 3567795.880, 3652334.659, -2.017,  2.352, 80.547,  1.237,  0.198,  0.001
195048.6, 2270, 35.15909852, 136.88660789, 40.359, -3810843.806, 3567795.667, 3652334.693, -2.022,  2.342, 80.472,  1.446,  0.234, -0.005
195048.8, 2270, 35.15909896, 136.88661130, 40.357, -3810843.998, 3567795.420, 3652334.732, -1.993,  2.367, 80.359,  1.660,  0.263, -0.004
195049.0, 2270, 35.15909946, 136.88661518, 40.355, -3810844.215, 3567795.139, 3652334.776, -1.952,  2.394, 80.207,  1.871,  0.318, -0.018
195049.2, 2270, 35.15910009, 136.88661950, 40.355, -3810844.454, 3567794.824, 3652334.833, -1.954,  2.472, 80.013,  2.080,  0.352, -0.009
195049.4, 2270, 35.15910079, 136.88662430, 40.355, -3810844.720, 3567794.474, 3652334.897, -1.904,  2.513, 79.785,  2.294,  0.393, -0.004
195049.6, 2270, 35.15910157, 136.88662957, 40.357, -3810845.013, 3567794.090, 3652334.968, -1.827,  2.604, 79.516,  2.521,  0.443, -0.001
195049.8, 2270, 35.15910246, 136.88663533, 40.357, -3810845.330, 3567793.668, 3652335.049, -1.830,  2.643, 79.217,  2.724,  0.507, -0.014
195050.0, 2270, 35.15910344, 136.88664152, 40.356, -3810845.670, 3567793.214, 3652335.138, -1.835,  2.729, 78.902,  2.923,  0.559, -0.002
195050.2, 2270, 35.15910446, 136.88664813, 40.358, -3810846.034, 3567792.730, 3652335.231, -1.813,  2.740, 78.529,  3.089,  0.595,  0.021
195050.4, 2270, 35.15910557, 136.88665505, 40.361, -3810846.416, 3567792.223, 3652335.333, -1.762,  2.750, 78.081,  3.211,  0.658,  0.016
195050.6, 2270, 35.15910677, 136.88666220, 40.363, -3810846.806, 3567791.696, 3652335.444, -1.750,  2.764, 77.519,  3.299,  0.721,  0.009
195050.8, 2270, 35.15910808, 136.88666954, 40.365, -3810847.203, 3567791.152, 3652335.564, -1.739,  2.768, 76.853,  3.365,  0.769,  0.014
195051.0, 2270, 35.15910950, 136.88667698, 40.368, -3810847.602, 3567790.597, 3652335.694, -1.751,  2.924, 76.067,  3.421,  0.824,  0.030
195051.2, 2270, 35.15911106, 136.88668452, 40.376, -3810848.004, 3567790.032, 3652335.840, -1.681,  2.992, 75.112,  3.446,  0.884,  0.034
195051.4, 2270, 35.15911272, 136.88669208, 40.385, -3810848.402, 3567789.462, 3652335.996, -1.505,  3.117, 73.987,  3.449,  0.956,  0.026
195051.6, 2270, 35.15911453, 136.88669960, 40.394, -3810848.792, 3567788.887, 3652336.165, -1.381,  3.072, 72.768,  3.406,  1.032,  0.056
195051.8, 2270, 35.15911646, 136.88670697, 40.407, -3810849.169, 3567788.321, 3652336.348, -1.317,  2.956, 71.460,  3.308,  1.078,  0.067
195052.0, 2270, 35.15911849, 136.88671415, 40.421, -3810849.529, 3567787.761, 3652336.540, -1.208,  2.798, 70.057,  3.230,  1.168,  0.041
195052.2, 2270, 35.15912066, 136.88672113, 40.430, -3810849.868, 3567787.208, 3652336.742, -1.176,  2.599, 68.608,  3.138,  1.205,  0.035
195052.4, 2270, 35.15912289, 136.88672792, 40.439, -3810850.192, 3567786.664, 3652336.950, -1.024,  2.506, 67.047,  3.049,  1.252,  0.036
195052.6, 2270, 35.15912527, 136.88673446, 40.447, -3810850.493, 3567786.130, 3652337.170, -1.018,  2.449, 65.316,  2.948,  1.342,  0.043
195052.8, 2270, 35.15912773, 136.88674089, 40.455, -3810850.784, 3567785.599, 3652337.398, -0.669,  2.209, 63.546,  2.907,  1.371,  0.012
195053.0, 2270, 35.15913029, 136.88674719, 40.458, -3810851.058, 3567785.069, 3652337.632, -0.158,  1.990, 61.780,  2.827,  1.457, -0.010
195053.2, 2270, 35.15913310, 136.88675320, 40.457, -3810851.301, 3567784.547, 3652337.886, -0.274,  1.899, 59.957,  2.649,  1.625, -0.008
195053.4, 2270, 35.15913612, 136.88675891, 40.461, -3810851.518, 3567784.038, 3652338.162, -0.750,  1.855, 58.124,  2.585,  1.649,  0.021
195053.6, 2270, 35.15913903, 136.88676455, 40.463, -3810851.735, 3567783.537, 3652338.427, -0.340,  1.967, 56.182,  2.560,  1.577, -0.027
195053.8, 2270, 35.15914196, 136.88677013, 40.458, -3810851.943, 3567783.035, 3652338.690,  0.547,  2.037, 54.222,  2.479,  1.690, -0.052
195054.0, 2270, 35.15914526, 136.88677533, 40.452, -3810852.109, 3567782.542, 3652338.986,  0.345,  2.014, 52.169,  2.289,  1.895, -0.012
195054.2, 2270, 35.15914874, 136.88678019, 40.453, -3810852.250, 3567782.067, 3652339.303, -0.242,  1.964, 50.055,  2.198,  1.901,  0.011
195054.4, 2270, 35.15915212, 136.88678490, 40.459, -3810852.389, 3567781.609, 3652339.613, -0.141,  1.902, 47.944,  2.102,  1.845,  0.011
195054.6, 2270, 35.15915548, 136.88678929, 40.460, -3810852.506, 3567781.171, 3652339.917,  0.100,  1.939, 45.867,  1.925,  1.814, -0.049
195054.8, 2270, 35.15915878, 136.88679332, 40.454, -3810852.599, 3567780.755, 3652340.213,  0.347,  2.234, 43.786,  1.780,  1.823, -0.024
195055.0, 2270, 35.15916215, 136.88679695, 40.449, -3810852.666, 3567780.364, 3652340.516,  0.137,  2.414, 41.837,  1.572,  1.863, -0.021
195055.2, 2270, 35.15916547, 136.88680029, 40.450, -3810852.720, 3567779.998, 3652340.818,  0.013,  2.473, 39.918,  1.513,  1.787,  0.008
195055.4, 2270, 35.15916872, 136.88680340, 40.455, -3810852.765, 3567779.651, 3652341.115, -0.055,  2.359, 38.110,  1.338,  1.769, -0.003
195055.6, 2270, 35.15917189, 136.88680608, 40.452, -3810852.782, 3567779.333, 3652341.401, -0.510,  2.512, 36.310,  1.184,  1.713, -0.017
195055.8, 2270, 35.15917494, 136.88680860, 40.453, -3810852.797, 3567779.033, 3652341.678, -0.660,  2.501, 34.613,  1.134,  1.612, -0.000
195056.0, 2270, 35.15917781, 136.88681095, 40.458, -3810852.812, 3567778.754, 3652341.941, -0.524,  2.541, 32.977,  1.015,  1.555,  0.028
195056.2, 2270, 35.15918061, 136.88681299, 40.463, -3810852.811, 3567778.499, 3652342.198, -0.655,  2.507, 31.531,  0.879,  1.493, -0.006
195056.4, 2270, 35.15918324, 136.88681484, 40.466, -3810852.806, 3567778.263, 3652342.439, -0.721,  2.422, 30.068,  0.831,  1.399,  0.016
195056.6, 2270, 35.15918570, 136.88681658, 40.471, -3810852.803, 3567778.042, 3652342.665, -0.451,  2.425, 28.798,  0.761,  1.303, -0.005
195056.8, 2270, 35.15918804, 136.88681807, 40.473, -3810852.788, 3567777.843, 3652342.878, -0.465,  2.421, 27.599,  0.614,  1.252, -0.004
195057.0, 2270, 35.15919024, 136.88681927, 40.475, -3810852.761, 3567777.668, 3652343.079, -0.803,  2.334, 26.489,  0.524,  1.143,  0.001
195057.2, 2270, 35.15919217, 136.88682037, 40.475, -3810852.739, 3567777.510, 3652343.255, -0.966,  2.255, 25.496,  0.476,  1.001, -0.003
195057.4, 2270, 35.15919387, 136.88682135, 40.475, -3810852.721, 3567777.371, 3652343.408, -0.975,  2.246, 24.631,  0.401,  0.885, -0.003
195057.6, 2270, 35.15919535, 136.88682213, 40.474, -3810852.700, 3567777.253, 3652343.542, -1.069,  2.219, 23.882,  0.320,  0.762, -0.005
195057.8, 2270, 35.15919661, 136.88682278, 40.473, -3810852.681, 3567777.155, 3652343.656, -1.170,  2.215, 23.248,  0.266,  0.634, -0.001
195058.0, 2270, 35.15919762, 136.88682330, 40.473, -3810852.667, 3567777.076, 3652343.747, -1.208,  2.180, 22.757,  0.209,  0.490, -0.004
195058.2, 2270, 35.15919838, 136.88682370, 40.472, -3810852.655, 3567777.016, 3652343.816, -1.235,  2.167, 22.365,  0.150,  0.357, -0.005
195058.4, 2270, 35.15919890, 136.88682397, 40.471, -3810852.648, 3567776.975, 3652343.862, -1.259,  2.152, 22.116,  0.103,  0.216, -0.001
195058.6, 2270, 35.15919917, 136.88682414, 40.470, -3810852.645, 3567776.952, 3652343.886, -1.255,  2.156, 21.963,  0.051,  0.092, -0.008
195058.8, 2270, 35.15919926, 136.88682421, 40.468, -3810852.644, 3567776.941, 3652343.894, -1.248,  2.205, 21.900,  0.029,  0.027, -0.014
195059.0, 2270, 35.15919934, 136.88682428, 40.465, -3810852.642, 3567776.931, 3652343.899, -1.230,  2.352, 21.809,  0.039,  0.079, -0.021
195059.2, 2270, 35.15919958, 136.88682435, 40.465, -3810852.636, 3567776.916, 3652343.921, -1.236,  2.381, 21.718,  0.073,  0.154,  0.002
195059.4, 2270, 35.15919995, 136.88682449, 40.467, -3810852.628, 3567776.892, 3652343.955, -1.229,  2.380, 21.526,  0.103,  0.235, -0.005
195059.6, 2270, 35.15920048, 136.88682469, 40.469, -3810852.617, 3567776.857, 3652344.004, -1.235,  2.384, 21.285,  0.136,  0.332, -0.005
195059.8, 2270, 35.15920118, 136.88682497, 40.471, -3810852.603, 3567776.808, 3652344.069, -1.240,  2.390, 20.952,  0.177,  0.428, -0.002
195060.0, 2270, 35.15920206, 136.88682533, 40.472, -3810852.585, 3567776.746, 3652344.150, -1.235,  2.402, 20.541,  0.214,  0.528, -0.006
195060.2, 2270, 35.15920313, 136.88682585, 40.471, -3810852.567, 3567776.665, 3652344.246, -1.190,  2.428, 20.008,  0.255,  0.657, -0.004
195060.4, 2270, 35.15920442, 136.88682644, 40.470, -3810852.543, 3567776.569, 3652344.363, -1.164,  2.405, 19.380,  0.275,  0.770,  0.004
195060.6, 2270, 35.15920586, 136.88682704, 40.472, -3810852.515, 3567776.467, 3652344.494, -1.198,  2.320, 18.692,  0.275,  0.812,  0.008
195060.8, 2270, 35.15920734, 136.88682765, 40.472, -3810852.483, 3567776.362, 3652344.629, -1.223,  2.295, 17.941,  0.279,  0.832, -0.007
195061.0, 2270, 35.15920884, 136.88682825, 40.471, -3810852.450, 3567776.256, 3652344.763, -1.196,  2.258, 17.162,  0.263,  0.817, -0.002
195061.2, 2270, 35.15921027, 136.88682879, 40.471, -3810852.416, 3567776.158, 3652344.894, -1.189,  2.235, 16.329,  0.224,  0.778, -0.001
195061.4, 2270, 35.15921160, 136.88682923, 40.471, -3810852.382, 3567776.070, 3652345.014, -1.247,  2.181, 15.514,  0.182,  0.681,  0.002
195061.6, 2270, 35.15921272, 136.88682960, 40.470, -3810852.353, 3567775.996, 3652345.115, -1.264,  2.167, 14.728,  0.151,  0.567, -0.007
195061.8, 2270, 35.15921364, 136.88682988, 40.469, -3810852.327, 3567775.937, 3652345.198, -1.285,  2.167, 14.049,  0.108,  0.448, -0.004
195062.0, 2270, 35.15921432, 136.88683008, 40.468, -3810852.307, 3567775.893, 3652345.260, -1.317,  2.163, 13.476,  0.071,  0.306, -0.008
195062.2, 2270, 35.15921478, 136.88683013, 40.469, -3810852.289, 3567775.870, 3652345.301, -1.361,  2.182, 13.058,  0.041,  0.183, -0.007
195062.4, 2270, 35.15921501, 136.88683014, 40.470, -3810852.280, 3567775.860, 3652345.323, -1.374,  2.189, 12.838,  0.023,  0.060, -0.005
195062.6, 2270, 35.15921504, 136.88683011, 40.472, -3810852.277, 3567775.862, 3652345.327, -1.363,  2.202, 12.815,  0.008, -0.034, -0.007
195062.8, 2270, 35.15921502, 136.88683008, 40.474, -3810852.278, 3567775.866, 3652345.326, -1.299,  2.276, 12.799,  0.015,  0.009,  0.002
195063.0, 2270, 35.15921505, 136.88683004, 40.476, -3810852.275, 3567775.868, 3652345.330, -1.308,  2.233, 12.822,  0.012, -0.006, -0.009
195063.2, 2270, 35.15921504, 136.88683006, 40.475, -3810852.276, 3567775.867, 3652345.328, -1.324,  2.256, 12.811,  0.010,  0.004, -0.002
195063.4, 2270, 35.15921504, 136.88683009, 40.474, -3810852.278, 3567775.864, 3652345.328, -1.320,  2.246, 12.808,  0.014, -0.004, -0.005
195063.6, 2270, 35.15921503, 136.88683012, 40.473, -3810852.279, 3567775.863, 3652345.327, -1.318,  2.251, 12.813,  0.013,  0.001, -0.004
195063.8, 2270, 35.15921503, 136.88683015, 40.472, -3810852.280, 3567775.860, 3652345.326, -1.319,  2.246, 12.811,  0.013, -0.002, -0.004
195064.0, 2270, 35.15921503, 136.88683018, 40.472, -3810852.282, 3567775.858, 3652345.325, -1.314,  2.247, 12.807,  0.012, -0.002, -0.004
195064.2, 2270, 35.15921502, 136.88683020, 40.471, -3810852.283, 3567775.856, 3652345.325, -1.315,  2.246, 12.809,  0.013, -0.006, -0.003
195064.4, 2270, 35.15921504, 136.88683025, 40.469, -3810852.284, 3567775.851, 3652345.325, -1.243,  2.312, 12.704,  0.025,  0.036, -0.022
195064.6, 2270, 35.15921520, 136.88683031, 40.465, -3810852.279, 3567775.838, 3652345.337, -1.228,  2.403, 12.537,  0.044,  0.141, -0.013
195064.8, 2270, 35.15921557, 136.88683044, 40.463, -3810852.268, 3567775.812, 3652345.370, -1.209,  2.469, 12.067,  0.068,  0.288, -0.005
195065.0, 2270, 35.15921624, 136.88683061, 40.462, -3810852.247, 3567775.771, 3652345.430, -1.216,  2.487, 11.367,  0.081,  0.446, -0.006
195065.2, 2270, 35.15921718, 136.88683080, 40.461, -3810852.214, 3567775.716, 3652345.514, -1.256,  2.512, 10.319,  0.101,  0.603, -0.008
195065.4, 2270, 35.15921843, 136.88683105, 40.459, -3810852.171, 3567775.645, 3652345.627, -1.240,  2.552,  9.008,  0.123,  0.783, -0.005
195065.6, 2270, 35.15922001, 136.88683131, 40.458, -3810852.113, 3567775.557, 3652345.769, -1.203,  2.552,  7.384,  0.106,  0.971, -0.011
195065.8, 2270, 35.15922192, 136.88683152, 40.455, -3810852.034, 3567775.459, 3652345.942, -1.266,  2.551,  5.521,  0.082,  1.157, -0.015
195066.0, 2270, 35.15922422, 136.88683164, 40.450, -3810851.931, 3567775.347, 3652346.147, -1.459,  2.462,  3.353,  0.034,  1.387, -0.033
195066.2, 2270, 35.15922690, 136.88683166, 40.449, -3810851.807, 3567775.228, 3652346.389, -1.403,  2.472,  0.975,  0.040,  1.591, -0.006
195066.4, 2270, 35.15922997, 136.88683153, 40.448, -3810851.656, 3567775.103, 3652346.667, -1.449,  2.660, 358.554, -0.063,  1.819, -0.003
195066.6, 2270, 35.15923352, 136.88683121, 40.447, -3810851.469, 3567774.968, 3652346.989, -1.503,  2.727, 356.085, -0.187,  2.123, -0.038
195066.8, 2270, 35.15923763, 136.88683061, 40.444, -3810851.238, 3567774.827, 3652347.360, -1.690,  2.612, 353.698, -0.307,  2.416, -0.018
195067.0, 2270, 35.15924223, 136.88682973, 40.443, -3810850.968, 3567774.684, 3652347.776, -1.963,  2.514, 351.519, -0.421,  2.694, -0.008
195067.2, 2270, 35.15924735, 136.88682860, 40.440, -3810850.658, 3567774.534, 3652348.238, -2.068,  2.431, 349.881, -0.553,  2.972, -0.064
195067.4, 2270, 35.15925291, 136.88682723, 40.433, -3810850.309, 3567774.378, 3652348.739, -2.146,  2.568, 348.599, -0.635,  3.226,  0.013
195067.6, 2270, 35.15925896, 136.88682560, 40.440, -3810849.929, 3567774.226, 3652349.292, -2.316,  2.450, 347.691, -0.792,  3.512, -0.004
195067.8, 2270, 35.15926553, 136.88682366, 40.435, -3810849.499, 3567774.066, 3652349.885, -2.744,  2.192, 347.252, -0.861,  3.764, -0.055
195068.0, 2270, 35.15927255, 136.88682171, 40.426, -3810849.045, 3567773.884, 3652350.516, -2.741,  2.278, 347.102, -0.872,  4.034, -0.043
195068.2, 2270, 35.15928008, 136.88681973, 40.426, -3810848.570, 3567773.687, 3652351.200, -2.640,  2.024, 347.156, -0.953,  4.298,  0.019
195068.4, 2270, 35.15928799, 136.88681754, 40.417, -3810848.060, 3567773.482, 3652351.912, -2.922,  2.130, 347.250, -1.030,  4.487, -0.086
195068.6, 2270, 35.15929632, 136.88681534, 40.404, -3810847.527, 3567773.257, 3652352.661, -2.937,  2.398, 347.433, -0.976,  4.767, -0.034
195068.8, 2270, 35.15930512, 136.88681318, 40.398, -3810846.978, 3567773.013, 3652353.455, -2.640,  2.599, 347.637, -1.002,  4.989, -0.018
195069.0, 2270, 35.15931434, 136.88681083, 40.395, -3810846.399, 3567772.766, 3652354.289, -2.734,  2.619, 347.911, -1.104,  5.223, -0.007
195069.2, 2270, 35.15932392, 136.88680845, 40.395, -3810845.805, 3567772.506, 3652355.159, -2.782,  2.807, 348.085, -1.074,  5.410,  0.013
195069.4, 2270, 35.15933392, 136.88680609, 40.399, -3810845.194, 3567772.229, 3652356.067, -2.572,  2.910, 348.355, -1.089,  5.658, -0.006
195069.6, 2270, 35.15934431, 136.88680365, 40.401, -3810844.558, 3567771.938, 3652357.012, -2.528,  2.778, 348.536, -1.151,  5.876,  0.031
195069.8, 2270, 35.15935509, 136.88680100, 40.407, -3810843.895, 3567771.647, 3652357.992, -2.937,  2.373, 348.558, -1.159,  6.054,  0.027
195070.0, 2270, 35.15936610, 136.88679855, 40.410, -3810843.229, 3567771.331, 3652358.993, -2.483,  2.857, 348.576, -1.125,  6.200,  0.001
195070.2, 2270, 35.15937748, 136.88679588, 40.406, -3810842.531, 3567771.009, 3652360.023, -2.572,  3.155, 348.640, -1.255,  6.419, -0.026
195070.4, 2270, 35.15938928, 136.88679318, 40.418, -3810841.820, 3567770.681, 3652361.100, -2.345,  2.713, 348.482, -1.246,  6.633,  0.108
195070.6, 2270, 35.15940129, 136.88679031, 40.430, -3810841.088, 3567770.353, 3652362.196, -2.354,  2.545, 348.208, -1.313,  6.743,  0.032
195070.8, 2270, 35.15941357, 136.88678733, 40.428, -3810840.328, 3567770.015, 3652363.309, -2.274,  2.621, 348.052, -1.402,  6.879, -0.020
195071.0, 2270, 35.15942614, 136.88678413, 40.426, -3810839.541, 3567769.677, 3652364.448, -2.627,  2.636, 348.069, -1.464,  7.051, -0.017
195071.2, 2270, 35.15943902, 136.88678093, 40.425, -3810838.741, 3567769.327, 3652365.615, -2.870,  2.670, 348.210, -1.470,  7.255,  0.013
195071.4, 2270, 35.15945222, 136.88677779, 40.431, -3810837.934, 3567768.963, 3652366.816, -2.747,  2.586, 348.440, -1.428,  7.363,  0.017
195071.6, 2270, 35.15946562, 136.88677461, 40.431, -3810837.111, 3567768.590, 3652368.032, -2.897,  2.922, 348.600, -1.481,  7.494, -0.024
195071.8, 2270, 35.15947934, 136.88677139, 40.437, -3810836.273, 3567768.208, 3652369.279, -3.058,  2.905, 348.730, -1.476,  7.716,  0.069
195072.0, 2270, 35.15949342, 136.88676823, 40.453, -3810835.430, 3567767.812, 3652370.566, -2.756,  2.355, 348.879, -1.416,  7.876,  0.065
195072.2, 2270, 35.15950766, 136.88676507, 40.456, -3810834.571, 3567767.402, 3652371.859, -2.546,  2.460, 348.933, -1.456,  7.926, -0.032
195072.4, 2270, 35.15952210, 136.88676188, 40.451, -3810833.696, 3567766.981, 3652373.166, -2.334,  2.863, 348.882, -1.481,  8.119,  0.018
195072.6, 2270, 35.15953690, 136.88675857, 40.461, -3810832.805, 3567766.561, 3652374.513, -2.225,  2.657, 348.892, -1.547,  8.268,  0.055
195072.8, 2270, 35.15955189, 136.88675518, 40.470, -3810831.900, 3567766.137, 3652375.879, -2.169,  2.682, 348.832, -1.557,  8.378,  0.016
195073.0, 2270, 35.15956715, 136.88675169, 40.474, -3810830.974, 3567765.704, 3652377.265, -2.178,  2.583, 348.800, -1.599,  8.551,  0.039
195073.2, 2270, 35.15958265, 136.88674811, 40.476, -3810830.029, 3567765.267, 3652378.673, -2.312,  2.460, 348.808, -1.650,  8.650, -0.012
195073.4, 2270, 35.15959837, 136.88674451, 40.475, -3810829.071, 3567764.820, 3652380.097, -2.350,  2.594, 348.789, -1.670,  8.779, -0.001
195073.6, 2270, 35.15961432, 136.88674079, 40.475, -3810828.095, 3567764.371, 3652381.545, -2.589,  2.615, 348.744, -1.726,  8.944,  0.013
195073.8, 2270, 35.15963057, 136.88673702, 40.479, -3810827.105, 3567763.914, 3652383.021, -2.633,  2.269, 348.709, -1.718,  9.027,  0.007
195074.0, 2270, 35.15964691, 136.88673330, 40.476, -3810826.110, 3567763.447, 3652384.500, -2.322,  2.852, 348.550, -1.702,  9.132, -0.023
195074.2, 2270, 35.15966359, 136.88672939, 40.487, -3810825.095, 3567762.985, 3652386.020, -2.059,  2.596, 348.452, -1.787,  9.361,  0.103
195074.4, 2270, 35.15968048, 136.88672537, 40.500, -3810824.065, 3567762.521, 3652387.559, -1.883,  2.271, 348.330, -1.859,  9.368, -0.027
195074.6, 2270, 35.15969743, 136.88672124, 40.495, -3810823.014, 3567762.053, 3652389.094, -1.881,  2.772, 348.155, -1.893,  9.509,  0.005
195074.8, 2270, 35.15971473, 136.88671694, 40.504, -3810821.945, 3567761.589, 3652390.668, -1.970,  2.196, 348.042, -1.978,  9.628,  0.031
195075.0, 2270, 35.15973206, 136.88671255, 40.501, -3810820.861, 3567761.122, 3652392.239, -2.154,  2.288, 347.863, -2.016,  9.637, -0.063
195075.2, 2270, 35.15974957, 136.88670805, 40.497, -3810819.762, 3567760.655, 3652393.825, -2.204,  2.171, 347.728, -2.023,  9.788,  0.004
195075.4, 2270, 35.15976722, 136.88670346, 40.493, -3810818.651, 3567760.187, 3652395.423, -2.267,  1.971, 347.614, -2.050,  9.774, -0.071
195075.6, 2270, 35.15978486, 136.88669894, 40.484, -3810817.541, 3567759.713, 3652397.018, -2.005,  2.459, 347.526, -2.080,  9.822, -0.044
195075.8, 2270, 35.15980271, 136.88669424, 40.488, -3810816.419, 3567759.248, 3652398.639, -2.091,  1.994, 347.458, -2.129,  9.948,  0.043
195076.0, 2270, 35.15982056, 136.88668951, 40.483, -3810815.288, 3567758.781, 3652400.255, -2.172,  1.845, 347.386, -2.136,  9.829, -0.106
195076.2, 2270, 35.15983831, 136.88668487, 40.468, -3810814.163, 3567758.306, 3652401.857, -1.854,  2.772, 347.450, -2.118,  9.878, -0.041
195076.4, 2270, 35.15985626, 136.88668013, 40.479, -3810813.037, 3567757.844, 3652403.491, -1.902,  2.674, 347.548, -2.097, 10.007,  0.126
195076.6, 2270, 35.15987428, 136.88667537, 40.497, -3810811.911, 3567757.383, 3652405.136, -2.104,  2.369, 347.649, -2.124,  9.969,  0.048
195076.8, 2270, 35.15989228, 136.88667066, 40.502, -3810810.781, 3567756.914, 3652406.772, -2.227,  2.502, 347.712, -2.132, 10.026,  0.009
195077.0, 2270, 35.15991033, 136.88666599, 40.510, -3810809.653, 3567756.440, 3652408.414, -2.227,  2.540, 347.738, -2.065, 10.017,  0.016
195077.2, 2270, 35.15992842, 136.88666137, 40.516, -3810808.526, 3567755.961, 3652410.057, -2.290,  2.710, 347.715, -2.118, 10.080,  0.076
195077.4, 2270, 35.15994664, 136.88665671, 40.531, -3810807.395, 3567755.484, 3652411.719, -2.369,  2.235, 347.647, -2.115, 10.112,  0.068
195077.6, 2270, 35.15996483, 136.88665205, 40.530, -3810806.255, 3567754.999, 3652413.368, -2.360,  2.379, 347.679, -2.119, 10.114, -0.018
195077.8, 2270, 35.15998314, 136.88664733, 40.529, -3810805.107, 3567754.513, 3652415.029, -2.521,  2.091, 347.648, -2.152, 10.172,  0.004
195078.0, 2270, 35.16000142, 136.88664265, 40.523, -3810803.959, 3567754.023, 3652416.683, -2.490,  2.461, 347.588, -2.155, 10.138, -0.058
195078.2, 2270, 35.16001979, 136.88663778, 40.525, -3810802.800, 3567753.546, 3652418.350, -2.731,  2.545, 347.548, -2.227, 10.238,  0.030
195078.4, 2270, 35.16003828, 136.88663288, 40.536, -3810801.639, 3567753.070, 3652420.034, -2.796,  2.197, 347.513, -2.181, 10.245,  0.004
195078.6, 2270, 35.16005674, 136.88662802, 40.537, -3810800.477, 3567752.588, 3652421.708, -2.704,  2.545, 347.510, -2.174, 10.295,  0.005
195078.8, 2270, 35.16007540, 136.88662325, 40.550, -3810799.317, 3567752.098, 3652423.408, -2.088,  2.204, 347.590, -2.133, 10.377,  0.057
195079.0, 2270, 35.16009407, 136.88661850, 40.554, -3810798.153, 3567751.600, 3652425.104, -1.689,  2.208, 347.594, -2.149, 10.375, -0.025
195079.2, 2270, 35.16011281, 136.88661363, 40.552, -3810796.975, 3567751.105, 3652426.803, -1.704,  2.069, 347.607, -2.208, 10.423, -0.024
195079.4, 2270, 35.16013156, 136.88660871, 40.546, -3810795.790, 3567750.610, 3652428.500, -1.802,  2.239, 347.636, -2.220, 10.415, -0.046
195079.6, 2270, 35.16015036, 136.88660376, 40.543, -3810794.603, 3567750.117, 3652430.204, -2.064,  2.512, 347.604, -2.240, 10.483,  0.004
195079.8, 2270, 35.16016931, 136.88659874, 40.552, -3810793.412, 3567749.628, 3652431.927, -2.347,  2.238, 347.642, -2.252, 10.541,  0.034
195080.0, 2270, 35.16018827, 136.88659381, 40.555, -3810792.223, 3567749.130, 3652433.649, -2.342,  2.345, 347.737, -2.208, 10.542, -0.021
195080.2, 2270, 35.16020732, 136.88658899, 40.555, -3810791.034, 3567748.620, 3652435.376, -2.344,  2.478, 347.798, -2.208, 10.605,  0.016
195080.4, 2270, 35.16022645, 136.88658410, 40.560, -3810789.841, 3567748.111, 3652437.115, -2.525,  2.362, 347.855, -2.222, 10.636,  0.028
195080.6, 2270, 35.16024566, 136.88657926, 40.563, -3810788.645, 3567747.597, 3652438.859, -2.521,  2.256, 347.937, -2.213, 10.690,  0.010
195080.8, 2270, 35.16026497, 136.88657448, 40.563, -3810787.447, 3567747.072, 3652440.610, -2.350,  2.018, 347.987, -2.146, 10.724, -0.021
195081.0, 2270, 35.16028426, 136.88656968, 40.552, -3810786.242, 3567746.543, 3652442.353, -2.414,  2.238, 347.962, -2.222, 10.664, -0.089
195081.2, 2270, 35.16030353, 136.88656473, 40.548, -3810785.032, 3567746.028, 3652444.099, -2.608,  2.745, 347.856, -2.263, 10.759,  0.033
195081.4, 2270, 35.16032298, 136.88655969, 40.564, -3810783.821, 3567745.523, 3652445.873, -2.697,  2.392, 347.801, -2.209, 10.805,  0.074
195081.6, 2270, 35.16034248, 136.88655477, 40.575, -3810782.612, 3567745.005, 3652447.647, -2.283,  2.280, 347.756, -2.201, 10.867,  0.044
195081.8, 2270, 35.16036205, 136.88654980, 40.577, -3810781.391, 3567744.482, 3652449.424, -2.025,  2.017, 347.712, -2.254, 10.826, -0.065
195082.0, 2270, 35.16038155, 136.88654471, 40.565, -3810780.157, 3567743.962, 3652451.186, -2.233,  2.477, 347.635, -2.311, 10.845, -0.036
195082.2, 2270, 35.16040119, 136.88653959, 40.568, -3810778.924, 3567743.446, 3652452.969, -2.455,  2.456, 347.593, -2.312, 10.932,  0.063
195082.4, 2270, 35.16042092, 136.88653450, 40.576, -3810777.692, 3567742.928, 3652454.763, -2.470,  2.280, 347.553, -2.324, 10.941, -0.001
195082.6, 2270, 35.16044069, 136.88652943, 40.576, -3810776.454, 3567742.402, 3652456.556, -2.355,  2.261, 347.503, -2.331, 10.971, -0.025
195082.8, 2270, 35.16046047, 136.88652428, 40.572, -3810775.208, 3567741.879, 3652458.348, -2.483,  2.483, 347.466, -2.364, 10.986, -0.011
195083.0, 2270, 35.16048036, 136.88651904, 40.576, -3810773.957, 3567741.360, 3652460.154, -2.686,  2.293, 347.492, -2.396, 11.063,  0.043
195083.2, 2270, 35.16050029, 136.88651386, 40.577, -3810772.706, 3567740.836, 3652461.963, -2.691,  2.245, 347.502, -2.296, 11.040,  0.007
195083.4, 2270, 35.16052019, 136.88650870, 40.574, -3810771.454, 3567740.308, 3652463.766, -2.757,  2.532, 347.504, -2.359, 11.067,  0.012
195083.6, 2270, 35.16054021, 136.88650354, 40.582, -3810770.204, 3567739.782, 3652465.586, -2.707,  2.283, 347.584, -2.365, 11.087,  0.047
195083.8, 2270, 35.16056018, 136.88649832, 40.581, -3810768.947, 3567739.256, 3652467.397, -3.025,  2.217, 347.612, -2.309, 11.068,  0.014
195084.0, 2270, 35.16058009, 136.88649324, 40.580, -3810767.701, 3567738.724, 3652469.202, -2.901,  2.598, 347.651, -2.321, 11.093,  0.031
195084.2, 2270, 35.16060017, 136.88648822, 40.593, -3810766.460, 3567738.189, 3652471.032, -2.492,  2.055, 347.741, -2.294, 11.121,  0.031
195084.4, 2270, 35.16062012, 136.88648324, 40.590, -3810765.218, 3567737.647, 3652472.838, -2.332,  2.340, 347.734, -2.289, 11.029, -0.052
195084.6, 2270, 35.16064009, 136.88647818, 40.589, -3810763.970, 3567737.111, 3652474.650, -2.356,  2.337, 347.775, -2.324, 11.108,  0.033
195084.8, 2270, 35.16066004, 136.88647313, 40.593, -3810762.728, 3567736.578, 3652476.461, -2.349,  2.482, 347.799, -2.266, 11.025,  0.007
195085.0, 2270, 35.16067998, 136.88646807, 40.599, -3810761.487, 3567736.048, 3652478.273, -2.572,  2.571, 347.792, -2.359, 11.087,  0.041
195085.2, 2270, 35.16069997, 136.88646293, 40.609, -3810760.240, 3567735.522, 3652480.092, -2.926,  2.197, 347.796, -2.363, 11.044, -0.012
195085.4, 2270, 35.16071988, 136.88645788, 40.608, -3810758.996, 3567734.987, 3652481.897, -2.848,  2.394, 347.834, -2.241, 11.065,  0.033
195085.6, 2270, 35.16073988, 136.88645296, 40.614, -3810757.761, 3567734.445, 3652483.715, -2.459,  2.204, 347.859, -2.244, 11.125,  0.050
195085.8, 2270, 35.16075986, 136.88644805, 40.614, -3810756.523, 3567733.900, 3652485.527, -2.141,  2.155, 347.882, -2.247, 11.022, -0.044
195086.0, 2270, 35.16077974, 136.88644297, 40.605, -3810755.274, 3567733.364, 3652487.325, -2.517,  2.505, 347.860, -2.280, 11.030,  0.021
195086.2, 2270, 35.16079965, 136.88643800, 40.615, -3810754.042, 3567732.831, 3652489.137, -2.213,  2.692, 347.835, -2.191, 11.051,  0.117
195086.4, 2270, 35.16081961, 136.88643312, 40.636, -3810752.820, 3567732.296, 3652490.959, -1.682,  2.460, 347.807, -2.243, 11.046,  0.073
195086.6, 2270, 35.16083950, 136.88642819, 40.647, -3810751.592, 3567731.761, 3652492.769, -1.511,  2.373, 347.667, -2.290, 11.006,  0.015
195086.8, 2270, 35.16085931, 136.88642308, 40.650, -3810750.352, 3567731.237, 3652494.568, -1.726,  2.438, 347.590, -2.356, 10.976,  0.014
195087.0, 2270, 35.16087909, 136.88641792, 40.655, -3810749.111, 3567730.720, 3652496.365, -1.969,  2.506, 347.493, -2.355, 10.977,  0.026
195087.2, 2270, 35.16089890, 136.88641275, 40.669, -3810747.873, 3567730.207, 3652498.170, -1.853,  2.304, 347.421, -2.326, 10.999,  0.051
195087.4, 2270, 35.16091868, 136.88640757, 40.675, -3810746.632, 3567729.691, 3652499.967, -1.762,  2.243, 347.410, -2.340, 10.957, -0.002
195087.6, 2270, 35.16093842, 136.88640238, 40.678, -3810745.389, 3567729.176, 3652501.759, -1.746,  2.276, 347.411, -2.348, 10.937, -0.007
195087.8, 2270, 35.16095811, 136.88639714, 40.680, -3810744.146, 3567728.665, 3652503.546, -1.931,  2.485, 347.436, -2.364, 10.920,  0.001
195088.0, 2270, 35.16097784, 136.88639187, 40.688, -3810742.902, 3567728.159, 3652505.341, -2.207,  2.316, 347.432, -2.361, 10.962,  0.052
195088.2, 2270, 35.16099757, 136.88638670, 40.694, -3810741.665, 3567727.645, 3652507.134, -1.985,  2.285, 347.483, -2.296, 10.943,  0.005
195088.4, 2270, 35.16101733, 136.88638155, 40.696, -3810740.424, 3567727.126, 3652508.927, -1.884,  2.217, 347.487, -2.332, 10.979,  0.001
195088.6, 2270, 35.16103709, 136.88637639, 40.696, -3810739.180, 3567726.606, 3652510.719, -1.835,  2.325, 347.497, -2.341, 10.945, -0.030
195088.8, 2270, 35.16105687, 136.88637119, 40.699, -3810737.936, 3567726.090, 3652512.515, -1.867,  2.538, 347.506, -2.329, 11.022,  0.037
195089.0, 2270, 35.16107677, 136.88636601, 40.710, -3810736.692, 3567725.572, 3652514.327, -1.759,  2.362, 347.524, -2.318, 11.047,  0.040
195089.2, 2270, 35.16109670, 136.88636085, 40.712, -3810735.442, 3567725.046, 3652516.136, -1.847,  2.422, 347.569, -2.354, 11.105,  0.020
195089.4, 2270, 35.16111673, 136.88635569, 40.715, -3810734.188, 3567724.516, 3652517.954, -1.902,  2.370, 347.628, -2.375, 11.110, -0.004
195089.6, 2270, 35.16113677, 136.88635054, 40.717, -3810732.934, 3567723.984, 3652519.772, -1.942,  2.642, 347.700, -2.329, 11.128,  0.028
195089.8, 2270, 35.16115693, 136.88634551, 40.732, -3810731.689, 3567723.447, 3652521.610, -1.579,  2.679, 347.805, -2.266, 11.213,  0.106
195090.0, 2270, 35.16117720, 136.88634054, 40.751, -3810730.446, 3567722.903, 3652523.459, -1.117,  2.498, 347.880, -2.244, 11.267,  0.086
195090.2, 2270, 35.16119749, 136.88633564, 40.763, -3810729.201, 3567722.349, 3652525.306, -0.567,  2.552, 347.957, -2.220, 11.247,  0.034
195090.4, 2270, 35.16121783, 136.88633075, 40.774, -3810727.956, 3567721.793, 3652527.158, -0.060,  2.733, 348.056, -2.263, 11.316,  0.079
195090.6, 2270, 35.16123830, 136.88632573, 40.790, -3810726.697, 3567721.242, 3652529.024, -0.070,  2.287, 348.099, -2.298, 11.400,  0.061
195090.8, 2270, 35.16125882, 136.88632057, 40.787, -3810725.417, 3567720.687, 3652530.882, -0.548,  1.818, 348.085, -2.404, 11.355, -0.104
195091.0, 2270, 35.16127921, 136.88631526, 40.759, -3810724.119, 3567720.135, 3652532.716, -1.518,  2.231, 347.958, -2.384, 11.279, -0.123
195091.2, 2270, 35.16129965, 136.88630996, 40.750, -3810722.830, 3567719.589, 3652534.565, -1.820,  2.654, 347.864, -2.393, 11.423,  0.028
195091.4, 2270, 35.16132031, 136.88630467, 40.766, -3810721.547, 3567719.047, 3652536.448, -1.777,  2.098, 347.751, -2.368, 11.467,  0.054
195091.6, 2270, 35.16134087, 136.88629937, 40.764, -3810720.256, 3567718.502, 3652538.311, -1.857,  2.375, 347.666, -2.422, 11.385, -0.065
195091.8, 2270, 35.16136143, 136.88629384, 40.760, -3810718.951, 3567717.969, 3652540.174, -2.575,  2.534, 347.623, -2.490, 11.467,  0.041
195092.0, 2270, 35.16138205, 136.88628834, 40.769, -3810717.651, 3567717.440, 3652542.050, -2.923,  2.331, 347.613, -2.473, 11.403,  0.001
195092.2, 2270, 35.16140264, 136.88628292, 40.776, -3810716.358, 3567716.905, 3652543.921, -2.977,  2.469, 347.556, -2.425, 11.459,  0.058
195092.4, 2270, 35.16142330, 136.88627756, 40.786, -3810715.067, 3567716.365, 3652545.801, -2.722,  2.272, 347.544, -2.386, 11.479,  0.036
195092.6, 2270, 35.16144396, 136.88627224, 40.792, -3810713.775, 3567715.820, 3652547.678, -2.390,  2.206, 347.527, -2.419, 11.441, -0.013
195092.8, 2270, 35.16146455, 136.88626677, 40.789, -3810712.473, 3567715.283, 3652549.544, -2.701,  2.477, 347.445, -2.504, 11.426, -0.018
195093.0, 2270, 35.16148521, 136.88626117, 40.795, -3810711.164, 3567714.756, 3652551.421, -3.101,  2.298, 347.433, -2.503, 11.492,  0.039
195093.2, 2270, 35.16150589, 136.88625565, 40.799, -3810709.859, 3567714.223, 3652553.299, -3.114,  2.166, 347.499, -2.427, 11.462, -0.016
195093.4, 2270, 35.16152653, 136.88625028, 40.797, -3810708.560, 3567713.678, 3652555.170, -2.928,  2.436, 347.512, -2.451, 11.449, -0.021
195093.6, 2270, 35.16154721, 136.88624482, 40.802, -3810707.258, 3567713.141, 3652557.048, -3.122,  2.455, 347.550, -2.481, 11.490,  0.023
195093.8, 2270, 35.16156794, 136.88623930, 40.810, -3810705.952, 3567712.607, 3652558.933, -3.411,  2.173, 347.700, -2.432, 11.522,  0.033
195094.0, 2270, 35.16158863, 136.88623403, 40.812, -3810704.661, 3567712.056, 3652560.811, -3.019,  2.470, 347.780, -2.308, 11.456, -0.004
195094.2, 2270, 35.16160933, 136.88622879, 40.819, -3810703.374, 3567711.504, 3652562.692, -2.885,  2.744, 347.845, -2.392, 11.540,  0.067
195094.4, 2270, 35.16163019, 136.88622347, 40.837, -3810702.080, 3567710.958, 3652564.595, -2.993,  2.033, 347.936, -2.430, 11.571,  0.048
195094.6, 2270, 35.16165093, 136.88621818, 40.832, -3810700.780, 3567710.400, 3652566.473, -3.075,  2.184, 348.040, -2.346, 11.478, -0.083
195094.8, 2270, 35.16167160, 136.88621296, 40.825, -3810699.487, 3567709.840, 3652568.344, -3.130,  2.822, 348.127, -2.349, 11.500,  0.026
195095.0, 2270, 35.16169239, 136.88620773, 40.844, -3810698.203, 3567709.292, 3652570.240, -3.311,  2.780, 348.103, -2.365, 11.547,  0.135
195095.2, 2270, 35.16171324, 136.88620248, 40.869, -3810696.918, 3567708.745, 3652572.146, -3.350,  2.438, 348.007, -2.362, 11.558,  0.082
195095.4, 2270, 35.16173406, 136.88619722, 40.880, -3810695.626, 3567708.191, 3652574.041, -3.245,  2.348, 347.944, -2.375, 11.516, -0.016
195095.6, 2270, 35.16175487, 136.88619190, 40.881, -3810694.325, 3567707.637, 3652575.928, -3.363,  2.333, 347.810, -2.371, 11.525, -0.002
195095.8, 2270, 35.16177568, 136.88618660, 40.886, -3810693.028, 3567707.084, 3652577.819, -3.188,  2.395, 347.781, -2.391, 11.536,  0.025
195096.0, 2270, 35.16179650, 136.88618125, 40.895, -3810691.729, 3567706.535, 3652579.713, -3.147,  2.363, 347.744, -2.392, 11.553,  0.023
195096.2, 2270, 35.16181731, 136.88617593, 40.902, -3810690.431, 3567705.984, 3652581.604, -2.993,  2.208, 347.745, -2.391, 11.531,  0.003
195096.4, 2270, 35.16183810, 136.88617060, 40.901, -3810689.130, 3567705.431, 3652583.489, -2.885,  2.279, 347.737, -2.426, 11.546, -0.006
195096.6, 2270, 35.16185886, 136.88616519, 40.900, -3810687.823, 3567704.883, 3652585.372, -3.118,  2.361, 347.673, -2.449, 11.508, -0.024
195096.8, 2270, 35.16187962, 136.88615973, 40.903, -3810686.517, 3567704.342, 3652587.256, -3.367,  2.548, 347.640, -2.488, 11.551,  0.032
195097.0, 2270, 35.16190047, 136.88615422, 40.913, -3810685.207, 3567703.803, 3652589.153, -3.644,  2.201, 347.676, -2.462, 11.570,  0.011
195097.2, 2270, 35.16192124, 136.88614877, 40.911, -3810683.898, 3567703.258, 3652591.036, -3.927,  2.337, 347.706, -2.453, 11.529, -0.031
195097.4, 2270, 35.16194205, 136.88614336, 40.914, -3810682.593, 3567702.710, 3652592.925, -3.956,  2.373, 347.741, -2.437, 11.550,  0.013
195097.6, 2270, 35.16196287, 136.88613801, 40.921, -3810681.292, 3567702.161, 3652594.818, -3.869,  2.351, 347.754, -2.386, 11.580,  0.027
195097.8, 2270, 35.16198373, 136.88613257, 40.924, -3810679.982, 3567701.613, 3652596.711, -4.169,  2.104, 347.679, -2.454, 11.586,  0.007
195098.0, 2270, 35.16200450, 136.88612727, 40.923, -3810678.683, 3567701.058, 3652598.595, -3.761,  2.583, 347.622, -2.349, 11.503, -0.007
195098.2, 2270, 35.16202536, 136.88612198, 40.934, -3810677.387, 3567700.505, 3652600.493, -3.522,  2.589, 347.548, -2.474, 11.645,  0.104
195098.4, 2270, 35.16204630, 136.88611667, 40.951, -3810676.090, 3567699.954, 3652602.402, -3.104,  2.145, 347.503, -2.366, 11.528,  0.006
195098.6, 2270, 35.16206710, 136.88611138, 40.950, -3810674.790, 3567699.397, 3652604.288, -2.745,  2.517, 347.466, -2.411, 11.586,  0.039
195098.8, 2270, 35.16208801, 136.88610609, 40.961, -3810673.492, 3567698.842, 3652606.191, -2.220,  2.334, 347.425, -2.428, 11.583,  0.030
195099.0, 2270, 35.16210889, 136.88610070, 40.966, -3810672.185, 3567698.292, 3652608.088, -2.077,  2.249, 347.367, -2.468, 11.622,  0.033
195099.2, 2270, 35.16212974, 136.88609530, 40.968, -3810670.878, 3567697.741, 3652609.979, -1.907,  2.441, 347.365, -2.481, 11.519, -0.018
195099.4, 2270, 35.16215057, 136.88608995, 40.975, -3810669.577, 3567697.191, 3652611.873, -1.520,  2.766, 347.378, -2.460, 11.597,  0.093
195099.6, 2270, 35.16217150, 136.88608456, 40.995, -3810668.277, 3567696.647, 3652613.783, -1.222,  2.476, 347.416, -2.467, 11.622,  0.085
195099.8, 2270, 35.16219235, 136.88607908, 41.004, -3810666.970, 3567696.106, 3652615.679, -1.480,  2.567, 347.415, -2.498, 11.517,  0.001
195100.0, 2270, 35.16221322, 136.88607359, 41.013, -3810665.660, 3567695.565, 3652617.577, -1.696,  2.518, 347.467, -2.539, 11.615,  0.072
195100.2, 2270, 35.16223417, 136.88606818, 41.022, -3810664.350, 3567695.015, 3652619.483, -1.625,  2.074, 347.496, -2.488, 11.593, -0.025
195100.4, 2270, 35.16225507, 136.88606280, 41.015, -3810663.037, 3567694.456, 3652621.374, -1.560,  2.099, 347.507, -2.422, 11.609, -0.021
195100.6, 2270, 35.16227601, 136.88605738, 41.005, -3810661.716, 3567693.897, 3652623.268, -1.688,  1.931, 347.529, -2.500, 11.539, -0.072
195100.8, 2270, 35.16229671, 136.88605199, 40.990, -3810660.406, 3567693.343, 3652625.136, -1.951,  3.267, 347.476, -2.493, 11.537, -0.020
195101.0, 2270, 35.16231770, 136.88604650, 41.018, -3810659.102, 3567692.807, 3652627.057, -2.162,  2.812, 347.525, -2.529, 11.764,  0.236
195101.2, 2270, 35.16233887, 136.88604096, 41.044, -3810657.785, 3567692.266, 3652628.991, -2.205,  1.426, 347.612, -2.420, 11.640, -0.042
195101.4, 2270, 35.16235960, 136.88603557, 41.012, -3810656.465, 3567691.701, 3652630.853, -2.328,  2.902, 347.544, -2.460, 11.514, -0.169
195101.6, 2270, 35.16238059, 136.88603003, 41.021, -3810655.145, 3567691.158, 3652632.762, -2.681,  2.797, 347.561, -2.532, 11.728,  0.156
195101.8, 2270, 35.16240171, 136.88602444, 41.045, -3810653.826, 3567690.621, 3652634.692, -2.954,  1.973, 347.629, -2.493, 11.688,  0.024
195102.0, 2270, 35.16242271, 136.88601902, 41.040, -3810652.507, 3567690.061, 3652636.594, -2.849,  2.249, 347.652, -2.441, 11.641, -0.077
195102.2, 2270, 35.16244380, 136.88601367, 41.033, -3810651.185, 3567689.493, 3652638.502, -2.830,  2.300, 347.701, -2.441, 11.709,  0.000
195102.4, 2270, 35.16246495, 136.88600829, 41.032, -3810649.863, 3567688.926, 3652640.420, -2.930,  2.136, 347.699, -2.433, 11.759,  0.015
195102.6, 2270, 35.16248612, 136.88600293, 41.029, -3810648.541, 3567688.356, 3652642.338, -2.863,  2.308, 347.735, -2.435, 11.771, -0.025
195102.8, 2270, 35.16250736, 136.88599752, 41.026, -3810647.211, 3567687.787, 3652644.263, -3.059,  2.383, 347.722, -2.471, 11.806, -0.004
195103.0, 2270, 35.16252867, 136.88599209, 41.028, -3810645.880, 3567687.219, 3652646.198, -3.136,  2.425, 347.719, -2.460, 11.847,  0.032
195103.2, 2270, 35.16255007, 136.88598660, 41.037, -3810644.546, 3567686.654, 3652648.143, -3.120,  2.517, 347.746, -2.466, 11.876,  0.040
195103.4, 2270, 35.16257153, 136.88598113, 41.048, -3810643.211, 3567686.087, 3652650.096, -3.069,  2.637, 347.751, -2.447, 11.919,  0.068
195103.6, 2270, 35.16259314, 136.88597561, 41.064, -3810641.869, 3567685.520, 3652652.065, -3.101,  2.238, 347.795, -2.522, 12.037,  0.068
195103.8, 2270, 35.16261479, 136.88597011, 41.064, -3810640.516, 3567684.941, 3652654.029, -3.056,  2.014, 347.822, -2.466, 11.946, -0.100
195104.0, 2270, 35.16263638, 136.88596464, 41.053, -3810639.162, 3567684.355, 3652655.981, -3.047,  2.662, 347.828, -2.491, 12.028,  0.008
195104.2, 2270, 35.16265818, 136.88595914, 41.068, -3810637.812, 3567683.777, 3652657.967, -2.929,  2.491, 347.822, -2.501, 12.099,  0.081
195104.4, 2270, 35.16268004, 136.88595361, 41.083, -3810636.457, 3567683.199, 3652659.958, -2.828,  2.375, 347.867, -2.475, 12.120,  0.044
195104.6, 2270, 35.16270194, 136.88594805, 41.088, -3810635.093, 3567682.615, 3652661.948, -2.891,  2.351, 347.863, -2.492, 12.151,  0.010
195104.8, 2270, 35.16272390, 136.88594249, 41.091, -3810633.724, 3567682.027, 3652663.940, -2.888,  2.412, 347.867, -2.503, 12.158,  0.012
195105.0, 2270, 35.16274590, 136.88593688, 41.097, -3810632.352, 3567681.444, 3652665.939, -3.082,  2.511, 347.853, -2.563, 12.241,  0.047
195105.2, 2270, 35.16276798, 136.88593116, 41.107, -3810630.972, 3567680.865, 3652667.948, -3.311,  2.180, 347.862, -2.557, 12.262, -0.004
195105.4, 2270, 35.16279008, 136.88592553, 41.107, -3810629.591, 3567680.275, 3652669.952, -3.166,  2.304, 347.853, -2.517, 12.291, -0.017
195105.6, 2270, 35.16281227, 136.88591986, 41.108, -3810628.203, 3567679.683, 3652671.965, -3.215,  2.240, 347.780, -2.564, 12.330, -0.006
195105.8, 2270, 35.16283449, 136.88591415, 41.110, -3810626.813, 3567679.094, 3652673.982, -3.119,  2.434, 347.742, -2.523, 12.334,  0.018
195106.0, 2270, 35.16285678, 136.88590838, 41.118, -3810625.419, 3567678.509, 3652676.008, -3.124,  2.711, 347.725, -2.621, 12.466,  0.075
195106.2, 2270, 35.16287929, 136.88590257, 41.135, -3810624.017, 3567677.921, 3652678.060, -3.138,  2.189, 347.723, -2.601, 12.505,  0.024
195106.4, 2270, 35.16290182, 136.88589676, 41.133, -3810622.603, 3567677.323, 3652680.101, -3.174,  2.242, 347.704, -2.619, 12.517, -0.041
195106.6, 2270, 35.16292442, 136.88589089, 41.129, -3810621.181, 3567676.724, 3652682.149, -3.339,  2.411, 347.694, -2.685, 12.599, -0.008
195106.8, 2270, 35.16294716, 136.88588498, 41.134, -3810619.755, 3567676.127, 3652684.214, -3.463,  2.302, 347.686, -2.646, 12.615,  0.003
195107.0, 2270, 35.16296991, 136.88587914, 41.139, -3810618.334, 3567675.524, 3652686.281, -3.252,  2.764, 347.660, -2.594, 12.670,  0.068
195107.2, 2270, 35.16299286, 136.88587326, 41.160, -3810616.909, 3567674.925, 3652688.374, -3.101,  2.564, 347.680, -2.654, 12.811,  0.133
195107.4, 2270, 35.16301590, 136.88586727, 41.172, -3810615.469, 3567674.324, 3652690.472, -3.300,  2.288, 347.689, -2.718, 12.797, -0.011
195107.6, 2270, 35.16303899, 136.88586124, 41.172, -3810614.017, 3567673.717, 3652692.565, -3.522,  2.304, 347.671, -2.719, 12.825, -0.031
195107.8, 2270, 35.16306216, 136.88585525, 41.173, -3810612.563, 3567673.105, 3652694.668, -3.472,  2.479, 347.622, -2.689, 12.894,  0.034
195108.0, 2270, 35.16308546, 136.88584924, 41.184, -3810611.109, 3567672.493, 3652696.788, -3.324,  2.469, 347.586, -2.754, 12.947,  0.036
195108.2, 2270, 35.16310884, 136.88584308, 41.192, -3810609.640, 3567671.886, 3652698.913, -3.613,  2.468, 347.523, -2.803, 13.000,  0.035
195108.4, 2270, 35.16313234, 136.88583685, 41.199, -3810608.160, 3567671.278, 3652701.048, -3.900,  2.335, 347.575, -2.803, 13.074, -0.003
195108.6, 2270, 35.16315597, 136.88583069, 41.202, -3810606.677, 3567670.658, 3652703.193, -3.868,  2.196, 347.643, -2.803, 13.119, -0.039
195108.8, 2270, 35.16317961, 136.88582453, 41.200, -3810605.188, 3567670.034, 3652705.336, -3.987,  2.531, 347.678, -2.762, 13.151,  0.013
195109.0, 2270, 35.16320344, 136.88581839, 41.213, -3810603.702, 3567669.409, 3652707.504, -3.880,  2.440, 347.793, -2.768, 13.270,  0.080
195109.2, 2270, 35.16322740, 136.88581230, 41.224, -3810602.213, 3567668.773, 3652709.684, -3.727,  2.212, 347.863, -2.752, 13.316,  0.010
195109.4, 2270, 35.16325141, 136.88580620, 41.223, -3810600.712, 3567668.130, 3652711.861, -3.750,  2.198, 347.913, -2.759, 13.327, -0.037
195109.6, 2270, 35.16327545, 136.88580013, 41.221, -3810599.212, 3567667.483, 3652714.041, -3.659,  2.667, 347.957, -2.744, 13.376,  0.028
195109.8, 2270, 35.16329971, 136.88579408, 41.241, -3810597.715, 3567666.838, 3652716.252, -3.435,  2.248, 348.030, -2.726, 13.491,  0.107
195110.0, 2270, 35.16332394, 136.88578810, 41.249, -3810596.217, 3567666.181, 3652718.455, -3.100,  2.177, 348.072, -2.705, 13.441, -0.012
195110.2, 2270, 35.16334815, 136.88578210, 41.247, -3810594.714, 3567665.522, 3652720.649, -2.957,  2.326, 348.102, -2.688, 13.437,  0.003
195110.4, 2270, 35.16337237, 136.88577607, 41.253, -3810593.212, 3567664.869, 3652722.849, -2.981,  2.419, 348.105, -2.713, 13.437,  0.048
195110.6, 2270, 35.16339657, 136.88577001, 41.265, -3810591.713, 3567664.222, 3652725.051, -3.098,  2.482, 348.063, -2.738, 13.431,  0.066
195110.8, 2270, 35.16342077, 136.88576386, 41.276, -3810590.208, 3567663.580, 3652727.253, -3.515,  2.285, 347.965, -2.823, 13.414,  0.020
195111.0, 2270, 35.16344491, 136.88575763, 41.278, -3810588.695, 3567662.942, 3652729.443, -3.991,  2.237, 347.857, -2.827, 13.408, -0.009
195111.2, 2270, 35.16346904, 136.88575142, 41.281, -3810587.185, 3567662.302, 3652731.633, -4.127,  2.106, 347.822, -2.756, 13.373,  0.011
195111.4, 2270, 35.16349310, 136.88574543, 41.286, -3810585.693, 3567661.653, 3652733.819, -3.499,  2.402, 347.825, -2.711, 13.368,  0.030
195111.6, 2270, 35.16351723, 136.88573932, 41.295, -3810584.192, 3567661.010, 3652736.012, -3.415,  2.010, 347.842, -2.753, 13.338, -0.011
195111.8, 2270, 35.16354118, 136.88573325, 41.292, -3810582.696, 3567660.366, 3652738.183, -3.343,  2.515, 347.891, -2.761, 13.283,  0.010
195112.0, 2270, 35.16356516, 136.88572721, 41.308, -3810581.210, 3567659.730, 3652740.367, -3.211,  2.598, 347.961, -2.706, 13.316,  0.125
195112.2, 2270, 35.16358917, 136.88572125, 41.332, -3810579.734, 3567659.092, 3652742.558, -2.864,  2.368, 348.062, -2.694, 13.348,  0.095
195112.4, 2270, 35.16361324, 136.88571529, 41.342, -3810578.246, 3567658.442, 3652744.746, -2.734,  1.728, 348.142, -2.687, 13.311, -0.075
195112.6, 2270, 35.16363714, 136.88570938, 41.322, -3810576.751, 3567657.780, 3652746.903, -2.666,  2.181, 348.185, -2.681, 13.266, -0.107
195112.8, 2270, 35.16366111, 136.88570340, 41.316, -3810575.258, 3567657.129, 3652749.074, -2.920,  2.260, 348.230, -2.696, 13.329,  0.016
195113.0, 2270, 35.16368511, 136.88569749, 41.323, -3810573.774, 3567656.477, 3652751.255, -2.875,  2.249, 348.306, -2.611, 13.305,  0.024
195113.2, 2270, 35.16370912, 136.88569176, 41.331, -3810572.302, 3567655.814, 3652753.436, -2.575,  2.378, 348.424, -2.651, 13.375,  0.043
195113.4, 2270, 35.16373326, 136.88568598, 41.333, -3810570.818, 3567655.145, 3652755.628, -2.638,  1.760, 348.580, -2.598, 13.373, -0.059
195113.6, 2270, 35.16375726, 136.88568038, 41.316, -3810569.339, 3567654.460, 3652757.794, -2.387,  2.267, 348.749, -2.499, 13.261, -0.089
195113.8, 2270, 35.16378128, 136.88567488, 41.318, -3810567.878, 3567653.778, 3652759.974, -2.207,  2.696, 348.918, -2.543, 13.377,  0.095
195114.0, 2270, 35.16380545, 136.88566934, 41.337, -3810566.417, 3567653.102, 3652762.177, -2.362,  2.190, 349.102, -2.510, 13.397,  0.068
195114.2, 2270, 35.16382959, 136.88566384, 41.341, -3810564.951, 3567652.416, 3652764.369, -2.382,  1.995, 349.320, -2.441, 13.419, -0.024
195114.4, 2270, 35.16385373, 136.88565848, 41.331, -3810563.485, 3567651.712, 3652766.553, -2.380,  2.094, 349.485, -2.364, 13.369, -0.074
195114.6, 2270, 35.16387782, 136.88565323, 41.328, -3810562.032, 3567651.008, 3652768.736, -2.337,  2.785, 349.603, -2.348, 13.454,  0.072
195114.8, 2270, 35.16390217, 136.88564799, 41.351, -3810560.585, 3567650.306, 3652770.958, -2.248,  2.107, 349.804, -2.330, 13.483,  0.037
195115.0, 2270, 35.16392647, 136.88564287, 41.352, -3810559.133, 3567649.586, 3652773.162, -2.154,  2.040, 349.936, -2.285, 13.486, -0.048
195115.2, 2270, 35.16395077, 136.88563780, 41.343, -3810557.678, 3567648.856, 3652775.361, -2.158,  2.274, 350.058, -2.278, 13.516, -0.036
195115.4, 2270, 35.16397522, 136.88563268, 41.340, -3810556.217, 3567648.128, 3652777.577, -2.489,  1.811, 350.156, -2.300, 13.581, -0.032
195115.6, 2270, 35.16399953, 136.88562768, 41.326, -3810554.764, 3567647.391, 3652779.773, -2.520,  2.546, 350.229, -2.211, 13.435, -0.083
195115.8, 2270, 35.16402391, 136.88562274, 41.339, -3810553.326, 3567646.662, 3652781.992, -2.537,  2.953, 350.286, -2.275, 13.627,  0.184
195116.0, 2270, 35.16404849, 136.88561769, 41.368, -3810551.883, 3567645.941, 3652784.238, -2.917,  2.219, 350.422, -2.279, 13.638,  0.063
195116.2, 2270, 35.16407305, 136.88561279, 41.372, -3810550.435, 3567645.196, 3652786.468, -2.880,  1.892, 350.671, -2.145, 13.595, -0.061
195116.4, 2270, 35.16409747, 136.88560816, 41.361, -3810549.001, 3567644.432, 3652788.676, -2.565,  2.816, 350.843, -2.085, 13.552, -0.022
195116.6, 2270, 35.16412208, 136.88560343, 41.382, -3810547.570, 3567643.683, 3652790.921, -2.966,  2.616, 351.116, -2.130, 13.733,  0.191
195116.8, 2270, 35.16414674, 136.88559877, 41.402, -3810546.142, 3567642.927, 3652793.169, -3.443,  2.130, 351.471, -2.034, 13.611,  0.009
195117.0, 2270, 35.16417117, 136.88559439, 41.405, -3810544.732, 3567642.153, 3652795.386, -3.644,  2.673, 351.730, -1.886, 13.567,  0.052
195117.2, 2270, 35.16419568, 136.88559035, 41.431, -3810543.353, 3567641.367, 3652797.624, -3.128,  2.457, 352.121, -1.735, 13.561,  0.153
195117.4, 2270, 35.16421997, 136.88558664, 41.457, -3810542.004, 3567640.567, 3652799.843, -2.474,  2.856, 352.431, -1.660, 13.407,  0.113
195117.6, 2270, 35.16424417, 136.88558296, 41.494, -3810540.668, 3567639.775, 3652802.059, -2.425,  2.839, 352.786, -1.646, 13.449,  0.224
195117.8, 2270, 35.16426828, 136.88557935, 41.528, -3810539.339, 3567638.982, 3652804.265, -2.806,  1.984, 353.147, -1.577, 13.264,  0.060
195118.0, 2270, 35.16429199, 136.88557601, 41.533, -3810538.029, 3567638.171, 3652806.418, -2.931,  1.656, 353.472, -1.405, 13.032, -0.017
195118.2, 2270, 35.16431519, 136.88557301, 41.527, -3810536.756, 3567637.354, 3652808.519, -2.512,  1.854, 353.772, -1.271, 12.751, -0.062
195118.4, 2270, 35.16433801, 136.88557014, 41.525, -3810535.512, 3567636.547, 3652810.587, -2.514,  1.920, 354.034, -1.254, 12.603,  0.020
195118.6, 2270, 35.16436044, 136.88556739, 41.527, -3810534.296, 3567635.752, 3652812.624, -2.629,  1.787, 354.333, -1.173, 12.312, -0.027
195118.8, 2270, 35.16438241, 136.88556487, 41.527, -3810533.114, 3567634.960, 3652814.615, -2.589,  1.994, 354.602, -1.062, 12.092, -0.000
195119.0, 2270, 35.16440400, 136.88556256, 41.533, -3810531.967, 3567634.174, 3652816.577, -2.400,  1.920, 354.867, -0.971, 11.883,  0.031
195119.2, 2270, 35.16442512, 136.88556042, 41.538, -3810530.851, 3567633.397, 3652818.495, -2.296,  1.982, 355.029, -0.899, 11.569,  0.015
195119.4, 2270, 35.16444571, 136.88555838, 41.544, -3810529.767, 3567632.637, 3652820.366, -2.252,  2.220, 355.025, -0.909, 11.313,  0.048
195119.6, 2270, 35.16446589, 136.88555637, 41.558, -3810528.710, 3567631.897, 3652822.204, -2.157,  1.880, 354.978, -0.881, 11.049,  0.061
195119.8, 2270, 35.16448546, 136.88555440, 41.564, -3810527.677, 3567631.177, 3652823.983, -2.063,  1.933, 354.854, -0.868, 10.681,  0.002
195120.0, 2270, 35.16450445, 136.88555242, 41.567, -3810526.670, 3567630.481, 3652825.707, -2.032,  2.105, 354.710, -0.879, 10.399,  0.039
195120.2, 2270, 35.16452287, 136.88555048, 41.575, -3810525.695, 3567629.810, 3652827.382, -2.066,  2.142, 354.557, -0.888, 10.050,  0.050
195120.4, 2270, 35.16454071, 136.88554855, 41.586, -3810524.749, 3567629.166, 3652829.007, -2.072,  2.044, 354.397, -0.880,  9.720,  0.065
195120.6, 2270, 35.16455792, 136.88554663, 41.594, -3810523.832, 3567628.546, 3652830.573, -2.046,  1.989, 354.221, -0.878,  9.360,  0.030
195120.8, 2270, 35.16457446, 136.88554470, 41.598, -3810522.943, 3567627.955, 3652832.075, -2.119,  2.154, 354.038, -0.877,  8.987,  0.030
195121.0, 2270, 35.16459038, 136.88554279, 41.606, -3810522.086, 3567627.391, 3652833.524, -2.154,  2.121, 353.877, -0.881,  8.662,  0.055
195121.2, 2270, 35.16460567, 136.88554089, 41.616, -3810521.260, 3567626.855, 3652834.916, -2.223,  1.976, 353.726, -0.856,  8.284,  0.043
195121.4, 2270, 35.16462029, 136.88553903, 41.620, -3810520.465, 3567626.342, 3652836.245, -2.263,  1.877, 353.576, -0.832,  7.937,  0.026
195121.6, 2270, 35.16463427, 136.88553721, 41.621, -3810519.700, 3567625.853, 3652837.513, -2.324,  1.772, 353.413, -0.835,  7.563,  0.003
195121.8, 2270, 35.16464757, 136.88553540, 41.618, -3810518.966, 3567625.392, 3652838.717, -2.476,  1.861, 353.241, -0.808,  7.196, -0.002
195122.0, 2270, 35.16466021, 136.88553368, 41.617, -3810518.268, 3567624.953, 3652839.863, -2.454,  2.022, 353.087, -0.778,  6.815, -0.000
195122.2, 2270, 35.16467219, 136.88553199, 41.617, -3810517.604, 3567624.543, 3652840.950, -2.573,  2.249, 353.018, -0.767,  6.463,  0.016
195122.4, 2270, 35.16468355, 136.88553039, 41.623, -3810516.978, 3567624.156, 3652841.983, -2.653,  2.258, 353.037, -0.698,  6.133,  0.053
195122.6, 2270, 35.16469427, 136.88552895, 41.633, -3810516.394, 3567623.790, 3652842.961, -2.531,  2.188, 353.070, -0.634,  5.762,  0.064
195122.8, 2270, 35.16470433, 136.88552762, 41.641, -3810515.847, 3567623.443, 3652843.878, -2.385,  2.063, 353.124, -0.590,  5.385,  0.034
195123.0, 2270, 35.16471369, 136.88552636, 41.644, -3810515.334, 3567623.120, 3652844.729, -2.380,  2.000, 353.175, -0.549,  5.009,  0.033
195123.2, 2270, 35.16472237, 136.88552516, 41.649, -3810514.857, 3567622.824, 3652845.519, -2.360,  1.939, 353.235, -0.501,  4.629,  0.022
195123.4, 2270, 35.16473038, 136.88552404, 41.651, -3810514.415, 3567622.549, 3652846.247, -2.392,  1.868, 353.282, -0.462,  4.251,  0.008
195123.6, 2270, 35.16473771, 136.88552305, 41.653, -3810514.013, 3567622.296, 3652846.913, -2.307,  1.845, 353.323, -0.405,  3.880,  0.008
195123.8, 2270, 35.16474436, 136.88552215, 41.655, -3810513.648, 3567622.066, 3652847.518, -2.225,  1.836, 353.352, -0.360,  3.506,  0.015
195124.0, 2270, 35.16475035, 136.88552134, 41.656, -3810513.319, 3567621.859, 3652848.060, -2.198,  1.844, 353.348, -0.339,  3.134, -0.006
195124.2, 2270, 35.16475567, 136.88552066, 41.653, -3810513.026, 3567621.671, 3652848.542, -2.201,  1.825, 353.355, -0.288,  2.766,  0.004
195124.4, 2270, 35.16476032, 136.88552009, 41.652, -3810512.773, 3567621.505, 3652848.963, -2.148,  1.871, 353.348, -0.241,  2.393,  0.002
195124.6, 2270, 35.16476431, 136.88551963, 41.651, -3810512.558, 3567621.361, 3652849.324, -2.027,  1.861, 353.356, -0.195,  2.022,  0.000
195124.8, 2270, 35.16476764, 136.88551926, 41.649, -3810512.378, 3567621.239, 3652849.625, -1.905,  1.896, 353.364, -0.159,  1.684, -0.005
195125.0, 2270, 35.16477039, 136.88551894, 41.647, -3810512.229, 3567621.139, 3652849.873, -1.840,  1.906, 353.377, -0.134,  1.365, -0.002
195125.2, 2270, 35.16477257, 136.88551863, 41.646, -3810512.108, 3567621.064, 3652850.070, -1.830,  1.910, 353.377, -0.105,  1.055, -0.008
195125.4, 2270, 35.16477422, 136.88551838, 41.645, -3810512.014, 3567621.008, 3652850.219, -1.845,  1.942, 353.382, -0.074,  0.784, -0.012
195125.6, 2270, 35.16477540, 136.88551819, 41.644, -3810511.946, 3567620.968, 3652850.326, -1.847,  1.968, 353.374, -0.045,  0.536, -0.006
195125.8, 2270, 35.16477615, 136.88551806, 41.644, -3810511.904, 3567620.944, 3652850.394, -1.839,  1.982, 353.388, -0.019,  0.301, -0.005
195126.0, 2270, 35.16477652, 136.88551798, 41.644, -3810511.882, 3567620.933, 3652850.427, -1.840,  2.022, 353.380, -0.003,  0.124, -0.011
195126.2, 2270, 35.16477668, 136.88551792, 41.641, -3810511.868, 3567620.928, 3652850.441, -1.852,  2.169, 353.382,  0.001,  0.087, -0.028
195126.4, 2270, 35.16477689, 136.88551785, 41.638, -3810511.853, 3567620.922, 3652850.458, -1.879,  2.302, 353.374, -0.007,  0.149, -0.012
195126.6, 2270, 35.16477721, 136.88551778, 41.639, -3810511.833, 3567620.914, 3652850.487, -1.881,  2.283, 353.376, -0.010,  0.200,  0.001
195126.8, 2270, 35.16477761, 136.88551769, 41.640, -3810511.810, 3567620.902, 3652850.524, -1.865,  2.268, 353.375, -0.013,  0.248, -0.004
195127.0, 2270, 35.16477809, 136.88551760, 41.641, -3810511.782, 3567620.889, 3652850.568, -1.862,  2.265, 353.377, -0.020,  0.285, -0.003
195127.2, 2270, 35.16477863, 136.88551749, 41.641, -3810511.751, 3567620.873, 3652850.617, -1.870,  2.242, 353.378, -0.024,  0.313, -0.003
195127.4, 2270, 35.16477919, 136.88551737, 41.642, -3810511.718, 3567620.857, 3652850.668, -1.876,  2.213, 353.377, -0.023,  0.309, -0.003
195127.6, 2270, 35.16477972, 136.88551727, 41.643, -3810511.687, 3567620.841, 3652850.717, -1.873,  2.196, 353.376, -0.018,  0.283, -0.002
195127.8, 2270, 35.16478017, 136.88551717, 41.645, -3810511.661, 3567620.828, 3652850.759, -1.865,  2.159, 353.379, -0.013,  0.216, -0.000
195128.0, 2270, 35.16478046, 136.88551710, 41.646, -3810511.644, 3567620.821, 3652850.786, -1.859,  2.124, 353.378,  0.002,  0.111, -0.002
195128.2, 2270, 35.16478054, 136.88551710, 41.646, -3810511.640, 3567620.817, 3652850.794, -1.856,  2.123, 353.381,  0.012,  0.011, -0.005
195128.4, 2270, 35.16478053, 136.88551710, 41.646, -3810511.641, 3567620.818, 3652850.793, -1.855,  2.165, 353.378,  0.014, -0.012, -0.006
195128.6, 2270, 35.16478054, 136.88551710, 41.646, -3810511.641, 3567620.818, 3652850.793, -1.863,  2.158, 353.380,  0.010,  0.009, -0.002
195128.8, 2270, 35.16478053, 136.88551710, 41.646, -3810511.641, 3567620.818, 3652850.793, -1.864,  2.163, 353.380,  0.012, -0.003, -0.006
195129.0, 2270, 35.16478054, 136.88551710, 41.646, -3810511.640, 3567620.818, 3652850.793, -1.865,  2.153, 353.380,  0.009,  0.002, -0.006
195129.2, 2270, 35.16478054, 136.88551710, 41.646, -3810511.640, 3567620.818, 3652850.793, -1.871,  2.158, 353.378,  0.010, -0.000, -0.005
195129.4, 2270, 35.16478054, 136.88551710, 41.646, -3810511.640, 3567620.818, 3652850.793, -1.867,  2.154, 353.377,  0.011,  0.002, -0.006
195129.6, 2270, 35.16478054, 136.88551710, 41.646, -3810511.640, 3567620.818, 3652850.793, -1.866,  2.155, 353.379,  0.013,  0.001, -0.004
195129.8, 2270, 35.16478054, 136.88551710, 41.646, -3810511.640, 3567620.818, 3652850.793, -1.859,  2.150, 353.378,  0.011,  0.002, -0.005
195130.0, 2270, 35.16478054, 136.88551710, 41.646, -3810511.640, 3567620.818, 3652850.793, -1.867,  2.149, 353.378,  0.012,  0.001, -0.005
195130.2, 2270, 35.16478054, 136.88551710, 41.646, -3810511.640, 3567620.818, 3652850.793, -1.863,  2.144, 353.378,  0.012,  0.003, -0.005
195130.4, 2270, 35.16478054, 136.88551710, 41.646, -3810511.640, 3567620.818, 3652850.793, -1.867,  2.142, 353.379,  0.012, -0.001, -0.004
195130.6, 2270, 35.16478054, 136.88551710, 41.646, -3810511.640, 3567620.818, 3652850.793, -1.859,  2.139, 353.378,  0.011,  0.002, -0.004
195130.8, 2270, 35.16478054, 136.88551710, 41.646, -3810511.640, 3567620.818, 3652850.793, -1.867,  2.132, 353.379,  0.009,  0.000, -0.005
195131.0, 2270, 35.16478054, 136.88551710, 41.646, -3810511.640, 3567620.818, 3652850.793, -1.864,  2.126, 353.379,  0.013,  0.001, -0.004
195131.2, 2270, 35.16478054, 136.88551710, 41.646, -3810511.640, 3567620.818, 3652850.793, -1.866,  2.128, 353.381,  0.008,  0.001, -0.004
195131.4, 2270, 35.16478054, 136.88551710, 41.646, -3810511.640, 3567620.817, 3652850.794, -1.863,  2.122, 353.380,  0.014,  0.001, -0.004
195131.6, 2270, 35.16478054, 136.88551710, 41.646, -3810511.640, 3567620.817, 3652850.794, -1.860,  2.125, 353.380,  0.008,  0.003, -0.003
195131.8, 2270, 35.16478054, 136.88551710, 41.646, -3810511.640, 3567620.817, 3652850.794, -1.863,  2.119, 353.380,  0.008, -0.001, -0.006
195132.0, 2270, 35.16478054, 136.88551710, 41.646, -3810511.640, 3567620.817, 3652850.794, -1.862,  2.122, 353.382,  0.010,  0.002, -0.005
195132.2, 2270, 35.16478054, 136.88551710, 41.646, -3810511.640, 3567620.817, 3652850.794, -1.859,  2.119, 353.381,  0.008, -0.002, -0.004
195132.4, 2270, 35.16478054, 136.88551710, 41.646, -3810511.640, 3567620.817, 3652850.794, -1.866,  2.119, 353.381,  0.011,  0.001, -0.004
195132.6, 2270, 35.16478054, 136.88551710, 41.646, -3810511.640, 3567620.817, 3652850.794, -1.862,  2.119, 353.383,  0.011, -0.001, -0.004
195132.8, 2270, 35.16478054, 136.88551710, 41.646, -3810511.640, 3567620.817, 3652850.794, -1.862,  2.117, 353.380,  0.006,  0.001, -0.005
195133.0, 2270, 35.16478054, 136.88551710, 41.646, -3810511.640, 3567620.817, 3652850.794, -1.864,  2.118, 353.380,  0.009,  0.001, -0.005
195133.2, 2270, 35.16478054, 136.88551710, 41.646, -3810511.640, 3567620.817, 3652850.794, -1.865,  2.117, 353.382,  0.009, -0.000, -0.004
195133.4, 2270, 35.16478054, 136.88551710, 41.646, -3810511.640, 3567620.817, 3652850.794, -1.858,  2.115, 353.378,  0.008, -0.001, -0.004
195133.6, 2270, 35.16478054, 136.88551710, 41.646, -3810511.640, 3567620.817, 3652850.794, -1.866,  2.115, 353.383,  0.008,  0.000, -0.004
195133.8, 2270, 35.16478054, 136.88551710, 41.646, -3810511.640, 3567620.817, 3652850.794, -1.860,  2.115, 353.381,  0.008, -0.000, -0.004
195134.0, 2270, 35.16478054, 136.88551710, 41.646, -3810511.640, 3567620.817, 3652850.794, -1.864,  2.115, 353.382,  0.006, -0.001, -0.004
195134.2, 2270, 35.16478054, 136.88551710, 41.646, -3810511.640, 3567620.817, 3652850.794, -1.866,  2.115, 353.384,  0.006, -0.002, -0.003
195134.4, 2270, 35.16478054, 136.88551710, 41.646, -3810511.640, 3567620.817, 3652850.794, -1.864,  2.115, 353.381,  0.006, -0.001, -0.003
195134.6, 2270, 35.16478054, 136.88551710, 41.646, -3810511.640, 3567620.817, 3652850.794, -1.866,  2.116, 353.382,  0.005, -0.001, -0.004
195134.8, 2270, 35.16478054, 136.88551710, 41.646, -3810511.640, 3567620.817, 3652850.794, -1.866,  2.114, 353.383,  0.009, -0.001, -0.002
195135.0, 2270, 35.16478054, 136.88551710, 41.646, -3810511.640, 3567620.817, 3652850.794, -1.863,  2.113, 353.382,  0.004, -0.000, -0.002
195135.2, 2270, 35.16478054, 136.88551710, 41.646, -3810511.640, 3567620.817, 3652850.794, -1.862,  2.114, 353.384,  0.005, -0.002, -0.001
195135.4, 2270, 35.16478054, 136.88551710, 41.646, -3810511.640, 3567620.817, 3652850.794, -1.863,  2.113, 353.385,  0.004,  0.000, -0.002
195135.6, 2270, 35.16478054, 136.88551710, 41.646, -3810511.640, 3567620.817, 3652850.794, -1.866,  2.113, 353.383,  0.005,  0.000, -0.001
195135.8, 2270, 35.16478054, 136.88551710, 41.646, -3810511.640, 3567620.817, 3652850.794, -1.862,  2.115, 353.384,  0.005, -0.000, -0.002
195136.0, 2270, 35.16478054, 136.88551710, 41.646, -3810511.640, 3567620.817, 3652850.794, -1.864,  2.116, 353.384,  0.004, -0.000, -0.002
195136.2, 2270, 35.16478054, 136.88551710, 41.646, -3810511.640, 3567620.817, 3652850.794, -1.865,  2.115, 353.385,  0.005, -0.000, -0.001
195136.4, 2270, 35.16478054, 136.88551710, 41.646, -3810511.640, 3567620.817, 3652850.794, -1.867,  2.114, 353.385,  0.004, -0.001, -0.002
195136.6, 2270, 35.16478054, 136.88551710, 41.646, -3810511.640, 3567620.817, 3652850.794, -1.871,  2.113, 353.385,  0.007, -0.001, -0.000
195136.8, 2270, 35.16478054, 136.88551710, 41.646, -3810511.640, 3567620.817, 3652850.794, -1.869,  2.113, 353.387,  0.005, -0.000, -0.001
195137.0, 2270, 35.16478054, 136.88551710, 41.646, -3810511.640, 3567620.817, 3652850.794, -1.870,  2.113, 353.386,  0.003,  0.000, -0.001
195137.2, 2270, 35.16478054, 136.88551710, 41.646, -3810511.640, 3567620.817, 3652850.794, -1.868,  2.113, 353.387,  0.003, -0.001, -0.001
195137.4, 2270, 35.16478054, 136.88551710, 41.646, -3810511.640, 3567620.817, 3652850.794, -1.868,  2.113, 353.388,  0.003, -0.001, -0.001
195137.6, 2270, 35.16478054, 136.88551710, 41.646, -3810511.640, 3567620.817, 3652850.794, -1.869,  2.112, 353.387,  0.002, -0.002, -0.001
195137.8, 2270, 35.16478054, 136.88551710, 41.646, -3810511.640, 3567620.817, 3652850.794, -1.869,  2.112, 353.387,  0.004, -0.001, -0.000
195138.0, 2270, 35.16478054, 136.88551710, 41.646, -3810511.640, 3567620.817, 3652850.794, -1.867,  2.114, 353.388,  0.002, -0.001, -0.000
195138.2, 2270, 35.16478054, 136.88551710, 41.646, -3810511.640, 3567620.817, 3652850.794, -1.869,  2.112, 353.388,  0.002, -0.002, -0.001
195138.4, 2270, 35.16478054, 136.88551710, 41.646, -3810511.640, 3567620.817, 3652850.794, -1.868,  2.113, 353.389,  0.002, -0.000,  0.000
195138.6, 2270, 35.16478054, 136.88551710, 41.646, -3810511.640, 3567620.817, 3652850.794, -1.868,  2.112, 353.388,  0.002, -0.002,  0.000
195138.8, 2270, 35.16478054, 136.88551710, 41.646, -3810511.640, 3567620.817, 3652850.794, -1.865,  2.111, 353.388,  0.004, -0.001,  0.001
195139.0, 2270, 35.16478054, 136.88551710, 41.646, -3810511.640, 3567620.817, 3652850.794, -1.858,  2.109, 353.387,  0.002, -0.002,  0.002
195139.2, 2270, 35.16478054, 136.88551710, 41.646, -3810511.640, 3567620.817, 3652850.794, -1.857,  2.111, 353.391, -0.002, -0.002,  0.001
195139.4, 2270, 35.16478054, 136.88551710, 41.646, -3810511.640, 3567620.817, 3652850.794, -1.862,  2.109, 353.391,  0.001, -0.000,  0.002
195139.6, 2270, 35.16478054, 136.88551710, 41.646, -3810511.640, 3567620.817, 3652850.794, -1.861,  2.110, 353.393,  0.000, -0.002,  0.002
195139.8, 2270, 35.16478054, 136.88551710, 41.646, -3810511.640, 3567620.817, 3652850.794, -1.863,  2.110, 353.393, -0.000, -0.001,  0.001
195140.0, 2270, 35.16478054, 136.88551710, 41.646, -3810511.640, 3567620.817, 3652850.794, -1.860,  2.110, 353.392,  0.000, -0.002,  0.002
195140.2, 2270, 35.16478055, 136.88551710, 41.646, -3810511.640, 3567620.817, 3652850.794, -1.862,  2.109, 353.392, -0.000, -0.001,  0.002
195140.4, 2270, 35.16478054, 136.88551710, 41.646, -3810511.640, 3567620.817, 3652850.794, -1.863,  2.110, 353.392,  0.001, -0.001,  0.001
195140.6, 2270, 35.16478055, 136.88551710, 41.646, -3810511.640, 3567620.817, 3652850.794, -1.862,  2.110, 353.394, -0.000,  0.000,  0.002
195140.8, 2270, 35.16478054, 136.88551710, 41.646, -3810511.640, 3567620.817, 3652850.794, -1.862,  2.111, 353.392, -0.002, -0.001,  0.002
195141.0, 2270, 35.16478054, 136.88551710, 41.646, -3810511.640, 3567620.817, 3652850.794, -1.865,  2.110, 353.393,  0.002, -0.002,  0.002
195141.2, 2270, 35.16478055, 136.88551710, 41.646, -3810511.640, 3567620.817, 3652850.794, -1.861,  2.109, 353.394, -0.001, -0.001,  0.002
195141.4, 2270, 35.16478055, 136.88551710, 41.646, -3810511.640, 3567620.817, 3652850.794, -1.864,  2.109, 353.394, -0.001, -0.001,  0.001
195141.6, 2270, 35.16478055, 136.88551710, 41.646, -3810511.640, 3567620.817, 3652850.794, -1.862,  2.108, 353.394,  0.001, -0.002,  0.002
195141.8, 2270, 35.16478055, 136.88551710, 41.646, -3810511.640, 3567620.817, 3652850.794, -1.863,  2.107, 353.395, -0.002, -0.002,  0.002
195142.0, 2270, 35.16478055, 136.88551710, 41.646, -3810511.640, 3567620.817, 3652850.794, -1.866,  2.106, 353.394, -0.002, -0.002,  0.001
195142.2, 2270, 35.16478055, 136.88551710, 41.646, -3810511.640, 3567620.817, 3652850.794, -1.864,  2.107, 353.395,  0.000, -0.002,  0.002
195142.4, 2270, 35.16478055, 136.88551710, 41.646, -3810511.640, 3567620.817, 3652850.794, -1.863,  2.107, 353.395, -0.002, -0.002,  0.001
195142.6, 2270, 35.16478055, 136.88551710, 41.646, -3810511.640, 3567620.817, 3652850.794, -1.864,  2.106, 353.394, -0.002, -0.003,  0.001
195142.8, 2270, 35.16478055, 136.88551710, 41.646, -3810511.640, 3567620.817, 3652850.794, -1.862,  2.106, 353.395, -0.002, -0.002,  0.000
195143.0, 2270, 35.16478055, 136.88551710, 41.646, -3810511.640, 3567620.817, 3652850.794, -1.863,  2.104, 353.395, -0.002, -0.001,  0.001
195143.2, 2270, 35.16478055, 136.88551710, 41.646, -3810511.640, 3567620.817, 3652850.794, -1.865,  2.105, 353.397, -0.003, -0.002,  0.001
195143.4, 2270, 35.16478055, 136.88551710, 41.646, -3810511.640, 3567620.817, 3652850.794, -1.862,  2.104, 353.397,  0.001,  0.001,  0.001
195143.6, 2270, 35.16478055, 136.88551710, 41.646, -3810511.640, 3567620.817, 3652850.794, -1.863,  2.105, 353.396, -0.004, -0.001,  0.001
195143.8, 2270, 35.16478055, 136.88551710, 41.646, -3810511.640, 3567620.817, 3652850.794, -1.866,  2.106, 353.398,  0.001, -0.000,  0.002
195144.0, 2270, 35.16478055, 136.88551710, 41.646, -3810511.640, 3567620.817, 3652850.794, -1.858,  2.105, 353.394, -0.003, -0.002,  0.001
195144.2, 2270, 35.16478055, 136.88551710, 41.646, -3810511.640, 3567620.817, 3652850.794, -1.868,  2.106, 353.396, -0.001, -0.000,  0.001
195144.4, 2270, 35.16478055, 136.88551710, 41.646, -3810511.640, 3567620.817, 3652850.794, -1.858,  2.104, 353.396, -0.000, -0.001,  0.000
195144.6, 2270, 35.16478055, 136.88551710, 41.646, -3810511.640, 3567620.817, 3652850.794, -1.862,  2.104, 353.397, -0.004, -0.002,  0.001
195144.8, 2270, 35.16478055, 136.88551710, 41.646, -3810511.640, 3567620.817, 3652850.794, -1.861,  2.103, 353.398,  0.001, -0.001,  0.001
195145.0, 2270, 35.16478055, 136.88551710, 41.646, -3810511.640, 3567620.817, 3652850.794, -1.860,  2.103, 353.396, -0.002, -0.001,  0.002
195145.2, 2270, 35.16478055, 136.88551710, 41.646, -3810511.640, 3567620.817, 3652850.794, -1.864,  2.105, 353.397, -0.002, -0.001,  0.001
195145.4, 2270, 35.16478055, 136.88551710, 41.646, -3810511.640, 3567620.817, 3652850.794, -1.860,  2.103, 353.399, -0.001, -0.000,  0.000
195145.6, 2270, 35.16478055, 136.88551710, 41.646, -3810511.640, 3567620.817, 3652850.794, -1.862,  2.102, 353.398, -0.003, -0.001,  0.001
195145.8, 2270, 35.16478055, 136.88551710, 41.646, -3810511.640, 3567620.817, 3652850.794, -1.861,  2.102, 353.397,  0.000, -0.002,  0.001
195146.0, 2270, 35.16478055, 136.88551710, 41.646, -3810511.640, 3567620.817, 3652850.794, -1.858,  2.102, 353.399, -0.001, -0.000,  0.001
195146.2, 2270, 35.16478055, 136.88551710, 41.646, -3810511.640, 3567620.817, 3652850.794, -1.862,  2.101, 353.399, -0.003, -0.002, -0.001
195146.4, 2270, 35.16478055, 136.88551710, 41.646, -3810511.640, 3567620.817, 3652850.794, -1.856,  2.102, 353.398, -0.002,  0.000,  0.001
195146.6, 2270, 35.16478055, 136.88551710, 41.646, -3810511.640, 3567620.817, 3652850.794, -1.858,  2.101, 353.398, -0.003, -0.002,  0.000
195146.8, 2270, 35.16478055, 136.88551710, 41.646, -3810511.640, 3567620.817, 3652850.794, -1.862,  2.101, 353.400, -0.000,  0.001,  0.001
195147.0, 2270, 35.16478055, 136.88551710, 41.646, -3810511.640, 3567620.817, 3652850.794, -1.856,  2.101, 353.397, -0.000, -0.001,  0.002
195147.2, 2270, 35.16478055, 136.88551710, 41.646, -3810511.640, 3567620.817, 3652850.794, -1.860,  2.101, 353.400, -0.000,  0.000,  0.000
195147.4, 2270, 35.16478055, 136.88551710, 41.646, -3810511.640, 3567620.817, 3652850.794, -1.859,  2.102, 353.398, -0.002, -0.002,  0.002
195147.6, 2270, 35.16478055, 136.88551710, 41.646, -3810511.640, 3567620.817, 3652850.794, -1.861,  2.103, 353.399, -0.001, -0.001,  0.002
195147.8, 2270, 35.16478055, 136.88551710, 41.646, -3810511.640, 3567620.817, 3652850.794, -1.860,  2.103, 353.400,  0.001,  0.000,  0.001
195148.0, 2270, 35.16478055, 136.88551710, 41.646, -3810511.640, 3567620.817, 3652850.794, -1.857,  2.103, 353.399, -0.000, -0.001,  0.001
195148.2, 2270, 35.16478055, 136.88551710, 41.646, -3810511.640, 3567620.817, 3652850.794, -1.860,  2.101, 353.399, -0.001, -0.001,  0.002
195148.4, 2270, 35.16478055, 136.88551710, 41.646, -3810511.640, 3567620.817, 3652850.794, -1.858,  2.103, 353.398,  0.001,  0.000,  0.002
195148.6, 2270, 35.16478055, 136.88551710, 41.646, -3810511.640, 3567620.817, 3652850.794, -1.861,  2.103, 353.399,  0.001, -0.000,  0.001
195148.8, 2270, 35.16478055, 136.88551710, 41.646, -3810511.640, 3567620.817, 3652850.794, -1.859,  2.102, 353.399,  0.000, -0.000,  0.002
195149.0, 2270, 35.16478055, 136.88551710, 41.646, -3810511.640, 3567620.817, 3652850.794, -1.860,  2.103, 353.400, -0.000, -0.001,  0.000
195149.2, 2270, 35.16478055, 136.88551710, 41.646, -3810511.640, 3567620.817, 3652850.794, -1.859,  2.103, 353.401,  0.002,  0.001,  0.002
195149.4, 2270, 35.16478055, 136.88551710, 41.646, -3810511.640, 3567620.817, 3652850.794, -1.860,  2.103, 353.401,  0.001,  0.001,  0.000
195149.6, 2270, 35.16478055, 136.88551710, 41.646, -3810511.640, 3567620.817, 3652850.794, -1.860,  2.102, 353.402, -0.000, -0.001,  0.001
195149.8, 2270, 35.16478055, 136.88551710, 41.646, -3810511.640, 3567620.817, 3652850.794, -1.860,  2.103, 353.400,  0.001,  0.001,  0.001
195150.0, 2270, 35.16478055, 136.88551710, 41.646, -3810511.640, 3567620.817, 3652850.794, -1.859,  2.105, 353.400,  0.001, -0.001,  0.001
195150.2, 2270, 35.16478055, 136.88551710, 41.646, -3810511.640, 3567620.817, 3652850.794, -1.864,  2.104, 353.402,  0.002,  0.000,  0.001
195150.4, 2270, 35.16478055, 136.88551710, 41.646, -3810511.640, 3567620.817, 3652850.794, -1.859,  2.103, 353.401,  0.001,  0.000,  0.000
195150.6, 2270, 35.16478055, 136.88551710, 41.646, -3810511.640, 3567620.817, 3652850.794, -1.862,  2.104, 353.403, -0.001, -0.001,  0.000
195150.8, 2270, 35.16478055, 136.88551710, 41.646, -3810511.640, 3567620.817, 3652850.794, -1.861,  2.101, 353.402,  0.003,  0.001,  0.002
195151.0, 2270, 35.16478055, 136.88551710, 41.646, -3810511.640, 3567620.817, 3652850.794, -1.859,  2.105, 353.400, -0.000, -0.001,  0.001
195151.2, 2270, 35.16478055, 136.88551710, 41.646, -3810511.640, 3567620.817, 3652850.794, -1.866,  2.103, 353.403,  0.001, -0.000,  0.001
195151.4, 2270, 35.16478055, 136.88551710, 41.646, -3810511.640, 3567620.817, 3652850.794, -1.857,  2.104, 353.402,  0.001,  0.001,  0.001
195151.6, 2270, 35.16478055, 136.88551710, 41.646, -3810511.640, 3567620.817, 3652850.794, -1.863,  2.103, 353.402, -0.001, -0.002,  0.001
195151.8, 2270, 35.16478055, 136.88551710, 41.646, -3810511.640, 3567620.817, 3652850.794, -1.860,  2.103, 353.405,  0.003, -0.000,  0.002
195152.0, 2270, 35.16478055, 136.88551710, 41.646, -3810511.640, 3567620.817, 3652850.794, -1.860,  2.102, 353.404, -0.001, -0.002,  0.001
195152.2, 2270, 35.16478055, 136.88551710, 41.646, -3810511.640, 3567620.817, 3652850.794, -1.862,  2.102, 353.403,  0.002,  0.000,  0.001
195152.4, 2270, 35.16478055, 136.88551710, 41.646, -3810511.640, 3567620.817, 3652850.794, -1.857,  2.102, 353.406, -0.000, -0.001,  0.000
195152.6, 2270, 35.16478055, 136.88551710, 41.646, -3810511.640, 3567620.817, 3652850.794, -1.864,  2.102, 353.405, -0.000,  0.001,  0.002
195152.8, 2270, 35.16478055, 136.88551710, 41.646, -3810511.640, 3567620.817, 3652850.794, -1.860,  2.102, 353.402,  0.002, -0.002,  0.001
195153.0, 2270, 35.16478055, 136.88551710, 41.646, -3810511.640, 3567620.817, 3652850.794, -1.862,  2.103, 353.405, -0.002,  0.000,  0.000
195153.2, 2270, 35.16478055, 136.88551710, 41.646, -3810511.640, 3567620.817, 3652850.794, -1.864,  2.103, 353.404,  0.000, -0.000,  0.000
195153.4, 2270, 35.16478055, 136.88551710, 41.646, -3810511.640, 3567620.817, 3652850.794, -1.861,  2.101, 353.404,  0.001, -0.000,  0.001
195153.6, 2270, 35.16478055, 136.88551710, 41.646, -3810511.640, 3567620.817, 3652850.794, -1.864,  2.103, 353.405, -0.000,  0.001,  0.000
195153.8, 2270, 35.16478055, 136.88551710, 41.646, -3810511.640, 3567620.817, 3652850.794, -1.860,  2.103, 353.405,  0.000,  0.001,  0.000
195154.0, 2270, 35.16478055, 136.88551710, 41.646, -3810511.640, 3567620.817, 3652850.794, -1.861,  2.103, 353.405, -0.000,  0.000,  0.001
195154.2, 2270, 35.16478055, 136.88551710, 41.646, -3810511.640, 3567620.817, 3652850.794, -1.862,  2.102, 353.406,  0.002,  0.001,  0.001
195154.4, 2270, 35.16478055, 136.88551710, 41.646, -3810511.640, 3567620.817, 3652850.794, -1.860,  2.102, 353.405,  0.000, -0.000,  0.000
195154.6, 2270, 35.16478055, 136.88551710, 41.646, -3810511.640, 3567620.817, 3652850.794, -1.861,  2.102, 353.403,  0.001, -0.000,  0.001
195154.8, 2270, 35.16478055, 136.88551710, 41.646, -3810511.640, 3567620.817, 3652850.794, -1.860,  2.103, 353.405,  0.001,  0.001,  0.001
195155.0, 2270, 35.16478055, 136.88551710, 41.646, -3810511.640, 3567620.817, 3652850.794, -1.862,  2.103, 353.406, -0.000, -0.001, -0.000
195155.2, 2270, 35.16478055, 136.88551710, 41.646, -3810511.640, 3567620.817, 3652850.794, -1.862,  2.103, 353.406, -0.001,  0.001,  0.001
195155.4, 2270, 35.16478055, 136.88551710, 41.646, -3810511.640, 3567620.817, 3652850.794, -1.861,  2.105, 353.406,  0.000, -0.001,  0.001
195155.6, 2270, 35.16478055, 136.88551710, 41.646, -3810511.640, 3567620.817, 3652850.794, -1.863,  2.103, 353.406,  0.000, -0.000,  0.001
195155.8, 2270, 35.16478055, 136.88551710, 41.646, -3810511.640, 3567620.817, 3652850.794, -1.860,  2.105, 353.406,  0.000, -0.001,  0.001
195156.0, 2270, 35.16478055, 136.88551710, 41.646, -3810511.640, 3567620.817, 3652850.794, -1.861,  2.103, 353.407,  0.001, -0.000, -0.000
195156.2, 2270, 35.16478055, 136.88551710, 41.646, -3810511.640, 3567620.817, 3652850.794, -1.858,  2.105, 353.407,  0.000,  0.000,  0.001
195156.4, 2270, 35.16478055, 136.88551710, 41.646, -3810511.640, 3567620.817, 3652850.794, -1.858,  2.105, 353.407, -0.000, -0.003,  0.001
195156.6, 2270, 35.16478055, 136.88551710, 41.646, -3810511.640, 3567620.817, 3652850.794, -1.858,  2.104, 353.406,  0.002,  0.001,  0.000
195156.8, 2270, 35.16478055, 136.88551710, 41.646, -3810511.640, 3567620.817, 3652850.794, -1.858,  2.105, 353.404, -0.001, -0.002,  0.000
195157.0, 2270, 35.16478055, 136.88551710, 41.646, -3810511.640, 3567620.817, 3652850.794, -1.859,  2.103, 353.404, -0.001, -0.000,  0.001
195157.2, 2270, 35.16478055, 136.88551710, 41.646, -3810511.640, 3567620.817, 3652850.794, -1.859,  2.104, 353.404, -0.000,  0.000, -0.000
195157.4, 2270, 35.16478055, 136.88551710, 41.646, -3810511.640, 3567620.817, 3652850.794, -1.861,  2.103, 353.404, -0.001,  0.000,  0.000
195157.6, 2270, 35.16478055, 136.88551710, 41.646, -3810511.640, 3567620.817, 3652850.794, -1.860,  2.104, 353.405,  0.001, -0.000,  0.001
195157.8, 2270, 35.16478055, 136.88551710, 41.646, -3810511.640, 3567620.817, 3652850.794, -1.860,  2.102, 353.405, -0.001, -0.001, -0.000
195158.0, 2270, 35.16478055, 136.88551710, 41.646, -3810511.640, 3567620.817, 3652850.794, -1.861,  2.102, 353.405,  0.000,  0.001,  0.001
195158.2, 2270, 35.16478055, 136.88551710, 41.646, -3810511.640, 3567620.817, 3652850.794, -1.860,  2.101, 353.404,  0.001, -0.000,  0.000
195158.4, 2270, 35.16478055, 136.88551710, 41.646, -3810511.640, 3567620.817, 3652850.794, -1.861,  2.102, 353.404,  0.000, -0.000,  0.000
195158.6, 2270, 35.16478055, 136.88551710, 41.646, -3810511.640, 3567620.817, 3652850.794, -1.858,  2.101, 353.404,  0.001, -0.000,  0.001
195158.8, 2270, 35.16478055, 136.88551710, 41.646, -3810511.640, 3567620.817, 3652850.794, -1.860,  2.102, 353.405, -0.001, -0.000, -0.001
195159.0, 2270, 35.16478055, 136.88551710, 41.646, -3810511.640, 3567620.817, 3652850.794, -1.862,  2.102, 353.404,  0.002, -0.001,  0.001
195159.2, 2270, 35.16478055, 136.88551710, 41.646, -3810511.640, 3567620.817, 3652850.794, -1.858,  2.101, 353.405,  0.000, -0.001, -0.000
195159.4, 2270, 35.16478055, 136.88551710, 41.646, -3810511.640, 3567620.817, 3652850.794, -1.862,  2.102, 353.405, -0.001, -0.000, -0.000
195159.6, 2270, 35.16478055, 136.88551710, 41.646, -3810511.640, 3567620.817, 3652850.794, -1.861,  2.102, 353.405,  0.001, -0.001, -0.000
195159.8, 2270, 35.16478055, 136.88551710, 41.646, -3810511.640, 3567620.817, 3652850.794, -1.861,  2.101, 353.405,  0.000,  0.001, -0.001
195160.0, 2270, 35.16478055, 136.88551710, 41.646, -3810511.640, 3567620.817, 3652850.794, -1.862,  2.101, 353.406,  0.001, -0.001,  0.001
195160.2, 2270, 35.16478055, 136.88551710, 41.646, -3810511.640, 3567620.817, 3652850.794, -1.860,  2.101, 353.406,  0.001, -0.001,  0.001
195160.4, 2270, 35.16478055, 136.88551710, 41.646, -3810511.640, 3567620.817, 3652850.794, -1.862,  2.101, 353.405,  0.000,  0.000, -0.000
195160.6, 2270, 35.16478055, 136.88551710, 41.646, -3810511.640, 3567620.817, 3652850.794, -1.862,  2.101, 353.406,  0.001,  0.001,  0.000
195160.8, 2270, 35.16478055, 136.88551710, 41.646, -3810511.640, 3567620.817, 3652850.794, -1.862,  2.102, 353.407, -0.000,  0.000, -0.000
195161.0, 2270, 35.16478055, 136.88551710, 41.646, -3810511.640, 3567620.817, 3652850.794, -1.861,  2.102, 353.407,  0.002, -0.000,  0.000
195161.2, 2270, 35.16478055, 136.88551710, 41.646, -3810511.640, 3567620.817, 3652850.794, -1.861,  2.103, 353.407,  0.001,  0.001,  0.000
195161.4, 2270, 35.16478055, 136.88551710, 41.646, -3810511.640, 3567620.817, 3652850.794, -1.863,  2.102, 353.407,  0.001,  0.000, -0.000
195161.6, 2270, 35.16478055, 136.88551710, 41.646, -3810511.640, 3567620.817, 3652850.794, -1.860,  2.102, 353.407,  0.002,  0.001,  0.001
195161.8, 2270, 35.16478055, 136.88551710, 41.646, -3810511.640, 3567620.817, 3652850.794, -1.861,  2.103, 353.405, -0.000,  0.001, -0.000
195162.0, 2270, 35.16478055, 136.88551710, 41.646, -3810511.640, 3567620.817, 3652850.794, -1.862,  2.102, 353.406,  0.002,  0.001, -0.000
195162.2, 2270, 35.16478055, 136.88551710, 41.646, -3810511.640, 3567620.817, 3652850.794, -1.860,  2.102, 353.404,  0.000,  0.001, -0.001
195162.4, 2270, 35.16478055, 136.88551710, 41.646, -3810511.640, 3567620.817, 3652850.794, -1.863,  2.100, 353.404,  0.001,  0.001, -0.000
195162.6, 2270, 35.16478055, 136.88551710, 41.646, -3810511.640, 3567620.817, 3652850.794, -1.860,  2.100, 353.404,  0.002,  0.002, -0.000
195162.8, 2270, 35.16478055, 136.88551710, 41.646, -3810511.640, 3567620.817, 3652850.794, -1.860,  2.100, 353.404, -0.000,  0.000, -0.001
195163.0, 2270, 35.16478055, 136.88551710, 41.646, -3810511.640, 3567620.817, 3652850.794, -1.860,  2.100, 353.404,  0.000,  0.001, -0.001
195163.2, 2270, 35.16478055, 136.88551710, 41.646, -3810511.640, 3567620.817, 3652850.794, -1.860,  2.100, 353.405,  0.002,  0.001, -0.000
195163.4, 2270, 35.16478055, 136.88551710, 41.646, -3810511.640, 3567620.817, 3652850.794, -1.858,  2.101, 353.406,  0.003,  0.002, -0.000
195163.6, 2270, 35.16478055, 136.88551710, 41.646, -3810511.640, 3567620.817, 3652850.794, -1.858,  2.101, 353.405,  0.001,  0.001, -0.001
195163.8, 2270, 35.16478055, 136.88551710, 41.646, -3810511.640, 3567620.817, 3652850.794, -1.857,  2.101, 353.405,  0.003,  0.001, -0.000
195164.0, 2270, 35.16478055, 136.88551710, 41.646, -3810511.640, 3567620.817, 3652850.794, -1.858,  2.101, 353.405,  0.002,  0.001, -0.001
195164.2, 2270, 35.16478055, 136.88551710, 41.646, -3810511.640, 3567620.817, 3652850.794, -1.857,  2.102, 353.405,  0.002,  0.002, -0.001
195164.4, 2270, 35.16478055, 136.88551710, 41.646, -3810511.640, 3567620.817, 3652850.794, -1.858,  2.102, 353.404,  0.003,  0.001, -0.001
195164.6, 2270, 35.16478055, 136.88551710, 41.646, -3810511.640, 3567620.817, 3652850.794, -1.860,  2.102, 353.404,  0.003,  0.001, -0.001
195164.8, 2270, 35.16478055, 136.88551710, 41.646, -3810511.640, 3567620.817, 3652850.794, -1.858,  2.101, 353.404,  0.004,  0.000,  0.000
195165.0, 2270, 35.16478055, 136.88551710, 41.646, -3810511.640, 3567620.817, 3652850.794, -1.860,  2.102, 353.404,  0.002,  0.002, -0.001
195165.2, 2270, 35.16478055, 136.88551710, 41.646, -3810511.640, 3567620.817, 3652850.794, -1.861,  2.102, 353.405,  0.004,  0.000, -0.002
195165.4, 2270, 35.16478055, 136.88551710, 41.646, -3810511.640, 3567620.817, 3652850.794, -1.861,  2.101, 353.404,  0.001,  0.001, -0.001
195165.6, 2270, 35.16478055, 136.88551710, 41.646, -3810511.640, 3567620.817, 3652850.794, -1.859,  2.103, 353.406,  0.004,  0.002, -0.000
195165.8, 2270, 35.16478055, 136.88551710, 41.646, -3810511.640, 3567620.817, 3652850.794, -1.861,  2.103, 353.404,  0.003,  0.001, -0.002
195166.0, 2270, 35.16478055, 136.88551710, 41.646, -3810511.640, 3567620.817, 3652850.794, -1.858,  2.102, 353.404,  0.005,  0.002, -0.000
195166.2, 2270, 35.16478055, 136.88551710, 41.646, -3810511.640, 3567620.817, 3652850.794, -1.859,  2.103, 353.405,  0.003,  0.001, -0.001
195166.4, 2270, 35.16478055, 136.88551710, 41.646, -3810511.640, 3567620.817, 3652850.794, -1.860,  2.103, 353.404,  0.004,  0.001, -0.002
195166.6, 2270, 35.16478055, 136.88551710, 41.646, -3810511.640, 3567620.817, 3652850.794, -1.857,  2.104, 353.404,  0.002,  0.002, -0.001
195166.8, 2270, 35.16478055, 136.88551710, 41.646, -3810511.640, 3567620.817, 3652850.794, -1.859,  2.104, 353.405,  0.003,  0.002, -0.002
195167.0, 2270, 35.16478055, 136.88551710, 41.646, -3810511.640, 3567620.817, 3652850.794, -1.859,  2.103, 353.405,  0.002,  0.001, -0.001
195167.2, 2270, 35.16478055, 136.88551710, 41.646, -3810511.640, 3567620.817, 3652850.794, -1.862,  2.104, 353.406,  0.003,  0.002, -0.000
195167.4, 2270, 35.16478055, 136.88551710, 41.646, -3810511.640, 3567620.817, 3652850.794, -1.860,  2.105, 353.406,  0.003,  0.002, -0.002
195167.6, 2270, 35.16478055, 136.88551710, 41.646, -3810511.640, 3567620.817, 3652850.794, -1.864,  2.104, 353.406,  0.003,  0.001, -0.001
195167.8, 2270, 35.16478055, 136.88551710, 41.646, -3810511.640, 3567620.817, 3652850.794, -1.860,  2.104, 353.407,  0.003,  0.000, -0.001
195168.0, 2270, 35.16478055, 136.88551710, 41.646, -3810511.640, 3567620.817, 3652850.794, -1.863,  2.103, 353.407,  0.000,  0.000, -0.001
195168.2, 2270, 35.16478055, 136.88551710, 41.646, -3810511.640, 3567620.817, 3652850.794, -1.861,  2.103, 353.407,  0.001,  0.001, -0.000
195168.4, 2270, 35.16478055, 136.88551710, 41.646, -3810511.640, 3567620.817, 3652850.794, -1.859,  2.104, 353.408,  0.001,  0.002, -0.000
195168.6, 2270, 35.16478055, 136.88551710, 41.646, -3810511.640, 3567620.817, 3652850.794, -1.862,  2.103, 353.409,  0.002,  0.002, -0.001
195168.8, 2270, 35.16478055, 136.88551710, 41.646, -3810511.640, 3567620.817, 3652850.794, -1.860,  2.104, 353.410,  0.001,  0.001, -0.001
195169.0, 2270, 35.16478055, 136.88551710, 41.646, -3810511.640, 3567620.817, 3652850.794, -1.861,  2.103, 353.409,  0.000,  0.001, -0.000
195169.2, 2270, 35.16478055, 136.88551710, 41.646, -3810511.640, 3567620.817, 3652850.794, -1.859,  2.104, 353.408, -0.001,  0.001, -0.000
195169.4, 2270, 35.16478055, 136.88551710, 41.646, -3810511.640, 3567620.817, 3652850.794, -1.859,  2.103, 353.408, -0.001,  0.002, -0.001
195169.6, 2270, 35.16478055, 136.88551710, 41.646, -3810511.640, 3567620.817, 3652850.794, -1.860,  2.103, 353.408, -0.001,  0.002, -0.001
195169.8, 2270, 35.16478055, 136.88551710, 41.646, -3810511.640, 3567620.817, 3652850.794, -1.859,  2.104, 353.409, -0.001,  0.002, -0.001
195170.0, 2270, 35.16478055, 136.88551710, 41.646, -3810511.640, 3567620.817, 3652850.794, -1.862,  2.107, 353.409, -0.001,  0.000, -0.001
195170.2, 2270, 35.16478055, 136.88551710, 41.646, -3810511.640, 3567620.817, 3652850.794, -1.859,  2.104, 353.409, -0.000,  0.003, -0.001
195170.4, 2270, 35.16478055, 136.88551710, 41.646, -3810511.640, 3567620.817, 3652850.794, -1.860,  2.106, 353.408, -0.002,  0.001, -0.002
195170.6, 2270, 35.16478055, 136.88551710, 41.646, -3810511.640, 3567620.817, 3652850.794, -1.860,  2.106, 353.406, -0.000,  0.002, -0.001
195170.8, 2270, 35.16478055, 136.88551710, 41.646, -3810511.640, 3567620.817, 3652850.794, -1.861,  2.107, 353.408, -0.001,  0.001, -0.002
195171.0, 2270, 35.16478055, 136.88551710, 41.646, -3810511.640, 3567620.817, 3652850.794, -1.860,  2.106, 353.409,  0.001,  0.001, -0.002
195171.2, 2270, 35.16478055, 136.88551710, 41.646, -3810511.640, 3567620.817, 3652850.794, -1.860,  2.106, 353.409, -0.000,  0.003, -0.002
195171.4, 2270, 35.16478055, 136.88551710, 41.646, -3810511.640, 3567620.817, 3652850.794, -1.861,  2.106, 353.408,  0.001,  0.001, -0.001
195171.6, 2270, 35.16478055, 136.88551710, 41.646, -3810511.640, 3567620.817, 3652850.794, -1.861,  2.106, 353.408,  0.000,  0.002, -0.001
195171.8, 2270, 35.16478055, 136.88551710, 41.646, -3810511.640, 3567620.817, 3652850.794, -1.862,  2.106, 353.408,  0.001,  0.002, -0.001
195172.0, 2270, 35.16478055, 136.88551710, 41.646, -3810511.640, 3567620.817, 3652850.794, -1.860,  2.106, 353.409,  0.001,  0.001, -0.001
195172.2, 2270, 35.16478055, 136.88551710, 41.646, -3810511.640, 3567620.817, 3652850.794, -1.865,  2.104, 353.409, -0.000, -0.000, -0.002
195172.4, 2270, 35.16478055, 136.88551710, 41.646, -3810511.640, 3567620.817, 3652850.794, -1.864,  2.105, 353.409,  0.001,  0.002, -0.001
195172.6, 2270, 35.16478055, 136.88551710, 41.646, -3810511.640, 3567620.817, 3652850.794, -1.864,  2.106, 353.410, -0.001,  0.001, -0.001
195172.8, 2270, 35.16478055, 136.88551710, 41.646, -3810511.640, 3567620.817, 3652850.794, -1.864,  2.106, 353.409,  0.003,  0.000, -0.000
195173.0, 2270, 35.16478055, 136.88551710, 41.646, -3810511.640, 3567620.817, 3652850.794, -1.860,  2.105, 353.408, -0.001,  0.001, -0.002
195173.2, 2270, 35.16478055, 136.88551710, 41.646, -3810511.640, 3567620.817, 3652850.794, -1.865,  2.105, 353.409,  0.002,  0.001, -0.001
195173.4, 2270, 35.16478055, 136.88551710, 41.646, -3810511.640, 3567620.817, 3652850.794, -1.856,  2.106, 353.406,  0.002,  0.001, -0.002
195173.6, 2270, 35.16478055, 136.88551710, 41.646, -3810511.640, 3567620.817, 3652850.794, -1.871,  2.102, 353.408,  0.001,  0.000, -0.002
195173.8, 2270, 35.16478055, 136.88551710, 41.646, -3810511.640, 3567620.817, 3652850.794, -1.864,  2.104, 353.410,  0.005,  0.004,  0.000
195174.0, 2270, 35.16478055, 136.88551710, 41.646, -3810511.640, 3567620.817, 3652850.794, -1.855,  2.104, 353.406,  0.001, -0.002, -0.002
195174.2, 2270, 35.16478055, 136.88551710, 41.646, -3810511.640, 3567620.817, 3652850.794, -1.863,  2.106, 353.409,  0.001,  0.002, -0.001
195174.4, 2270, 35.16478055, 136.88551710, 41.646, -3810511.640, 3567620.817, 3652850.794, -1.859,  2.106, 353.409,  0.003,  0.001, -0.003
195174.6, 2270, 35.16478055, 136.88551710, 41.646, -3810511.640, 3567620.817, 3652850.794, -1.857,  2.100, 353.407,  0.001, -0.000, -0.003
195174.8, 2270, 35.16478055, 136.88551710, 41.646, -3810511.640, 3567620.817, 3652850.794, -1.860,  2.104, 353.411,  0.003,  0.003, -0.001
195175.0, 2270, 35.16478055, 136.88551710, 41.646, -3810511.640, 3567620.817, 3652850.794, -1.856,  2.103, 353.408,  0.003, -0.000, -0.003
195175.2, 2270, 35.16478055, 136.88551710, 41.646, -3810511.640, 3567620.817, 3652850.794, -1.858,  2.103, 353.409,  0.004,  0.003, -0.001
195175.4, 2270, 35.16478055, 136.88551710, 41.646, -3810511.640, 3567620.817, 3652850.794, -1.857,  2.104, 353.410,  0.004,  0.000, -0.004
195175.6, 2270, 35.16478055, 136.88551710, 41.646, -3810511.640, 3567620.817, 3652850.794, -1.856,  2.101, 353.410,  0.004, -0.001, -0.000
195175.8, 2270, 35.16478055, 136.88551710, 41.646, -3810511.640, 3567620.817, 3652850.794, -1.859,  2.104, 353.412,  0.006,  0.003, -0.002
195176.0, 2270, 35.16478055, 136.88551710, 41.646, -3810511.640, 3567620.817, 3652850.794, -1.853,  2.103, 353.410,  0.004, -0.001, -0.003
195176.2, 2270, 35.16478055, 136.88551710, 41.646, -3810511.640, 3567620.817, 3652850.794, -1.858,  2.102, 353.409,  0.005,  0.000, -0.002
195176.4, 2270, 35.16478055, 136.88551710, 41.646, -3810511.640, 3567620.817, 3652850.794, -1.857,  2.103, 353.410,  0.006,  0.001, -0.005
195176.6, 2270, 35.16478055, 136.88551710, 41.646, -3810511.640, 3567620.817, 3652850.794, -1.856,  2.103, 353.408,  0.003,  0.000, -0.003
195176.8, 2270, 35.16478055, 136.88551710, 41.646, -3810511.640, 3567620.817, 3652850.794, -1.859,  2.106, 353.408,  0.006,  0.002, -0.003
195177.0, 2270, 35.16478055, 136.88551710, 41.646, -3810511.640, 3567620.817, 3652850.794, -1.855,  2.105, 353.409,  0.007,  0.000, -0.005
195177.2, 2270, 35.16478055, 136.88551710, 41.646, -3810511.640, 3567620.817, 3652850.794, -1.861,  2.103, 353.408,  0.004,  0.001, -0.005
195177.4, 2270, 35.16478055, 136.88551710, 41.646, -3810511.640, 3567620.817, 3652850.794, -1.860,  2.105, 353.410,  0.007,  0.000, -0.004
195177.6, 2270, 35.16478055, 136.88551710, 41.646, -3810511.640, 3567620.817, 3652850.794, -1.858,  2.102, 353.410,  0.004,  0.003, -0.005
195177.8, 2270, 35.16478055, 136.88551710, 41.646, -3810511.640, 3567620.817, 3652850.794, -1.860,  2.104, 353.408,  0.006, -0.001, -0.004
195178.0, 2270, 35.16478055, 136.88551710, 41.646, -3810511.640, 3567620.817, 3652850.794, -1.858,  2.102, 353.409,  0.005,  0.001, -0.004
195178.2, 2270, 35.16478055, 136.88551710, 41.646, -3810511.640, 3567620.817, 3652850.794, -1.861,  2.103, 353.410,  0.004, -0.000, -0.006
195178.4, 2270, 35.16478055, 136.88551710, 41.646, -3810511.640, 3567620.817, 3652850.794, -1.857,  2.101, 353.409,  0.005,  0.002, -0.005
195178.6, 2270, 35.16478055, 136.88551710, 41.646, -3810511.640, 3567620.817, 3652850.794, -1.858,  2.103, 353.410,  0.004,  0.000, -0.004
195178.8, 2270, 35.16478055, 136.88551710, 41.646, -3810511.640, 3567620.817, 3652850.794, -1.857,  2.101, 353.410,  0.006,  0.001, -0.004
195179.0, 2270, 35.16478055, 136.88551710, 41.646, -3810511.640, 3567620.817, 3652850.794, -1.859,  2.103, 353.410,  0.004,  0.000, -0.004
195179.2, 2270, 35.16478055, 136.88551710, 41.646, -3810511.640, 3567620.817, 3652850.794, -1.858,  2.102, 353.408,  0.004, -0.000, -0.004
195179.4, 2270, 35.16478055, 136.88551710, 41.646, -3810511.640, 3567620.817, 3652850.794, -1.858,  2.101, 353.410,  0.004,  0.001, -0.004
195179.6, 2270, 35.16478055, 136.88551710, 41.646, -3810511.640, 3567620.817, 3652850.794, -1.858,  2.101, 353.409,  0.004,  0.001, -0.005
195179.8, 2270, 35.16478055, 136.88551710, 41.646, -3810511.640, 3567620.817, 3652850.794, -1.856,  2.101, 353.409,  0.002,  0.002, -0.004
195180.0, 2270, 35.16478055, 136.88551710, 41.646, -3810511.640, 3567620.817, 3652850.794, -1.858,  2.102, 353.410,  0.002,  0.001, -0.004
195180.2, 2270, 35.16478055, 136.88551710, 41.646, -3810511.640, 3567620.817, 3652850.794, -1.856,  2.102, 353.410,  0.004,  0.002, -0.003
195180.4, 2270, 35.16478055, 136.88551710, 41.646, -3810511.640, 3567620.817, 3652850.794, -1.856,  2.104, 353.409,  0.001,  0.001, -0.004
195180.6, 2270, 35.16478055, 136.88551710, 41.646, -3810511.640, 3567620.817, 3652850.794, -1.856,  2.104, 353.409,  0.003,  0.002, -0.004
195180.8, 2270, 35.16478055, 136.88551710, 41.646, -3810511.640, 3567620.817, 3652850.794, -1.856,  2.104, 353.408,  0.001,  0.001, -0.004
195181.0, 2270, 35.16478055, 136.88551710, 41.646, -3810511.640, 3567620.817, 3652850.794, -1.858,  2.103, 353.407,  0.004,  0.001, -0.003
195181.2, 2270, 35.16478055, 136.88551710, 41.646, -3810511.640, 3567620.817, 3652850.794, -1.858,  2.103, 353.407,  0.003,  0.003, -0.005
195181.4, 2270, 35.16478055, 136.88551710, 41.646, -3810511.640, 3567620.817, 3652850.794, -1.857,  2.103, 353.406,  0.003,  0.001, -0.003
195181.6, 2270, 35.16478055, 136.88551710, 41.646, -3810511.640, 3567620.817, 3652850.794, -1.859,  2.105, 353.407,  0.002,  0.002, -0.003
195181.8, 2270, 35.16478055, 136.88551710, 41.646, -3810511.640, 3567620.817, 3652850.794, -1.860,  2.104, 353.406,  0.004,  0.000, -0.005
195182.0, 2270, 35.16478055, 136.88551710, 41.646, -3810511.640, 3567620.817, 3652850.794, -1.858,  2.103, 353.405,  0.003,  0.001, -0.002
195182.2, 2270, 35.16478055, 136.88551710, 41.646, -3810511.640, 3567620.817, 3652850.794, -1.862,  2.104, 353.405,  0.005,  0.001, -0.004
195182.4, 2270, 35.16478055, 136.88551710, 41.646, -3810511.640, 3567620.817, 3652850.794, -1.855,  2.101, 353.404,  0.004,  0.001, -0.004
195182.6, 2270, 35.16478055, 136.88551710, 41.646, -3810511.640, 3567620.817, 3652850.794, -1.860,  2.105, 353.406,  0.003,  0.001, -0.003
195182.8, 2270, 35.16478055, 136.88551710, 41.646, -3810511.640, 3567620.817, 3652850.794, -1.861,  2.105, 353.404,  0.004, -0.001, -0.004
195183.0, 2270, 35.16478055, 136.88551710, 41.646, -3810511.640, 3567620.817, 3652850.794, -1.859,  2.103, 353.405,  0.002,  0.001, -0.004
195183.2, 2270, 35.16478055, 136.88551710, 41.646, -3810511.640, 3567620.817, 3652850.794, -1.860,  2.105, 353.404,  0.003, -0.000, -0.003
195183.4, 2270, 35.16478055, 136.88551710, 41.646, -3810511.640, 3567620.817, 3652850.794, -1.858,  2.101, 353.403,  0.004,  0.001, -0.004
195183.6, 2270, 35.16478055, 136.88551710, 41.646, -3810511.640, 3567620.817, 3652850.794, -1.858,  2.104, 353.403,  0.002,  0.001, -0.004
195183.8, 2270, 35.16478055, 136.88551710, 41.646, -3810511.640, 3567620.817, 3652850.794, -1.859,  2.102, 353.402,  0.003, -0.000, -0.003
195184.0, 2270, 35.16478055, 136.88551710, 41.646, -3810511.640, 3567620.817, 3652850.794, -1.857,  2.104, 353.402,  0.002,  0.001, -0.004
195184.2, 2270, 35.16478055, 136.88551710, 41.646, -3810511.640, 3567620.817, 3652850.794, -1.860,  2.101, 353.402,  0.003,  0.001, -0.004
195184.4, 2270, 35.16478055, 136.88551710, 41.646, -3810511.640, 3567620.817, 3652850.794, -1.857,  2.102, 353.401,  0.002,  0.001, -0.003
195184.6, 2270, 35.16478055, 136.88551710, 41.646, -3810511.640, 3567620.817, 3652850.794, -1.860,  2.103, 353.403,  0.003,  0.000, -0.003
195184.8, 2270, 35.16478055, 136.88551710, 41.646, -3810511.640, 3567620.817, 3652850.794, -1.856,  2.103, 353.401,  0.003,  0.001, -0.003
195185.0, 2270, 35.16478055, 136.88551710, 41.646, -3810511.640, 3567620.817, 3652850.794, -1.863,  2.101, 353.402,  0.001,  0.002, -0.005
195185.2, 2270, 35.16478055, 136.88551710, 41.646, -3810511.640, 3567620.817, 3652850.794, -1.870,  2.098, 353.401,  0.002,  0.001, -0.002
195185.4, 2270, 35.16478055, 136.88551710, 41.646, -3810511.640, 3567620.817, 3652850.794, -1.858,  2.103, 353.399,  0.005,  0.003, -0.001
195185.6, 2270, 35.16478055, 136.88551710, 41.646, -3810511.640, 3567620.817, 3652850.794, -1.858,  2.100, 353.399, -0.001,  0.000, -0.005
195185.8, 2270, 35.16478055, 136.88551710, 41.646, -3810511.640, 3567620.817, 3652850.794, -1.861,  2.102, 353.401,  0.005,  0.002, -0.001
195186.0, 2270, 35.16478055, 136.88551710, 41.646, -3810511.640, 3567620.817, 3652850.794, -1.855,  2.102, 353.399,  0.000,  0.002, -0.002
195186.2, 2270, 35.16478055, 136.88551710, 41.646, -3810511.640, 3567620.817, 3652850.794, -1.858,  2.102, 353.398, -0.000, -0.000, -0.003
195186.4, 2270, 35.16478055, 136.88551710, 41.646, -3810511.640, 3567620.817, 3652850.794, -1.855,  2.101, 353.400,  0.001,  0.001, -0.003
195186.6, 2270, 35.16478055, 136.88551710, 41.646, -3810511.640, 3567620.817, 3652850.794, -1.858,  2.101, 353.401, -0.002,  0.002, -0.005
195186.8, 2270, 35.16478055, 136.88551710, 41.646, -3810511.640, 3567620.817, 3652850.794, -1.861,  2.102, 353.399, -0.000,  0.001, -0.004
195187.0, 2270, 35.16478055, 136.88551710, 41.646, -3810511.640, 3567620.817, 3652850.794, -1.862,  2.102, 353.398, -0.002,  0.003, -0.004
195187.2, 2270, 35.16478055, 136.88551710, 41.646, -3810511.640, 3567620.817, 3652850.794, -1.858,  2.102, 353.400,  0.003, -0.001, -0.002
195187.4, 2270, 35.16478055, 136.88551710, 41.646, -3810511.640, 3567620.817, 3652850.794, -1.858,  2.104, 353.401, -0.003,  0.004, -0.003
195187.6, 2270, 35.16478055, 136.88551710, 41.646, -3810511.640, 3567620.817, 3652850.794, -1.858,  2.106, 353.398,  0.002, -0.000, -0.004
195187.8, 2270, 35.16478055, 136.88551710, 41.646, -3810511.640, 3567620.817, 3652850.794, -1.858,  2.101, 353.397, -0.001, -0.000, -0.003
195188.0, 2270, 35.16478055, 136.88551710, 41.646, -3810511.640, 3567620.817, 3652850.794, -1.862,  2.103, 353.399,  0.002,  0.004, -0.004
195188.2, 2270, 35.16478055, 136.88551710, 41.646, -3810511.640, 3567620.817, 3652850.794, -1.859,  2.102, 353.397,  0.000,  0.001, -0.004
195188.4, 2270, 35.16478055, 136.88551710, 41.646, -3810511.640, 3567620.817, 3652850.794, -1.865,  2.104, 353.398,  0.002,  0.001, -0.001
195188.6, 2270, 35.16478055, 136.88551710, 41.646, -3810511.640, 3567620.817, 3652850.794, -1.863,  2.104, 353.396,  0.001,  0.001, -0.005
195188.8, 2270, 35.16478055, 136.88551710, 41.646, -3810511.640, 3567620.817, 3652850.794, -1.860,  2.103, 353.397,  0.000,  0.004, -0.002
195189.0, 2270, 35.16478055, 136.88551710, 41.646, -3810511.640, 3567620.817, 3652850.794, -1.860,  2.103, 353.394,  0.003,  0.000, -0.004
195189.2, 2270, 35.16478055, 136.88551710, 41.646, -3810511.640, 3567620.817, 3652850.794, -1.857,  2.101, 353.397,  0.001,  0.002, -0.004
195189.4, 2270, 35.16478055, 136.88551710, 41.646, -3810511.640, 3567620.817, 3652850.794, -1.863,  2.105, 353.397, -0.002,  0.002, -0.005
195189.6, 2270, 35.16478055, 136.88551710, 41.646, -3810511.640, 3567620.817, 3652850.794, -1.863,  2.103, 353.397,  0.003, -0.000, -0.003
195189.8, 2270, 35.16478055, 136.88551710, 41.646, -3810511.640, 3567620.817, 3652850.794, -1.866,  2.104, 353.398,  0.001,  0.001, -0.004
195190.0, 2270, 35.16478055, 136.88551710, 41.646, -3810511.640, 3567620.817, 3652850.794, -1.862,  2.104, 353.396,  0.003,  0.002, -0.006
195190.2, 2270, 35.16478055, 136.88551710, 41.646, -3810511.640, 3567620.817, 3652850.794, -1.867,  2.104, 353.396, -0.000,  0.002, -0.006
195190.4, 2270, 35.16478055, 136.88551710, 41.646, -3810511.640, 3567620.817, 3652850.794, -1.871,  2.104, 353.396,  0.003, -0.001, -0.004
195190.6, 2270, 35.16478055, 136.88551710, 41.646, -3810511.640, 3567620.817, 3652850.794, -1.864,  2.101, 353.396,  0.003,  0.002, -0.004
195190.8, 2270, 35.16478055, 136.88551710, 41.646, -3810511.640, 3567620.817, 3652850.794, -1.863,  2.105, 353.396,  0.002,  0.004, -0.004
195191.0, 2270, 35.16478055, 136.88551710, 41.646, -3810511.640, 3567620.817, 3652850.794, -1.864,  2.104, 353.395,  0.005, -0.001, -0.005
195191.2, 2270, 35.16478055, 136.88551710, 41.646, -3810511.640, 3567620.817, 3652850.794, -1.860,  2.101, 353.396,  0.005,  0.001, -0.004
195191.4, 2270, 35.16478055, 136.88551710, 41.646, -3810511.640, 3567620.817, 3652850.794, -1.860,  2.101, 353.396,  0.005,  0.001, -0.005
195191.6, 2270, 35.16478055, 136.88551710, 41.646, -3810511.640, 3567620.817, 3652850.794, -1.857,  2.101, 353.395,  0.005,  0.003, -0.005
195191.8, 2270, 35.16478055, 136.88551710, 41.646, -3810511.640, 3567620.817, 3652850.794, -1.857,  2.103, 353.394,  0.005,  0.001, -0.005
195192.0, 2270, 35.16478055, 136.88551710, 41.646, -3810511.640, 3567620.817, 3652850.794, -1.856,  2.101, 353.396,  0.006,  0.001, -0.005
195192.2, 2270, 35.16478055, 136.88551710, 41.646, -3810511.640, 3567620.817, 3652850.794, -1.855,  2.103, 353.395,  0.007,  0.001, -0.004
195192.4, 2270, 35.16478055, 136.88551710, 41.646, -3810511.640, 3567620.817, 3652850.794, -1.855,  2.102, 353.394,  0.005,  0.000, -0.005
195192.6, 2270, 35.16478055, 136.88551710, 41.646, -3810511.640, 3567620.817, 3652850.794, -1.855,  2.101, 353.395,  0.007,  0.002, -0.005
195192.8, 2270, 35.16478055, 136.88551710, 41.646, -3810511.640, 3567620.817, 3652850.794, -1.854,  2.101, 353.395,  0.005,  0.001, -0.005
195193.0, 2270, 35.16478055, 136.88551710, 41.646, -3810511.640, 3567620.817, 3652850.794, -1.857,  2.102, 353.394,  0.006,  0.002, -0.005
195193.2, 2270, 35.16478055, 136.88551710, 41.646, -3810511.640, 3567620.817, 3652850.794, -1.857,  2.101, 353.393,  0.009,  0.001, -0.005
195193.4, 2270, 35.16478055, 136.88551710, 41.646, -3810511.640, 3567620.817, 3652850.794, -1.855,  2.100, 353.393,  0.008,  0.002, -0.005
195193.6, 2270, 35.16478055, 136.88551710, 41.646, -3810511.640, 3567620.817, 3652850.794, -1.856,  2.102, 353.393,  0.008,  0.000, -0.005
195193.8, 2270, 35.16478055, 136.88551710, 41.646, -3810511.640, 3567620.817, 3652850.794, -1.858,  2.100, 353.392,  0.008,  0.001, -0.005
195194.0, 2270, 35.16478055, 136.88551710, 41.646, -3810511.640, 3567620.817, 3652850.794, -1.856,  2.101, 353.392,  0.008,  0.002, -0.005
195194.2, 2270, 35.16478055, 136.88551710, 41.646, -3810511.640, 3567620.817, 3652850.794, -1.857,  2.100, 353.391,  0.009,  0.001, -0.006
195194.4, 2270, 35.16478055, 136.88551710, 41.646, -3810511.640, 3567620.817, 3652850.794, -1.855,  2.101, 353.392,  0.008,  0.001, -0.005
195194.6, 2270, 35.16478055, 136.88551710, 41.646, -3810511.640, 3567620.817, 3652850.794, -1.855,  2.101, 353.392,  0.009,  0.001, -0.005
195194.8, 2270, 35.16478055, 136.88551710, 41.646, -3810511.640, 3567620.817, 3652850.794, -1.855,  2.101, 353.392,  0.010,  0.003, -0.006
195195.0, 2270, 35.16478055, 136.88551710, 41.646, -3810511.640, 3567620.817, 3652850.794, -1.856,  2.102, 353.393,  0.008, -0.000, -0.006
195195.2, 2270, 35.16478055, 136.88551710, 41.646, -3810511.640, 3567620.817, 3652850.794, -1.857,  2.100, 353.392,  0.009,  0.000, -0.006
195195.4, 2270, 35.16478055, 136.88551710, 41.646, -3810511.640, 3567620.817, 3652850.794, -1.858,  2.102, 353.391,  0.009,  0.000, -0.006
195195.6, 2270, 35.16478055, 136.88551710, 41.646, -3810511.640, 3567620.817, 3652850.794, -1.856,  2.099, 353.391,  0.009,  0.001, -0.006
195195.8, 2270, 35.16478055, 136.88551710, 41.646, -3810511.640, 3567620.817, 3652850.794, -1.857,  2.099, 353.390,  0.010,  0.001, -0.005
195196.0, 2270, 35.16478055, 136.88551710, 41.646, -3810511.640, 3567620.817, 3652850.794, -1.854,  2.099, 353.392,  0.010,  0.001, -0.004
195196.2, 2270, 35.16478055, 136.88551710, 41.646, -3810511.640, 3567620.817, 3652850.794, -1.856,  2.099, 353.393,  0.008,  0.002, -0.005
195196.4, 2270, 35.16478055, 136.88551710, 41.646, -3810511.640, 3567620.817, 3652850.794, -1.858,  2.099, 353.393,  0.010, -0.000, -0.004
195196.6, 2270, 35.16478055, 136.88551710, 41.646, -3810511.640, 3567620.817, 3652850.794, -1.856,  2.100, 353.394,  0.009,  0.002, -0.005
195196.8, 2270, 35.16478055, 136.88551710, 41.646, -3810511.640, 3567620.817, 3652850.794, -1.861,  2.100, 353.396,  0.009,  0.001, -0.007
195197.0, 2270, 35.16478055, 136.88551710, 41.646, -3810511.640, 3567620.817, 3652850.794, -1.856,  2.097, 353.396,  0.009,  0.000, -0.004
195197.2, 2270, 35.16478055, 136.88551710, 41.646, -3810511.640, 3567620.817, 3652850.794, -1.858,  2.098, 353.395,  0.006,  0.002, -0.004
195197.4, 2270, 35.16478055, 136.88551710, 41.646, -3810511.640, 3567620.817, 3652850.794, -1.858,  2.097, 353.397,  0.007,  0.001, -0.005
195197.6, 2270, 35.16478055, 136.88551710, 41.646, -3810511.640, 3567620.817, 3652850.794, -1.858,  2.098, 353.397,  0.007,  0.003, -0.003
195197.8, 2270, 35.16478055, 136.88551710, 41.646, -3810511.640, 3567620.817, 3652850.794, -1.859,  2.100, 353.396,  0.005,  0.000, -0.004
195198.0, 2270, 35.16478055, 136.88551710, 41.646, -3810511.640, 3567620.817, 3652850.794, -1.859,  2.098, 353.397,  0.007,  0.001, -0.004
195198.2, 2270, 35.16478055, 136.88551710, 41.646, -3810511.640, 3567620.817, 3652850.794, -1.859,  2.100, 353.396,  0.005,  0.001, -0.004
195198.4, 2270, 35.16478055, 136.88551710, 41.646, -3810511.640, 3567620.817, 3652850.794, -1.861,  2.098, 353.397,  0.005,  0.001, -0.005
195198.6, 2270, 35.16478055, 136.88551710, 41.646, -3810511.640, 3567620.817, 3652850.794, -1.859,  2.100, 353.397,  0.006,  0.002, -0.003
195198.8, 2270, 35.16478055, 136.88551710, 41.646, -3810511.640, 3567620.817, 3652850.794, -1.858,  2.100, 353.397,  0.004,  0.001, -0.004
195199.0, 2270, 35.16478055, 136.88551710, 41.646, -3810511.640, 3567620.817, 3652850.794, -1.861,  2.100, 353.396,  0.003,  0.002, -0.005
195199.2, 2270, 35.16478055, 136.88551710, 41.646, -3810511.640, 3567620.817, 3652850.794, -1.860,  2.100, 353.398,  0.004,  0.001, -0.002
195199.4, 2270, 35.16478055, 136.88551710, 41.646, -3810511.640, 3567620.817, 3652850.794, -1.859,  2.099, 353.398,  0.004,  0.002, -0.002
195199.6, 2270, 35.16478055, 136.88551710, 41.646, -3810511.640, 3567620.817, 3652850.794, -1.859,  2.100, 353.398,  0.003,  0.000, -0.003
195199.8, 2270, 35.16478055, 136.88551710, 41.646, -3810511.640, 3567620.817, 3652850.794, -1.856,  2.099, 353.398,  0.004,  0.002, -0.001
195200.0, 2270, 35.16478055, 136.88551710, 41.646, -3810511.640, 3567620.817, 3652850.794, -1.856,  2.100, 353.397,  0.001,  0.001, -0.003
195200.2, 2270, 35.16478055, 136.88551710, 41.646, -3810511.640, 3567620.817, 3652850.794, -1.859,  2.099, 353.397,  0.004,  0.001, -0.002
195200.4, 2270, 35.16478055, 136.88551710, 41.646, -3810511.640, 3567620.817, 3652850.794, -1.854,  2.099, 353.397,  0.004,  0.001, -0.001
195200.6, 2270, 35.16478055, 136.88551710, 41.646, -3810511.640, 3567620.817, 3652850.794, -1.857,  2.100, 353.397,  0.002,  0.002, -0.002
195200.8, 2270, 35.16478055, 136.88551710, 41.646, -3810511.640, 3567620.817, 3652850.794, -1.858,  2.100, 353.397,  0.003,  0.003, -0.002
195201.0, 2270, 35.16478055, 136.88551710, 41.646, -3810511.640, 3567620.817, 3652850.794, -1.857,  2.099, 353.397,  0.002, -0.000, -0.003
195201.2, 2270, 35.16478055, 136.88551710, 41.646, -3810511.640, 3567620.817, 3652850.794, -1.860,  2.097, 353.398,  0.002,  0.003, -0.000
195201.4, 2270, 35.16478055, 136.88551710, 41.646, -3810511.640, 3567620.817, 3652850.794, -1.857,  2.101, 353.399,  0.004,  0.001, -0.002
195201.6, 2270, 35.16478055, 136.88551710, 41.646, -3810511.640, 3567620.817, 3652850.794, -1.856,  2.099, 353.397,  0.003,  0.002, -0.002
195201.8, 2270, 35.16478055, 136.88551710, 41.646, -3810511.640, 3567620.817, 3652850.794, -1.857,  2.101, 353.398,  0.004,  0.001, -0.001
195202.0, 2270, 35.16478055, 136.88551710, 41.646, -3810511.640, 3567620.817, 3652850.794, -1.857,  2.099, 353.399,  0.002,  0.003, -0.001
195202.2, 2270, 35.16478055, 136.88551710, 41.646, -3810511.640, 3567620.817, 3652850.794, -1.857,  2.100, 353.397,  0.002, -0.000, -0.001
195202.4, 2270, 35.16478055, 136.88551710, 41.646, -3810511.640, 3567620.817, 3652850.794, -1.859,  2.099, 353.398,  0.002,  0.002, -0.001
195202.6, 2270, 35.16478055, 136.88551710, 41.646, -3810511.640, 3567620.817, 3652850.794, -1.857,  2.101, 353.398,  0.002,  0.002, -0.001
195202.8, 2270, 35.16478055, 136.88551710, 41.646, -3810511.640, 3567620.817, 3652850.794, -1.859,  2.100, 353.398,  0.002,  0.001, -0.001
195203.0, 2270, 35.16478055, 136.88551710, 41.646, -3810511.640, 3567620.817, 3652850.794, -1.859,  2.101, 353.400,  0.003,  0.001, -0.000
195203.2, 2270, 35.16478055, 136.88551710, 41.646, -3810511.640, 3567620.817, 3652850.794, -1.859,  2.101, 353.399, -0.000,  0.001, -0.001
195203.4, 2270, 35.16478055, 136.88551710, 41.646, -3810511.640, 3567620.817, 3652850.794, -1.860,  2.102, 353.398, -0.000,  0.000, -0.000
195203.6, 2270, 35.16478055, 136.88551710, 41.646, -3810511.640, 3567620.817, 3652850.794, -1.859,  2.103, 353.399, -0.000,  0.001, -0.001
195203.8, 2270, 35.16478055, 136.88551710, 41.646, -3810511.640, 3567620.817, 3652850.794, -1.860,  2.103, 353.398, -0.001,  0.001, -0.001
195204.0, 2270, 35.16478055, 136.88551710, 41.646, -3810511.640, 3567620.817, 3652850.794, -1.858,  2.103, 353.398,  0.001,  0.002, -0.000
195204.2, 2270, 35.16478055, 136.88551710, 41.646, -3810511.640, 3567620.817, 3652850.794, -1.857,  2.104, 353.397,  0.000,  0.001, -0.000
195204.4, 2270, 35.16478055, 136.88551710, 41.646, -3810511.640, 3567620.817, 3652850.794, -1.857,  2.102, 353.398,  0.001, -0.000, -0.000
195204.6, 2270, 35.16478055, 136.88551710, 41.646, -3810511.640, 3567620.817, 3652850.794, -1.856,  2.102, 353.399, -0.000,  0.001,  0.000
195204.8, 2270, 35.16478055, 136.88551710, 41.646, -3810511.640, 3567620.817, 3652850.794, -1.857,  2.104, 353.399,  0.000,  0.001, -0.001
195205.0, 2270, 35.16478055, 136.88551710, 41.646, -3810511.640, 3567620.817, 3652850.794, -1.859,  2.101, 353.398, -0.000,  0.002, -0.002
195205.2, 2270, 35.16478055, 136.88551710, 41.646, -3810511.640, 3567620.817, 3652850.794, -1.859,  2.104, 353.399,  0.000,  0.000, -0.000
195205.4, 2270, 35.16478055, 136.88551710, 41.646, -3810511.640, 3567620.817, 3652850.794, -1.859,  2.105, 353.397,  0.001,  0.000, -0.001
195205.6, 2270, 35.16478055, 136.88551710, 41.646, -3810511.640, 3567620.817, 3652850.794, -1.854,  2.102, 353.399,  0.004,  0.001, -0.001
195205.8, 2270, 35.16478055, 136.88551710, 41.646, -3810511.640, 3567620.817, 3652850.794, -1.855,  2.101, 353.399,  0.000,  0.000, -0.002
195206.0, 2270, 35.16478055, 136.88551710, 41.646, -3810511.640, 3567620.817, 3652850.794, -1.858,  2.102, 353.398,  0.002,  0.000, -0.001
195206.2, 2270, 35.16478055, 136.88551710, 41.646, -3810511.640, 3567620.817, 3652850.794, -1.861,  2.101, 353.399,  0.001,  0.000, -0.002
195206.4, 2270, 35.16478055, 136.88551710, 41.646, -3810511.640, 3567620.817, 3652850.794, -1.856,  2.102, 353.398,  0.005,  0.001,  0.000
195206.6, 2270, 35.16478055, 136.88551710, 41.646, -3810511.640, 3567620.817, 3652850.794, -1.856,  2.101, 353.397,  0.002, -0.000, -0.002
195206.8, 2270, 35.16478055, 136.88551710, 41.646, -3810511.640, 3567620.817, 3652850.794, -1.860,  2.102, 353.398,  0.002,  0.001, -0.002
195207.0, 2270, 35.16478055, 136.88551710, 41.646, -3810511.640, 3567620.817, 3652850.794, -1.854,  2.101, 353.396,  0.005,  0.001, -0.001
195207.2, 2270, 35.16478055, 136.88551710, 41.646, -3810511.640, 3567620.817, 3652850.794, -1.860,  2.102, 353.397,  0.002,  0.001, -0.002
195207.4, 2270, 35.16478055, 136.88551710, 41.646, -3810511.640, 3567620.817, 3652850.794, -1.858,  2.100, 353.397,  0.005,  0.000, -0.002
195207.6, 2270, 35.16478055, 136.88551710, 41.646, -3810511.640, 3567620.817, 3652850.794, -1.858,  2.102, 353.397,  0.004,  0.001, -0.002
195207.8, 2270, 35.16478055, 136.88551710, 41.646, -3810511.640, 3567620.817, 3652850.794, -1.859,  2.102, 353.398,  0.006, -0.002, -0.001
195208.0, 2270, 35.16478055, 136.88551710, 41.646, -3810511.640, 3567620.817, 3652850.794, -1.856,  2.101, 353.398,  0.005, -0.000, -0.001
195208.2, 2270, 35.16478055, 136.88551710, 41.646, -3810511.640, 3567620.817, 3652850.794, -1.858,  2.101, 353.398,  0.007,  0.001, -0.002
195208.4, 2270, 35.16478055, 136.88551710, 41.646, -3810511.640, 3567620.817, 3652850.794, -1.855,  2.101, 353.398,  0.007,  0.001, -0.002
195208.6, 2270, 35.16478055, 136.88551710, 41.646, -3810511.640, 3567620.817, 3652850.794, -1.857,  2.102, 353.398,  0.006,  0.002, -0.002
195208.8, 2270, 35.16478055, 136.88551710, 41.646, -3810511.640, 3567620.817, 3652850.794, -1.854,  2.102, 353.398,  0.006,  0.001, -0.002
195209.0, 2270, 35.16478055, 136.88551710, 41.646, -3810511.640, 3567620.817, 3652850.794, -1.854,  2.101, 353.398,  0.005, -0.001, -0.003
195209.2, 2270, 35.16478055, 136.88551710, 41.646, -3810511.640, 3567620.817, 3652850.794, -1.855,  2.101, 353.396,  0.009,  0.003, -0.001
195209.4, 2270, 35.16478055, 136.88551710, 41.646, -3810511.640, 3567620.817, 3652850.794, -1.853,  2.103, 353.397,  0.007,  0.000, -0.002
195209.6, 2270, 35.16478055, 136.88551710, 41.646, -3810511.640, 3567620.817, 3652850.794, -1.858,  2.101, 353.398,  0.008,  0.000, -0.002
195209.8, 2270, 35.16478055, 136.88551710, 41.646, -3810511.640, 3567620.817, 3652850.794, -1.855,  2.103, 353.395,  0.009,  0.002, -0.002
195210.0, 2270, 35.16478055, 136.88551710, 41.646, -3810511.640, 3567620.817, 3652850.794, -1.857,  2.102, 353.397,  0.007, -0.000, -0.003
195210.2, 2270, 35.16478055, 136.88551710, 41.646, -3810511.640, 3567620.817, 3652850.794, -1.860,  2.103, 353.399,  0.009, -0.001, -0.002
195210.4, 2270, 35.16478055, 136.88551710, 41.646, -3810511.640, 3567620.817, 3652850.794, -1.856,  2.101, 353.397,  0.008,  0.002, -0.002
195210.6, 2270, 35.16478055, 136.88551710, 41.646, -3810511.640, 3567620.817, 3652850.794, -1.861,  2.103, 353.400,  0.009,  0.000, -0.003
195210.8, 2270, 35.16478055, 136.88551710, 41.646, -3810511.640, 3567620.817, 3652850.794, -1.855,  2.101, 353.400,  0.011,  0.000, -0.001
195211.0, 2270, 35.16478055, 136.88551710, 41.646, -3810511.640, 3567620.817, 3652850.794, -1.859,  2.101, 353.397,  0.006, -0.001, -0.002
195211.2, 2270, 35.16478055, 136.88551710, 41.646, -3810511.640, 3567620.817, 3652850.794, -1.859,  2.101, 353.400,  0.012, -0.001, -0.002
195211.4, 2270, 35.16478055, 136.88551710, 41.646, -3810511.640, 3567620.817, 3652850.794, -1.857,  2.100, 353.400,  0.006, -0.001, -0.003
195211.6, 2270, 35.16478055, 136.88551710, 41.646, -3810511.640, 3567620.817, 3652850.794, -1.862,  2.103, 353.398,  0.011, -0.001, -0.001
195211.8, 2270, 35.16478055, 136.88551710, 41.646, -3810511.640, 3567620.817, 3652850.794, -1.858,  2.101, 353.398,  0.009, -0.001, -0.003
195212.0, 2270, 35.16478055, 136.88551710, 41.646, -3810511.640, 3567620.817, 3652850.794, -1.861,  2.102, 353.401,  0.008, -0.000, -0.002
195212.2, 2270, 35.16478055, 136.88551710, 41.646, -3810511.640, 3567620.817, 3652850.794, -1.859,  2.101, 353.398,  0.009, -0.001, -0.002
195212.4, 2270, 35.16478055, 136.88551710, 41.646, -3810511.640, 3567620.817, 3652850.794, -1.859,  2.101, 353.399,  0.009,  0.000, -0.003
195212.6, 2270, 35.16478055, 136.88551710, 41.646, -3810511.640, 3567620.817, 3652850.794, -1.861,  2.100, 353.399,  0.008, -0.001, -0.003
195212.8, 2270, 35.16478055, 136.88551710, 41.646, -3810511.640, 3567620.817, 3652850.794, -1.857,  2.099, 353.398,  0.008,  0.001, -0.003
195213.0, 2270, 35.16478055, 136.88551710, 41.646, -3810511.640, 3567620.817, 3652850.794, -1.860,  2.100, 353.400,  0.008, -0.001, -0.002
195213.2, 2270, 35.16478055, 136.88551710, 41.646, -3810511.640, 3567620.817, 3652850.794, -1.860,  2.097, 353.399,  0.007, -0.001, -0.001
195213.4, 2270, 35.16478055, 136.88551710, 41.646, -3810511.640, 3567620.817, 3652850.794, -1.859,  2.100, 353.399,  0.007, -0.002, -0.002
195213.6, 2270, 35.16478055, 136.88551710, 41.646, -3810511.640, 3567620.817, 3652850.794, -1.859,  2.095, 353.400,  0.007, -0.002, -0.002
195213.8, 2270, 35.16478055, 136.88551710, 41.646, -3810511.640, 3567620.817, 3652850.794, -1.857,  2.100, 353.400,  0.006, -0.001, -0.002
195214.0, 2270, 35.16478055, 136.88551710, 41.646, -3810511.640, 3567620.817, 3652850.794, -1.862,  2.095, 353.399,  0.005, -0.001, -0.003
195214.2, 2270, 35.16478055, 136.88551710, 41.646, -3810511.640, 3567620.817, 3652850.794, -1.858,  2.097, 353.400,  0.005,  0.000,  0.001
195214.4, 2270, 35.16478055, 136.88551710, 41.646, -3810511.640, 3567620.817, 3652850.794, -1.857,  2.096, 353.399,  0.001, -0.001, -0.001
195214.6, 2270, 35.16478055, 136.88551710, 41.646, -3810511.640, 3567620.817, 3652850.794, -1.860,  2.096, 353.399,  0.005, -0.000,  0.000
195214.8, 2270, 35.16478055, 136.88551710, 41.646, -3810511.640, 3567620.817, 3652850.794, -1.856,  2.096, 353.400,  0.005,  0.000,  0.001
195215.0, 2270, 35.16478055, 136.88551710, 41.646, -3810511.640, 3567620.817, 3652850.794, -1.859,  2.097, 353.399,  0.001, -0.000, -0.001
195215.2, 2270, 35.16478055, 136.88551710, 41.646, -3810511.640, 3567620.817, 3652850.794, -1.859,  2.096, 353.399,  0.002,  0.000,  0.001
195215.4, 2270, 35.16478055, 136.88551710, 41.646, -3810511.640, 3567620.817, 3652850.794, -1.857,  2.097, 353.399,  0.002, -0.001,  0.002
195215.6, 2270, 35.16478055, 136.88551710, 41.646, -3810511.640, 3567620.817, 3652850.794, -1.857,  2.096, 353.400, -0.000, -0.000, -0.000
195215.8, 2270, 35.16478055, 136.88551710, 41.646, -3810511.640, 3567620.817, 3652850.794, -1.856,  2.096, 353.398,  0.001, -0.000,  0.001
195216.0, 2270, 35.16478055, 136.88551710, 41.646, -3810511.640, 3567620.817, 3652850.794, -1.856,  2.094, 353.400,  0.001, -0.000,  0.001
195216.2, 2270, 35.16478055, 136.88551710, 41.646, -3810511.640, 3567620.817, 3652850.794, -1.856,  2.095, 353.401, -0.001,  0.000, -0.001
195216.4, 2270, 35.16478055, 136.88551710, 41.646, -3810511.640, 3567620.817, 3652850.794, -1.856,  2.096, 353.398,  0.000, -0.001,  0.000
195216.6, 2270, 35.16478055, 136.88551710, 41.646, -3810511.640, 3567620.817, 3652850.794, -1.856,  2.096, 353.400,  0.001,  0.001,  0.000
195216.8, 2270, 35.16478055, 136.88551710, 41.646, -3810511.640, 3567620.817, 3652850.794, -1.856,  2.097, 353.401,  0.001,  0.000, -0.000
195217.0, 2270, 35.16478055, 136.88551710, 41.646, -3810511.640, 3567620.817, 3652850.794, -1.856,  2.096, 353.401,  0.000, -0.000,  0.000
195217.2, 2270, 35.16478055, 136.88551710, 41.646, -3810511.640, 3567620.817, 3652850.794, -1.856,  2.098, 353.402, -0.000,  0.002, -0.002
195217.4, 2270, 35.16478055, 136.88551710, 41.646, -3810511.640, 3567620.817, 3652850.794, -1.861,  2.096, 353.402, -0.002, -0.001, -0.001
195217.6, 2270, 35.16478055, 136.88551710, 41.646, -3810511.640, 3567620.817, 3652850.794, -1.859,  2.097, 353.403,  0.000,  0.002, -0.001
195217.8, 2270, 35.16478055, 136.88551710, 41.646, -3810511.640, 3567620.817, 3652850.794, -1.854,  2.097, 353.403, -0.000, -0.000, -0.002
195218.0, 2270, 35.16478055, 136.88551710, 41.646, -3810511.640, 3567620.817, 3652850.794, -1.859,  2.097, 353.403, -0.000, -0.000,  0.001
195218.2, 2270, 35.16478055, 136.88551710, 41.646, -3810511.640, 3567620.817, 3652850.794, -1.854,  2.099, 353.403,  0.001,  0.000, -0.001
195218.4, 2270, 35.16478055, 136.88551710, 41.646, -3810511.640, 3567620.817, 3652850.794, -1.853,  2.098, 353.403, -0.001, -0.001, -0.001
195218.6, 2270, 35.16478055, 136.88551710, 41.646, -3810511.640, 3567620.817, 3652850.794, -1.853,  2.098, 353.404,  0.001,  0.001, -0.000
195218.8, 2270, 35.16478055, 136.88551710, 41.646, -3810511.640, 3567620.817, 3652850.794, -1.854,  2.097, 353.403,  0.000,  0.001, -0.002
195219.0, 2270, 35.16478055, 136.88551710, 41.646, -3810511.640, 3567620.817, 3652850.794, -1.853,  2.099, 353.404,  0.001,  0.000,  0.000
195219.2, 2270, 35.16478055, 136.88551710, 41.646, -3810511.640, 3567620.817, 3652850.794, -1.855,  2.096, 353.405, -0.001, -0.000, -0.001
195219.4, 2270, 35.16478055, 136.88551710, 41.646, -3810511.640, 3567620.817, 3652850.794, -1.857,  2.098, 353.406, -0.000,  0.002, -0.002
195219.6, 2270, 35.16478055, 136.88551710, 41.646, -3810511.640, 3567620.817, 3652850.794, -1.857,  2.097, 353.406, -0.001, -0.001, -0.001
195219.8, 2270, 35.16478055, 136.88551710, 41.646, -3810511.640, 3567620.817, 3652850.794, -1.858,  2.099, 353.406,  0.001,  0.001, -0.001
195220.0, 2270, 35.16478055, 136.88551710, 41.646, -3810511.640, 3567620.817, 3652850.794, -1.856,  2.098, 353.407, -0.001,  0.001, -0.002
195220.2, 2270, 35.16478055, 136.88551710, 41.646, -3810511.640, 3567620.817, 3652850.794, -1.857,  2.098, 353.406, -0.003,  0.000, -0.002
195220.4, 2270, 35.16478055, 136.88551710, 41.646, -3810511.640, 3567620.817, 3652850.794, -1.855,  2.097, 353.406, -0.001, -0.001, -0.002
195220.6, 2270, 35.16478055, 136.88551710, 41.646, -3810511.640, 3567620.817, 3652850.794, -1.855,  2.097, 353.406, -0.002,  0.001, -0.002
195220.8, 2270, 35.16478055, 136.88551710, 41.646, -3810511.640, 3567620.817, 3652850.794, -1.857,  2.097, 353.405, -0.001,  0.001, -0.001
195221.0, 2270, 35.16478055, 136.88551710, 41.646, -3810511.640, 3567620.817, 3652850.794, -1.856,  2.097, 353.407, -0.001, -0.000, -0.002
195221.2, 2270, 35.16478055, 136.88551710, 41.646, -3810511.640, 3567620.817, 3652850.794, -1.857,  2.095, 353.408, -0.002,  0.001, -0.002
195221.4, 2270, 35.16478055, 136.88551710, 41.646, -3810511.640, 3567620.817, 3652850.794, -1.855,  2.097, 353.406, -0.001,  0.000, -0.002
195221.6, 2270, 35.16478055, 136.88551710, 41.646, -3810511.640, 3567620.817, 3652850.794, -1.856,  2.098, 353.408, -0.001,  0.000, -0.002
195221.8, 2270, 35.16478055, 136.88551710, 41.646, -3810511.640, 3567620.817, 3652850.794, -1.855,  2.099, 353.409,  0.000,  0.001, -0.000
195222.0, 2270, 35.16478055, 136.88551710, 41.646, -3810511.640, 3567620.817, 3652850.794, -1.860,  2.098, 353.405, -0.002,  0.001,  0.001
195222.2, 2270, 35.16478055, 136.88551710, 41.646, -3810511.640, 3567620.817, 3652850.794, -1.860,  2.101, 353.409,  0.002,  0.003, -0.004
195222.4, 2270, 35.16478055, 136.88551710, 41.646, -3810511.640, 3567620.817, 3652850.794, -1.853,  2.094, 353.409, -0.001, -0.002, -0.000
195222.6, 2270, 35.16478055, 136.88551710, 41.646, -3810511.640, 3567620.817, 3652850.794, -1.860,  2.099, 353.408, -0.003,  0.003, -0.002
195222.8, 2270, 35.16478055, 136.88551710, 41.646, -3810511.640, 3567620.817, 3652850.794, -1.859,  2.100, 353.410, -0.001,  0.002, -0.001
195223.0, 2270, 35.16478055, 136.88551710, 41.646, -3810511.640, 3567620.817, 3652850.794, -1.851,  2.099, 353.410, -0.001, -0.001, -0.003
195223.2, 2270, 35.16478055, 136.88551710, 41.646, -3810511.640, 3567620.817, 3652850.794, -1.849,  2.096, 353.411, -0.001,  0.001, -0.001
195223.4, 2270, 35.16478055, 136.88551710, 41.646, -3810511.640, 3567620.817, 3652850.794, -1.847,  2.099, 353.412,  0.000,  0.001,  0.001
195223.6, 2270, 35.16478055, 136.88551710, 41.646, -3810511.640, 3567620.817, 3652850.794, -1.849,  2.097, 353.412, -0.004, -0.000, -0.004
195223.8, 2270, 35.16478055, 136.88551710, 41.646, -3810511.640, 3567620.817, 3652850.794, -1.854,  2.104, 353.413, -0.000,  0.003, -0.002
195224.0, 2270, 35.16478055, 136.88551710, 41.646, -3810511.640, 3567620.817, 3652850.794, -1.851,  2.098, 353.410, -0.002,  0.001, -0.002
195224.2, 2270, 35.16478055, 136.88551710, 41.646, -3810511.640, 3567620.817, 3652850.794, -1.852,  2.099, 353.414, -0.001,  0.001, -0.002
195224.4, 2270, 35.16478055, 136.88551710, 41.646, -3810511.640, 3567620.817, 3652850.794, -1.846,  2.096, 353.415, -0.002,  0.001, -0.004
195224.6, 2270, 35.16478055, 136.88551710, 41.646, -3810511.640, 3567620.817, 3652850.794, -1.853,  2.097, 353.412, -0.004,  0.001, -0.001
195224.8, 2270, 35.16478055, 136.88551710, 41.646, -3810511.640, 3567620.817, 3652850.794, -1.851,  2.098, 353.414,  0.001, -0.001, -0.001
195225.0, 2270, 35.16478055, 136.88551710, 41.646, -3810511.640, 3567620.817, 3652850.794, -1.852,  2.097, 353.413, -0.004,  0.000, -0.004
195225.2, 2270, 35.16478055, 136.88551710, 41.646, -3810511.640, 3567620.817, 3652850.794, -1.854,  2.095, 353.415, -0.000,  0.003, -0.003
195225.4, 2270, 35.16478055, 136.88551710, 41.646, -3810511.640, 3567620.817, 3652850.794, -1.848,  2.098, 353.412, -0.005,  0.001, -0.003
195225.6, 2270, 35.16478055, 136.88551710, 41.646, -3810511.640, 3567620.817, 3652850.794, -1.852,  2.096, 353.413, -0.001,  0.001, -0.003
195225.8, 2270, 35.16478055, 136.88551710, 41.646, -3810511.640, 3567620.817, 3652850.794, -1.850,  2.097, 353.414, -0.003,  0.002, -0.004
195226.0, 2270, 35.16478055, 136.88551710, 41.646, -3810511.640, 3567620.817, 3652850.794, -1.853,  2.098, 353.412, -0.004, -0.001, -0.003
195226.2, 2270, 35.16478055, 136.88551710, 41.646, -3810511.640, 3567620.817, 3652850.794, -1.849,  2.097, 353.415, -0.000,  0.000, -0.004
195226.4, 2270, 35.16478055, 136.88551710, 41.646, -3810511.640, 3567620.817, 3652850.794, -1.851,  2.096, 353.417, -0.004,  0.001, -0.004
195226.6, 2270, 35.16478055, 136.88551710, 41.646, -3810511.640, 3567620.817, 3652850.794, -1.854,  2.097, 353.415, -0.002,  0.002, -0.003
195226.8, 2270, 35.16478055, 136.88551710, 41.646, -3810511.640, 3567620.817, 3652850.794, -1.849,  2.097, 353.416, -0.003,  0.001, -0.004
195227.0, 2270, 35.16478055, 136.88551710, 41.646, -3810511.640, 3567620.817, 3652850.794, -1.853,  2.098, 353.417, -0.003,  0.000, -0.004
195227.2, 2270, 35.16478055, 136.88551710, 41.646, -3810511.640, 3567620.817, 3652850.794, -1.851,  2.097, 353.417, -0.002,  0.000, -0.004
195227.4, 2270, 35.16478055, 136.88551710, 41.646, -3810511.640, 3567620.817, 3652850.794, -1.851,  2.098, 353.417, -0.003,  0.002, -0.004
195227.6, 2270, 35.16478055, 136.88551710, 41.646, -3810511.640, 3567620.817, 3652850.794, -1.853,  2.098, 353.418, -0.002,  0.001, -0.005
195227.8, 2270, 35.16478055, 136.88551710, 41.646, -3810511.640, 3567620.817, 3652850.794, -1.851,  2.098, 353.417, -0.003,  0.002, -0.004
195228.0, 2270, 35.16478055, 136.88551710, 41.646, -3810511.640, 3567620.817, 3652850.794, -1.852,  2.098, 353.417, -0.002,  0.000, -0.004
195228.2, 2270, 35.16478055, 136.88551710, 41.646, -3810511.640, 3567620.817, 3652850.794, -1.849,  2.098, 353.418, -0.001,  0.001, -0.004
195228.4, 2270, 35.16478055, 136.88551710, 41.646, -3810511.640, 3567620.817, 3652850.794, -1.851,  2.100, 353.416, -0.003,  0.001, -0.004
195228.6, 2270, 35.16478055, 136.88551710, 41.646, -3810511.640, 3567620.817, 3652850.794, -1.851,  2.101, 353.416,  0.001,  0.001, -0.003
195228.8, 2270, 35.16478055, 136.88551710, 41.646, -3810511.640, 3567620.817, 3652850.794, -1.850,  2.101, 353.415, -0.002,  0.002, -0.004
195229.0, 2270, 35.16478055, 136.88551710, 41.646, -3810511.640, 3567620.817, 3652850.794, -1.851,  2.101, 353.417,  0.000,  0.002, -0.004
195229.2, 2270, 35.16478055, 136.88551710, 41.646, -3810511.640, 3567620.817, 3652850.794, -1.850,  2.100, 353.418, -0.001,  0.002, -0.004
195229.4, 2270, 35.16478055, 136.88551710, 41.646, -3810511.640, 3567620.817, 3652850.794, -1.851,  2.102, 353.416, -0.001,  0.001, -0.004
195229.6, 2270, 35.16478055, 136.88551710, 41.646, -3810511.640, 3567620.817, 3652850.794, -1.852,  2.101, 353.417,  0.001,  0.001, -0.004
195229.8, 2270, 35.16478055, 136.88551710, 41.646, -3810511.640, 3567620.817, 3652850.794, -1.851,  2.103, 353.417,  0.001,  0.002, -0.004
195230.0, 2270, 35.16478055, 136.88551710, 41.646, -3810511.640, 3567620.817, 3652850.794, -1.854,  2.102, 353.418,  0.002,  0.001, -0.005
195230.2, 2270, 35.16478055, 136.88551710, 41.646, -3810511.640, 3567620.817, 3652850.794, -1.851,  2.102, 353.418,  0.003,  0.002, -0.005
195230.4, 2270, 35.16478055, 136.88551710, 41.646, -3810511.640, 3567620.817, 3652850.794, -1.852,  2.101, 353.418,  0.002,  0.001, -0.004
195230.6, 2270, 35.16478055, 136.88551710, 41.646, -3810511.640, 3567620.817, 3652850.794, -1.852,  2.100, 353.418,  0.002,  0.001, -0.006
195230.8, 2270, 35.16478055, 136.88551710, 41.646, -3810511.640, 3567620.817, 3652850.794, -1.851,  2.101, 353.419,  0.003,  0.001, -0.005
195231.0, 2270, 35.16478055, 136.88551710, 41.646, -3810511.640, 3567620.817, 3652850.794, -1.851,  2.102, 353.418,  0.003,  0.000, -0.005
195231.2, 2270, 35.16478055, 136.88551710, 41.646, -3810511.640, 3567620.817, 3652850.794, -1.849,  2.100, 353.417,  0.005,  0.001, -0.006
195231.4, 2270, 35.16478055, 136.88551710, 41.646, -3810511.640, 3567620.817, 3652850.794, -1.851,  2.102, 353.418,  0.004,  0.000, -0.005
195231.6, 2270, 35.16478055, 136.88551710, 41.646, -3810511.640, 3567620.817, 3652850.794, -1.850,  2.101, 353.417,  0.006,  0.001, -0.004
195231.8, 2270, 35.16478055, 136.88551710, 41.646, -3810511.640, 3567620.817, 3652850.794, -1.848,  2.103, 353.419,  0.003,  0.000, -0.005
195232.0, 2270, 35.16478055, 136.88551710, 41.646, -3810511.640, 3567620.817, 3652850.794, -1.850,  2.102, 353.418,  0.006,  0.000, -0.005
195232.2, 2270, 35.16478055, 136.88551710, 41.646, -3810511.640, 3567620.817, 3652850.794, -1.848,  2.102, 353.419,  0.006,  0.000, -0.006
195232.4, 2270, 35.16478055, 136.88551710, 41.646, -3810511.640, 3567620.817, 3652850.794, -1.851,  2.100, 353.421,  0.007, -0.001, -0.006
195232.6, 2270, 35.16478055, 136.88551710, 41.646, -3810511.640, 3567620.817, 3652850.794, -1.848,  2.101, 353.421,  0.009,  0.002, -0.006
195232.8, 2270, 35.16478055, 136.88551710, 41.646, -3810511.640, 3567620.817, 3652850.794, -1.847,  2.101, 353.421,  0.007, -0.000, -0.007
195233.0, 2270, 35.16478055, 136.88551710, 41.646, -3810511.640, 3567620.817, 3652850.794, -1.848,  2.100, 353.422,  0.010,  0.001, -0.007
195233.2, 2270, 35.16478055, 136.88551710, 41.646, -3810511.640, 3567620.817, 3652850.794, -1.843,  2.101, 353.422,  0.011,  0.001, -0.007
195233.4, 2270, 35.16478055, 136.88551710, 41.646, -3810511.640, 3567620.817, 3652850.794, -1.848,  2.100, 353.424,  0.011,  0.000, -0.007
195233.6, 2270, 35.16478055, 136.88551710, 41.646, -3810511.640, 3567620.817, 3652850.794, -1.844,  2.102, 353.421,  0.013,  0.000, -0.006
195233.8, 2270, 35.16478055, 136.88551710, 41.646, -3810511.640, 3567620.817, 3652850.794, -1.845,  2.099, 353.423,  0.011, -0.001, -0.008
195234.0, 2270, 35.16478055, 136.88551710, 41.646, -3810511.640, 3567620.817, 3652850.794, -1.845,  2.101, 353.423,  0.013,  0.001, -0.006
195234.2, 2270, 35.16478055, 136.88551710, 41.646, -3810511.640, 3567620.817, 3652850.794, -1.843,  2.099, 353.422,  0.013, -0.001, -0.008
195234.4, 2270, 35.16478055, 136.88551710, 41.646, -3810511.640, 3567620.817, 3652850.794, -1.846,  2.101, 353.423,  0.017,  0.001, -0.008
195234.6, 2270, 35.16478055, 136.88551710, 41.646, -3810511.640, 3567620.817, 3652850.794, -1.844,  2.099, 353.424,  0.016, -0.002, -0.008
195234.8, 2270, 35.16478055, 136.88551710, 41.646, -3810511.640, 3567620.817, 3652850.794, -1.846,  2.099, 353.422,  0.016,  0.002, -0.008
195235.0, 2270, 35.16478055, 136.88551710, 41.646, -3810511.640, 3567620.817, 3652850.794, -1.844,  2.100, 353.423,  0.018, -0.001, -0.009
195235.2, 2270, 35.16478055, 136.88551710, 41.646, -3810511.640, 3567620.817, 3652850.794, -1.847,  2.099, 353.425,  0.019, -0.000, -0.009
195235.4, 2270, 35.16478055, 136.88551710, 41.646, -3810511.640, 3567620.817, 3652850.794, -1.844,  2.099, 353.424,  0.022,  0.000, -0.006
195235.6, 2270, 35.16478055, 136.88551710, 41.646, -3810511.640, 3567620.817, 3652850.794, -1.842,  2.098, 353.424,  0.020, -0.001, -0.009
195235.8, 2270, 35.16478055, 136.88551710, 41.646, -3810511.640, 3567620.817, 3652850.794, -1.844,  2.097, 353.426,  0.022, -0.000, -0.009
195236.0, 2270, 35.16478055, 136.88551710, 41.646, -3810511.640, 3567620.817, 3652850.794, -1.844,  2.096, 353.424,  0.023,  0.001, -0.008
195236.2, 2270, 35.16478055, 136.88551710, 41.646, -3810511.640, 3567620.817, 3652850.794, -1.844,  2.098, 353.424,  0.024, -0.003, -0.009
195236.4, 2270, 35.16478055, 136.88551710, 41.646, -3810511.640, 3567620.817, 3652850.794, -1.846,  2.098, 353.426,  0.025,  0.001, -0.010
195236.6, 2270, 35.16478055, 136.88551710, 41.646, -3810511.640, 3567620.817, 3652850.794, -1.842,  2.098, 353.424,  0.025,  0.000, -0.009
195236.8, 2270, 35.16478055, 136.88551712, 41.645, -3810511.641, 3567620.815, 3652850.794, -1.845,  2.097, 353.424,  0.026, -0.001, -0.010
195237.0, 2270, 35.16478055, 136.88551718, 41.643, -3810511.643, 3567620.810, 3652850.793, -1.844,  2.096, 353.423,  0.027, -0.000, -0.010
195237.2, 2270, 35.16478055, 136.88551724, 41.640, -3810511.645, 3567620.804, 3652850.791, -1.853,  2.123, 353.418,  0.025,  0.014, -0.023
195237.4, 2270, 35.16478064, 136.88551730, 41.635, -3810511.641, 3567620.794, 3652850.796, -1.856,  2.212, 353.421,  0.021,  0.091, -0.020
195237.6, 2270, 35.16478090, 136.88551733, 41.632, -3810511.630, 3567620.778, 3652850.817, -1.849,  2.260, 353.419,  0.007,  0.200, -0.012
195237.8, 2270, 35.16478139, 136.88551734, 41.629, -3810511.605, 3567620.755, 3652850.861, -1.846,  2.330, 353.419, -0.010,  0.358, -0.015
195238.0, 2270, 35.16478222, 136.88551729, 41.625, -3810511.562, 3567620.720, 3652850.934, -1.844,  2.404, 353.416, -0.032,  0.558, -0.010
195238.2, 2270, 35.16478342, 136.88551714, 41.625, -3810511.496, 3567620.678, 3652851.042, -1.849,  2.422, 353.410, -0.057,  0.778, -0.008
195238.4, 2270, 35.16478502, 136.88551694, 41.625, -3810511.409, 3567620.621, 3652851.187, -1.840,  2.436, 353.395, -0.077,  1.001, -0.008
195238.6, 2270, 35.16478703, 136.88551669, 41.625, -3810511.300, 3567620.549, 3652851.370, -1.802,  2.418, 353.377, -0.101,  1.231, -0.009
195238.8, 2270, 35.16478944, 136.88551639, 41.624, -3810511.168, 3567620.464, 3652851.588, -1.773,  2.424, 353.350, -0.124,  1.445, -0.010
195239.0, 2270, 35.16479226, 136.88551603, 41.623, -3810511.014, 3567620.364, 3652851.843, -1.757,  2.475, 353.308, -0.151,  1.696, -0.009
195239.2, 2270, 35.16479554, 136.88551567, 41.620, -3810510.836, 3567620.243, 3652852.139, -1.734,  2.436, 353.251, -0.186,  1.946, -0.015
195239.4, 2270, 35.16479926, 136.88551522, 41.615, -3810510.631, 3567620.108, 3652852.473, -1.770,  2.440, 353.195, -0.230,  2.189, -0.020
195239.6, 2270, 35.16480344, 136.88551470, 41.611, -3810510.402, 3567619.958, 3652852.850, -1.818,  2.351, 353.151, -0.243,  2.445, -0.014
195239.8, 2270, 35.16480808, 136.88551415, 41.605, -3810510.147, 3567619.788, 3652853.267, -1.765,  2.341, 353.149, -0.263,  2.706, -0.010
195240.0, 2270, 35.16481317, 136.88551354, 41.602, -3810509.870, 3567619.604, 3652853.728, -1.685,  2.264, 353.154, -0.299,  2.940, -0.014
195240.2, 2270, 35.16481870, 136.88551278, 41.601, -3810509.565, 3567619.413, 3652854.228, -1.700,  2.271, 353.213, -0.342,  3.189, -0.012
195240.4, 2270, 35.16482468, 136.88551196, 41.597, -3810509.232, 3567619.204, 3652854.768, -1.760,  2.227, 353.278, -0.351,  3.451, -0.031
195240.6, 2270, 35.16483111, 136.88551112, 41.589, -3810508.875, 3567618.975, 3652855.346, -1.721,  2.284, 353.360, -0.365,  3.686, -0.048
195240.8, 2270, 35.16483797, 136.88551026, 41.584, -3810508.499, 3567618.730, 3652855.966, -1.576,  2.354, 353.435, -0.380,  3.933, -0.004
195241.0, 2270, 35.16484527, 136.88550933, 41.584, -3810508.100, 3567618.473, 3652856.629, -1.530,  2.253, 353.518, -0.410,  4.166, -0.012
195241.2, 2270, 35.16485296, 136.88550837, 41.577, -3810507.677, 3567618.197, 3652857.322, -1.465,  2.366, 353.585, -0.431,  4.385, -0.046
195241.4, 2270, 35.16486109, 136.88550735, 41.570, -3810507.230, 3567617.906, 3652858.055, -1.461,  2.429, 353.669, -0.447,  4.634, -0.015
195241.6, 2270, 35.16486966, 136.88550630, 41.567, -3810506.764, 3567617.600, 3652858.831, -1.389,  2.427, 353.801, -0.449,  4.869, -0.003
195241.8, 2270, 35.16487865, 136.88550525, 41.565, -3810506.277, 3567617.276, 3652859.645, -1.313,  2.436, 353.960, -0.470,  5.101, -0.025
195242.0, 2270, 35.16488806, 136.88550414, 41.559, -3810505.766, 3567616.935, 3652860.496, -1.306,  2.411, 354.128, -0.494,  5.340, -0.029
195242.2, 2270, 35.16489793, 136.88550301, 41.555, -3810505.233, 3567616.578, 3652861.388, -1.323,  2.479, 354.323, -0.494,  5.617, -0.014
195242.4, 2270, 35.16490832, 136.88550185, 41.552, -3810504.675, 3567616.199, 3652862.328, -1.376,  2.520, 354.580, -0.505,  5.896, -0.028
195242.6, 2270, 35.16491920, 136.88550070, 41.548, -3810504.093, 3567615.798, 3652863.313, -1.371,  2.593, 354.831, -0.489,  6.189, -0.011
195242.8, 2270, 35.16493061, 136.88549958, 41.546, -3810503.490, 3567615.373, 3652864.347, -1.335,  2.465, 355.087, -0.489,  6.468, -0.009
195243.0, 2270, 35.16494250, 136.88549844, 41.545, -3810502.864, 3567614.929, 3652865.425, -1.359,  2.291, 355.295, -0.492,  6.713, -0.014
195243.2, 2270, 35.16495481, 136.88549732, 41.541, -3810502.218, 3567614.464, 3652866.539, -1.305,  2.334, 355.456, -0.473,  6.945, -0.035
195243.4, 2270, 35.16496754, 136.88549622, 41.534, -3810501.551, 3567613.977, 3652867.689, -1.237,  2.403, 355.624, -0.473,  7.185, -0.025
195243.6, 2270, 35.16498070, 136.88549513, 41.532, -3810500.868, 3567613.474, 3652868.882, -1.158,  2.387, 355.807, -0.464,  7.400, -0.012
195243.8, 2270, 35.16499421, 136.88549406, 41.530, -3810500.170, 3567612.954, 3652870.106, -1.056,  2.503, 355.979, -0.460,  7.593, -0.019
195244.0, 2270, 35.16500808, 136.88549302, 41.529, -3810499.458, 3567612.417, 3652871.364, -0.951,  2.534, 356.129, -0.443,  7.790,  0.005
195244.2, 2270, 35.16502230, 136.88549197, 41.533, -3810498.732, 3567611.868, 3652872.655, -0.889,  2.465, 356.266, -0.461,  7.973,  0.007
195244.4, 2270, 35.16503682, 136.88549090, 41.534, -3810497.988, 3567611.306, 3652873.972, -0.989,  2.383, 356.368, -0.449,  8.131,  0.004
195244.6, 2270, 35.16505159, 136.88548986, 41.533, -3810497.234, 3567610.729, 3652875.312, -0.982,  2.553, 356.465, -0.449,  8.272, -0.018
195244.8, 2270, 35.16506667, 136.88548883, 41.534, -3810496.467, 3567610.140, 3652876.680, -0.978,  2.628, 356.577, -0.425,  8.458,  0.030
195245.0, 2270, 35.16508204, 136.88548783, 41.542, -3810495.693, 3567609.539, 3652878.079, -0.913,  2.623, 356.643, -0.416,  8.587,  0.037
195245.2, 2270, 35.16509767, 136.88548691, 41.547, -3810494.910, 3567608.921, 3652879.499, -0.782,  2.684, 356.618, -0.431,  8.741,  0.027
195245.4, 2270, 35.16511356, 136.88548594, 41.555, -3810494.112, 3567608.295, 3652880.945, -0.675,  2.659, 356.523, -0.460,  8.894,  0.031
195245.6, 2270, 35.16512976, 136.88548487, 41.561, -3810493.294, 3567607.663, 3652882.418, -0.737,  2.393, 356.397, -0.510,  9.061,  0.028
195245.8, 2270, 35.16514616, 136.88548374, 41.562, -3810492.459, 3567607.022, 3652883.905, -0.773,  2.462, 356.285, -0.540,  9.105, -0.032
195246.0, 2270, 35.16516266, 136.88548254, 41.559, -3810491.612, 3567606.380, 3652885.401, -0.902,  3.298, 356.168, -0.557,  9.250,  0.037
195246.2, 2270, 35.16517954, 136.88548123, 41.585, -3810490.760, 3567605.744, 3652886.946, -0.898,  3.244, 356.064, -0.571,  9.453,  0.172
195246.4, 2270, 35.16519674, 136.88547984, 41.617, -3810489.890, 3567605.104, 3652888.524, -0.987,  2.574, 356.005, -0.610,  9.634,  0.128
195246.6, 2270, 35.16521420, 136.88547845, 41.630, -3810488.997, 3567604.441, 3652890.116, -0.915,  1.759, 355.953, -0.624,  9.720, -0.046
195246.8, 2270, 35.16523177, 136.88547702, 41.611, -3810488.077, 3567603.758, 3652891.698, -0.887,  1.891, 355.901, -0.612,  9.785, -0.142
195247.0, 2270, 35.16524953, 136.88547558, 41.591, -3810487.147, 3567603.067, 3652893.298, -0.793,  2.356, 355.832, -0.632,  9.944, -0.051
195247.2, 2270, 35.16526763, 136.88547410, 41.594, -3810486.212, 3567602.377, 3652894.940, -0.652,  2.204, 355.706, -0.674, 10.106,  0.021
195247.4, 2270, 35.16528590, 136.88547250, 41.594, -3810485.260, 3567601.685, 3652896.598, -0.662,  2.190, 355.531, -0.713, 10.175, -0.039
195247.6, 2270, 35.16530434, 136.88547081, 41.589, -3810484.292, 3567600.990, 3652898.267, -0.715,  2.426, 355.361, -0.770, 10.292, -0.028
195247.8, 2270, 35.16532302, 136.88546901, 41.592, -3810483.310, 3567600.295, 3652899.963, -0.809,  2.371, 355.203, -0.810, 10.435,  0.024
195248.0, 2270, 35.16534187, 136.88546717, 41.599, -3810482.321, 3567599.598, 3652901.677, -0.767,  2.352, 355.060, -0.827, 10.491,  0.004
195248.2, 2270, 35.16536086, 136.88546530, 41.599, -3810481.319, 3567598.893, 3652903.400, -0.842,  2.513, 354.974, -0.862, 10.599,  0.018
195248.4, 2270, 35.16538008, 136.88546339, 41.604, -3810480.306, 3567598.184, 3652905.145, -0.912,  2.344, 354.963, -0.872, 10.709,  0.032
195248.6, 2270, 35.16539942, 136.88546149, 41.607, -3810479.287, 3567597.467, 3652906.901, -0.845,  2.275, 354.948, -0.869, 10.753, -0.008
195248.8, 2270, 35.16541886, 136.88545956, 41.604, -3810478.259, 3567596.745, 3652908.663, -0.885,  2.538, 354.907, -0.904, 10.835, -0.006
195249.0, 2270, 35.16543851, 136.88545752, 41.609, -3810477.218, 3567596.025, 3652910.448, -1.153,  2.320, 354.813, -0.958, 10.943,  0.028
195249.2, 2270, 35.16545828, 136.88545534, 41.612, -3810476.162, 3567595.309, 3652912.242, -1.440,  2.163, 354.680, -0.982, 10.997, -0.029
195249.4, 2270, 35.16547815, 136.88545309, 41.606, -3810475.092, 3567594.587, 3652914.041, -1.646,  2.210, 354.501, -0.991, 11.062, -0.041
195249.6, 2270, 35.16549813, 136.88545083, 41.604, -3810474.018, 3567593.864, 3652915.852, -1.580,  2.387, 354.268, -1.021, 11.125,  0.004
195249.8, 2270, 35.16551817, 136.88544850, 41.614, -3810472.944, 3567593.149, 3652917.675, -1.413,  2.472, 354.004, -1.048, 11.088,  0.050
195250.0, 2270, 35.16553811, 136.88544607, 41.630, -3810471.872, 3567592.449, 3652919.493, -1.284,  2.775, 353.740, -1.121, 11.095,  0.104
195250.2, 2270, 35.16555816, 136.88544352, 41.653, -3810470.792, 3567591.756, 3652921.325, -1.340,  1.881, 353.527, -1.189, 11.098,  0.066
195250.4, 2270, 35.16557802, 136.88544087, 41.645, -3810469.696, 3567591.060, 3652923.121, -1.528,  1.561, 353.451, -1.206, 10.960, -0.111
195250.6, 2270, 35.16559767, 136.88543822, 41.621, -3810468.600, 3567590.365, 3652924.890, -1.705,  1.927, 353.429, -1.162, 10.860, -0.099
195250.8, 2270, 35.16561726, 136.88543566, 41.612, -3810467.521, 3567589.675, 3652926.661, -1.591,  2.232, 353.415, -1.174, 10.872,  0.014
195251.0, 2270, 35.16563685, 136.88543310, 41.618, -3810466.452, 3567588.992, 3652928.442, -1.464,  1.933, 353.433, -1.160, 10.856,  0.029
195251.2, 2270, 35.16565633, 136.88543053, 41.615, -3810465.381, 3567588.311, 3652930.206, -1.483,  1.826, 353.437, -1.164, 10.765, -0.051
195251.4, 2270, 35.16567574, 136.88542796, 41.602, -3810464.308, 3567587.627, 3652931.959, -1.528,  1.838, 353.435, -1.161, 10.771, -0.055
195251.6, 2270, 35.16569513, 136.88542543, 41.589, -3810463.239, 3567586.941, 3652933.710, -1.407,  1.951, 353.447, -1.151, 10.756, -0.063
195251.8, 2270, 35.16571454, 136.88542289, 41.581, -3810462.170, 3567586.258, 3652935.466, -1.380,  1.952, 353.440, -1.150, 10.793, -0.025
195252.0, 2270, 35.16573396, 136.88542034, 41.573, -3810461.101, 3567585.575, 3652937.223, -1.352,  1.908, 353.446, -1.165, 10.751, -0.052
195252.2, 2270, 35.16575332, 136.88541781, 41.564, -3810460.034, 3567584.893, 3652938.974, -1.311,  2.221, 353.439, -1.135, 10.747, -0.019
195252.4, 2270, 35.16577274, 136.88541527, 41.563, -3810458.970, 3567584.214, 3652940.734, -1.272,  2.195, 353.445, -1.168, 10.786,  0.017
195252.6, 2270, 35.16579215, 136.88541269, 41.565, -3810457.905, 3567583.538, 3652942.496, -1.358,  2.085, 353.436, -1.182, 10.743, -0.015
195252.8, 2270, 35.16581152, 136.88541009, 41.560, -3810456.837, 3567582.862, 3652944.250, -1.527,  2.209, 353.420, -1.179, 10.751, -0.015
195253.0, 2270, 35.16583091, 136.88540751, 41.559, -3810455.771, 3567582.187, 3652946.009, -1.597,  2.253, 353.405, -1.176, 10.764, -0.001
195253.2, 2270, 35.16585036, 136.88540493, 41.562, -3810454.705, 3567581.510, 3652947.773, -1.566,  2.195, 353.395, -1.168, 10.805,  0.018
195253.4, 2270, 35.16586987, 136.88540238, 41.563, -3810453.637, 3567580.829, 3652949.544, -1.421,  1.990, 353.394, -1.150, 10.830,  0.001
195253.6, 2270, 35.16588937, 136.88539983, 41.557, -3810452.565, 3567580.143, 3652951.309, -1.298,  2.083, 353.390, -1.176, 10.814, -0.062
195253.8, 2270, 35.16590892, 136.88539728, 41.551, -3810451.491, 3567579.455, 3652953.078, -1.168,  2.225, 353.384, -1.187, 10.873, -0.009
195254.0, 2270, 35.16592853, 136.88539465, 41.550, -3810450.412, 3567578.774, 3652954.856, -1.304,  2.205, 353.380, -1.201, 10.881, -0.006
195254.2, 2270, 35.16594818, 136.88539200, 41.549, -3810449.329, 3567578.091, 3652956.639, -1.449,  2.116, 353.382, -1.205, 10.913, -0.006
195254.4, 2270, 35.16596786, 136.88538935, 41.546, -3810448.244, 3567577.406, 3652958.421, -1.572,  2.205, 353.432, -1.191, 10.939, -0.016
195254.6, 2270, 35.16598763, 136.88538678, 41.546, -3810447.162, 3567576.714, 3652960.215, -1.442,  1.907, 353.596, -1.150, 10.980,  0.002
195254.8, 2270, 35.16600736, 136.88538430, 41.539, -3810446.084, 3567576.013, 3652962.000, -1.299,  1.812, 353.755, -1.104, 10.910, -0.064
195255.0, 2270, 35.16602698, 136.88538192, 41.528, -3810445.014, 3567575.308, 3652963.773, -1.137,  2.059, 353.903, -1.083, 10.844, -0.052
195255.2, 2270, 35.16604648, 136.88537956, 41.524, -3810443.954, 3567574.612, 3652965.540, -1.182,  2.403, 354.019, -1.066, 10.809,  0.019
195255.4, 2270, 35.16606593, 136.88537726, 41.535, -3810442.911, 3567573.921, 3652967.310, -1.105,  2.328, 354.051, -1.037, 10.747,  0.078
195255.6, 2270, 35.16608517, 136.88537496, 41.549, -3810441.878, 3567573.242, 3652969.062, -1.169,  2.053, 353.943, -1.053, 10.567,  0.053
195255.8, 2270, 35.16610400, 136.88537264, 41.555, -3810440.860, 3567572.577, 3652970.773, -1.242,  1.883, 353.851, -1.042, 10.309,  0.011
195256.0, 2270, 35.16612232, 136.88537034, 41.556, -3810439.862, 3567571.930, 3652972.436, -1.362,  1.762, 353.744, -1.043, 10.015, -0.004
195256.2, 2270, 35.16614006, 136.88536805, 41.558, -3810438.893, 3567571.309, 3652974.046, -1.316,  1.898, 353.645, -0.995,  9.691, -0.005
195256.4, 2270, 35.16615725, 136.88536579, 41.562, -3810437.953, 3567570.711, 3652975.607, -1.333,  1.843, 353.562, -1.017,  9.365,  0.017
195256.6, 2270, 35.16617376, 136.88536360, 41.568, -3810437.050, 3567570.139, 3652977.108, -1.254,  2.054, 353.483, -0.934,  8.970,  0.026
195256.8, 2270, 35.16618964, 136.88536146, 41.577, -3810436.182, 3567569.592, 3652978.554, -1.229,  2.104, 353.428, -0.948,  8.665,  0.049
195257.0, 2270, 35.16620507, 136.88535939, 41.586, -3810435.338, 3567569.062, 3652979.958, -1.140,  2.104, 353.381, -0.917,  8.470,  0.001
195257.2, 2270, 35.16622028, 136.88535733, 41.584, -3810434.499, 3567568.534, 3652981.336, -1.330,  2.538, 353.443, -0.955,  8.416, -0.013
195257.4, 2270, 35.16623551, 136.88535533, 41.590, -3810433.668, 3567568.005, 3652982.721, -1.305,  2.569, 353.600, -0.873,  8.479,  0.063
195257.6, 2270, 35.16625082, 136.88535340, 41.603, -3810432.842, 3567567.471, 3652984.118, -1.265,  2.336, 353.848, -0.855,  8.515,  0.049
195257.8, 2270, 35.16626624, 136.88535159, 41.607, -3810432.012, 3567566.921, 3652985.519, -1.113,  2.350, 354.103, -0.820,  8.608, -0.008
195258.0, 2270, 35.16628185, 136.88534982, 41.607, -3810431.173, 3567566.356, 3652986.934, -1.029,  2.408, 354.361, -0.785,  8.719,  0.012
195258.2, 2270, 35.16629767, 136.88534809, 41.608, -3810430.329, 3567565.781, 3652988.369, -1.050,  2.372, 354.629, -0.796,  8.827,  0.009
195258.4, 2270, 35.16631367, 136.88534639, 41.610, -3810429.477, 3567565.197, 3652989.821, -1.198,  2.282, 354.862, -0.754,  8.917,  0.004
195258.6, 2270, 35.16632986, 136.88534479, 41.609, -3810428.622, 3567564.596, 3652991.289, -1.166,  2.185, 355.114, -0.715,  9.041, -0.005
195258.8, 2270, 35.16634625, 136.88534324, 41.605, -3810427.759, 3567563.981, 3652992.774, -1.229,  1.953, 355.381, -0.683,  9.140, -0.032
195259.0, 2270, 35.16636281, 136.88534178, 41.595, -3810426.889, 3567563.349, 3652994.269, -1.237,  1.926, 355.620, -0.657,  9.230, -0.075
195259.2, 2270, 35.16637952, 136.88534033, 41.579, -3810426.010, 3567562.706, 3652995.776, -1.462,  2.124, 355.847, -0.653,  9.321, -0.069
195259.4, 2270, 35.16639642, 136.88533896, 41.570, -3810425.131, 3567562.054, 3652997.303, -1.580,  2.416, 356.029, -0.608,  9.431, -0.017
195259.6, 2270, 35.16641351, 136.88533766, 41.572, -3810424.254, 3567561.396, 3652998.855, -1.598,  2.455, 356.105, -0.572,  9.542,  0.042
195259.8, 2270, 35.16643079, 136.88533637, 41.577, -3810423.371, 3567560.730, 3653000.425, -1.645,  2.405, 356.127, -0.594,  9.620,  0.023
195260.0, 2270, 35.16644820, 136.88533507, 41.581, -3810422.480, 3567560.058, 3653002.006, -1.656,  2.499, 356.090, -0.613,  9.703,  0.006
195260.2, 2270, 35.16646582, 136.88533375, 41.586, -3810421.579, 3567559.379, 3653003.607, -1.619,  2.393, 356.082, -0.625,  9.846,  0.029
195260.4, 2270, 35.16648361, 136.88533238, 41.589, -3810420.665, 3567558.695, 3653005.222, -1.698,  2.248, 356.026, -0.593,  9.897,  0.012
195260.6, 2270, 35.16650153, 136.88533099, 41.585, -3810419.741, 3567558.003, 3653006.845, -1.749,  2.376, 355.954, -0.662,  9.981, -0.016
195260.8, 2270, 35.16651962, 136.88532955, 41.586, -3810418.808, 3567557.309, 3653008.486, -1.772,  2.449, 355.885, -0.654, 10.101,  0.018
195261.0, 2270, 35.16653792, 136.88532809, 41.592, -3810417.867, 3567556.610, 3653010.150, -1.689,  2.251, 355.790, -0.677, 10.195,  0.020
195261.2, 2270, 35.16655635, 136.88532658, 41.591, -3810416.913, 3567555.905, 3653011.821, -1.650,  2.257, 355.702, -0.710, 10.259, -0.022
195261.4, 2270, 35.16657494, 136.88532503, 41.589, -3810415.949, 3567555.195, 3653013.505, -1.569,  2.125, 355.612, -0.706, 10.344,  0.002
195261.6, 2270, 35.16659358, 136.88532343, 41.587, -3810414.977, 3567554.486, 3653015.194, -1.571,  2.106, 355.518, -0.725, 10.335, -0.021
195261.8, 2270, 35.16661227, 136.88532179, 41.582, -3810414.001, 3567553.777, 3653016.886, -1.545,  2.259, 355.420, -0.763, 10.409,  0.002
195262.0, 2270, 35.16663106, 136.88532009, 41.582, -3810413.018, 3567553.069, 3653018.591, -1.576,  2.153, 355.347, -0.809, 10.420, -0.019
195262.2, 2270, 35.16664986, 136.88531835, 41.580, -3810412.032, 3567552.362, 3653020.295, -1.587,  2.424, 355.261, -0.793, 10.439, -0.000
195262.4, 2270, 35.16666874, 136.88531659, 41.586, -3810411.045, 3567551.658, 3653022.011, -1.568,  2.505, 355.181, -0.819, 10.509,  0.058
195262.6, 2270, 35.16668773, 136.88531480, 41.598, -3810410.055, 3567550.955, 3653023.740, -1.512,  2.091, 355.102, -0.834, 10.528,  0.040
195262.8, 2270, 35.16670667, 136.88531295, 41.599, -3810409.057, 3567550.251, 3653025.458, -1.571,  1.817, 355.027, -0.853, 10.482, -0.039
195263.0, 2270, 35.16672550, 136.88531112, 41.589, -3810408.059, 3567549.545, 3653027.160, -1.500,  1.888, 354.940, -0.833, 10.384, -0.064
195263.2, 2270, 35.16674412, 136.88530926, 41.580, -3810407.069, 3567548.850, 3653028.844, -1.463,  2.533, 354.855, -0.840, 10.318,  0.003
195263.4, 2270, 35.16676280, 136.88530737, 41.592, -3810406.087, 3567548.167, 3653030.545, -1.471,  2.205, 354.773, -0.903, 10.378,  0.094
195263.6, 2270, 35.16678134, 136.88530544, 41.603, -3810405.108, 3567547.492, 3653032.233, -1.473,  1.528, 354.716, -0.883, 10.154, -0.025
195263.8, 2270, 35.16679941, 136.88530351, 41.589, -3810404.138, 3567546.823, 3653033.864, -1.568,  2.093, 354.631, -0.855,  9.944, -0.058
195264.0, 2270, 35.16681727, 136.88530166, 41.590, -3810403.189, 3567546.167, 3653035.484, -1.388,  2.095, 354.588, -0.869,  9.852,  0.036
195264.2, 2270, 35.16683489, 136.88529977, 41.597, -3810402.254, 3567545.527, 3653037.085, -1.399,  1.817, 354.537, -0.841,  9.666,  0.019
195264.4, 2270, 35.16685214, 136.88529791, 41.594, -3810401.333, 3567544.896, 3653038.649, -1.367,  2.124, 354.450, -0.858,  9.476, -0.030
195264.6, 2270, 35.16686916, 136.88529604, 41.595, -3810400.422, 3567544.277, 3653040.193, -1.343,  2.231, 354.305, -0.880,  9.386,  0.020
195264.8, 2270, 35.16688595, 136.88529413, 41.604, -3810399.525, 3567543.676, 3653041.721, -1.320,  1.982, 354.167, -0.867,  9.232,  0.044
195265.0, 2270, 35.16690247, 136.88529223, 41.611, -3810398.641, 3567543.085, 3653043.223, -1.184,  1.685, 354.045, -0.868,  9.059, -0.009
195265.2, 2270, 35.16691860, 136.88529028, 41.607, -3810397.765, 3567542.508, 3653044.684, -1.059,  1.831, 353.913, -0.871,  8.837, -0.053
195265.4, 2270, 35.16693439, 136.88528833, 41.603, -3810396.904, 3567541.946, 3653046.114, -0.932,  2.144, 353.791, -0.883,  8.679, -0.005
195265.6, 2270, 35.16694987, 136.88528634, 41.610, -3810396.063, 3567541.406, 3653047.521, -0.928,  2.328, 353.708, -0.868,  8.487,  0.051
195265.8, 2270, 35.16696502, 136.88528439, 41.623, -3810395.242, 3567540.882, 3653048.903, -0.897,  2.355, 353.623, -0.886,  8.298,  0.058
195266.0, 2270, 35.16697979, 136.88528247, 41.640, -3810394.444, 3567540.374, 3653050.252, -0.801,  2.277, 353.551, -0.836,  8.073,  0.077
195266.2, 2270, 35.16699409, 136.88528064, 41.654, -3810393.671, 3567539.878, 3653051.558, -0.764,  2.100, 353.496, -0.839,  7.757,  0.059
195266.4, 2270, 35.16700777, 136.88527884, 41.665, -3810392.928, 3567539.406, 3653052.804, -0.819,  2.257, 353.453, -0.801,  7.421,  0.032
195266.6, 2270, 35.16702093, 136.88527714, 41.674, -3810392.213, 3567538.950, 3653054.003, -0.778,  1.948, 353.445, -0.772,  7.159,  0.051
195266.8, 2270, 35.16703351, 136.88527547, 41.683, -3810391.528, 3567538.517, 3653055.149, -0.876,  1.694, 353.429, -0.746,  6.774,  0.026
195267.0, 2270, 35.16704543, 136.88527391, 41.684, -3810390.875, 3567538.100, 3653056.231, -0.845,  1.856, 353.404, -0.696,  6.460, -0.021
195267.2, 2270, 35.16705680, 136.88527242, 41.681, -3810390.250, 3567537.701, 3653057.261, -0.861,  1.784, 353.406, -0.677,  6.132, -0.005
195267.4, 2270, 35.16706755, 136.88527097, 41.684, -3810389.660, 3567537.330, 3653058.237, -0.978,  1.812, 353.395, -0.647,  5.789,  0.013
195267.6, 2270, 35.16707766, 136.88526961, 41.685, -3810389.105, 3567536.980, 3653059.154, -1.095,  1.867, 353.387, -0.605,  5.417, -0.001
195267.8, 2270, 35.16708705, 136.88526838, 41.686, -3810388.591, 3567536.651, 3653060.007, -1.034,  1.865, 353.380, -0.541,  4.994,  0.002
195268.0, 2270, 35.16709568, 136.88526722, 41.688, -3810388.117, 3567536.353, 3653060.791, -1.118,  1.862, 353.386, -0.523,  4.563,  0.021
195268.2, 2270, 35.16710346, 136.88526611, 41.695, -3810387.689, 3567536.091, 3653061.500, -1.185,  1.830, 353.394, -0.448,  4.050,  0.014
195268.4, 2270, 35.16711033, 136.88526515, 41.700, -3810387.312, 3567535.858, 3653062.126, -1.174,  1.846, 353.402, -0.386,  3.561,  0.005
195268.6, 2270, 35.16711628, 136.88526430, 41.703, -3810386.984, 3567535.656, 3653062.668, -1.184,  1.811, 353.430, -0.331,  3.035,  0.004
195268.8, 2270, 35.16712127, 136.88526358, 41.707, -3810386.708, 3567535.488, 3653063.122, -1.222,  1.858, 353.437, -0.281,  2.507,  0.013
195269.0, 2270, 35.16712536, 136.88526297, 41.711, -3810386.482, 3567535.353, 3653063.496, -1.278,  1.869, 353.449, -0.227,  2.036,  0.001
195269.2, 2270, 35.16712867, 136.88526247, 41.712, -3810386.296, 3567535.241, 3653063.796, -1.310,  1.979, 353.472, -0.183,  1.656, -0.015
195269.4, 2270, 35.16713139, 136.88526206, 41.712, -3810386.145, 3567535.150, 3653064.043, -1.269,  2.066, 353.469, -0.143,  1.364,  0.001
195269.6, 2270, 35.16713358, 136.88526171, 41.714, -3810386.022, 3567535.079, 3653064.243, -1.265,  2.098, 353.501, -0.119,  1.073,  0.003
195269.8, 2270, 35.16713529, 136.88526142, 41.716, -3810385.924, 3567535.024, 3653064.399, -1.312,  2.169, 353.487, -0.096,  0.834, -0.006
195270.0, 2270, 35.16713659, 136.88526119, 41.716, -3810385.850, 3567534.983, 3653064.517, -1.298,  2.186, 353.509, -0.061,  0.599,  0.001
195270.2, 2270, 35.16713744, 136.88526108, 41.717, -3810385.805, 3567534.954, 3653064.595, -1.288,  2.189, 353.512, -0.039,  0.342,  0.005
195270.4, 2270, 35.16713782, 136.88526102, 41.718, -3810385.784, 3567534.941, 3653064.629, -1.310,  2.190, 353.516, -0.010,  0.081, -0.000
195270.6, 2270, 35.16713778, 136.88526103, 41.718, -3810385.786, 3567534.942, 3653064.626, -1.306,  2.244, 353.509,  0.009, -0.073, -0.001
195270.8, 2270, 35.16713769, 136.88526105, 41.716, -3810385.790, 3567534.944, 3653064.617, -1.283,  2.429, 353.513,  0.003, -0.015, -0.017
195271.0, 2270, 35.16713771, 136.88526105, 41.714, -3810385.788, 3567534.942, 3653064.618, -1.283,  2.467, 353.508, -0.003,  0.029, -0.009
195271.2, 2270, 35.16713772, 136.88526105, 41.713, -3810385.787, 3567534.942, 3653064.618, -1.294,  2.453, 353.510, -0.004,  0.019,  0.005
195271.4, 2270, 35.16713773, 136.88526105, 41.713, -3810385.787, 3567534.941, 3653064.618, -1.293,  2.437, 353.508, -0.001,  0.002,  0.002
195271.6, 2270, 35.16713772, 136.88526105, 41.713, -3810385.787, 3567534.942, 3653064.618, -1.294,  2.448, 353.508, -0.001,  0.003,  0.002
195271.8, 2270, 35.16713772, 136.88526105, 41.713, -3810385.787, 3567534.941, 3653064.618, -1.297,  2.440, 353.510, -0.001, -0.001, -0.000
195272.0, 2270, 35.16713772, 136.88526105, 41.713, -3810385.787, 3567534.941, 3653064.618, -1.296,  2.442, 353.509, -0.001,  0.004,  0.001
195272.2, 2270, 35.16713772, 136.88526105, 41.713, -3810385.787, 3567534.941, 3653064.618, -1.297,  2.441, 353.510, -0.001, -0.000,  0.001
195272.4, 2270, 35.16713772, 136.88526105, 41.713, -3810385.787, 3567534.941, 3653064.618, -1.298,  2.442, 353.511, -0.000,  0.003,  0.001
195272.6, 2270, 35.16713772, 136.88526105, 41.713, -3810385.787, 3567534.941, 3653064.618, -1.299,  2.441, 353.511,  0.003,  0.001,  0.002
195272.8, 2270, 35.16713772, 136.88526105, 41.713, -3810385.787, 3567534.941, 3653064.618, -1.296,  2.439, 353.510, -0.000,  0.001,  0.001
195273.0, 2270, 35.16713773, 136.88526105, 41.713, -3810385.787, 3567534.941, 3653064.618, -1.300,  2.433, 353.511, -0.001,  0.001,  0.000
195273.2, 2270, 35.16713773, 136.88526105, 41.713, -3810385.787, 3567534.941, 3653064.618, -1.296,  2.431, 353.511,  0.003,  0.003,  0.001
195273.4, 2270, 35.16713773, 136.88526105, 41.713, -3810385.787, 3567534.941, 3653064.618, -1.295,  2.431, 353.511,  0.000,  0.003,  0.000
195273.6, 2270, 35.16713773, 136.88526105, 41.713, -3810385.787, 3567534.941, 3653064.618, -1.299,  2.428, 353.514,  0.003,  0.002,  0.002
195273.8, 2270, 35.16713773, 136.88526105, 41.713, -3810385.787, 3567534.941, 3653064.618, -1.292,  2.430, 353.513,  0.002,  0.001,  0.001
195274.0, 2270, 35.16713773, 136.88526105, 41.713, -3810385.787, 3567534.941, 3653064.619, -1.294,  2.427, 353.512,  0.001,  0.002,  0.000
195274.2, 2270, 35.16713773, 136.88526105, 41.713, -3810385.787, 3567534.941, 3653064.619, -1.292,  2.429, 353.514,  0.004,  0.003,  0.001
195274.4, 2270, 35.16713773, 136.88526105, 41.713, -3810385.787, 3567534.941, 3653064.619, -1.289,  2.427, 353.512,  0.002, -0.001,  0.001
195274.6, 2270, 35.16713773, 136.88526105, 41.713, -3810385.787, 3567534.941, 3653064.619, -1.293,  2.428, 353.514,  0.000,  0.004,  0.000
195274.8, 2270, 35.16713773, 136.88526105, 41.713, -3810385.787, 3567534.941, 3653064.619, -1.290,  2.428, 353.515,  0.004,  0.001,  0.000
195275.0, 2270, 35.16713773, 136.88526105, 41.713, -3810385.787, 3567534.941, 3653064.619, -1.290,  2.428, 353.515,  0.001,  0.003,  0.001
195275.2, 2270, 35.16713773, 136.88526105, 41.713, -3810385.787, 3567534.941, 3653064.619, -1.291,  2.428, 353.514,  0.002,  0.001,  0.001
195275.4, 2270, 35.16713773, 136.88526105, 41.713, -3810385.787, 3567534.941, 3653064.619, -1.286,  2.428, 353.514,  0.001, -0.000,  0.001
195275.6, 2270, 35.16713773, 136.88526105, 41.713, -3810385.787, 3567534.941, 3653064.619, -1.291,  2.428, 353.515,  0.001,  0.001,  0.001
195275.8, 2270, 35.16713773, 136.88526105, 41.713, -3810385.787, 3567534.941, 3653064.619, -1.291,  2.427, 353.514,  0.003,  0.001,  0.001
195276.0, 2270, 35.16713773, 136.88526105, 41.713, -3810385.787, 3567534.941, 3653064.619, -1.292,  2.427, 353.514,  0.001,  0.002,  0.001
195276.2, 2270, 35.16713773, 136.88526105, 41.713, -3810385.787, 3567534.941, 3653064.619, -1.293,  2.427, 353.513,  0.002,  0.000,  0.001
195276.4, 2270, 35.16713773, 136.88526105, 41.713, -3810385.787, 3567534.941, 3653064.619, -1.288,  2.427, 353.512,  0.002,  0.002,  0.002
195276.6, 2270, 35.16713773, 136.88526105, 41.713, -3810385.787, 3567534.941, 3653064.619, -1.285,  2.428, 353.512,  0.001,  0.003,  0.001
195276.8, 2270, 35.16713773, 136.88526105, 41.713, -3810385.787, 3567534.941, 3653064.619, -1.288,  2.427, 353.512,  0.001,  0.001,  0.000
195277.0, 2270, 35.16713773, 136.88526105, 41.713, -3810385.787, 3567534.941, 3653064.619, -1.288,  2.428, 353.511,  0.003,  0.004,  0.001
195277.2, 2270, 35.16713773, 136.88526105, 41.713, -3810385.787, 3567534.941, 3653064.619, -1.296,  2.427, 353.513, -0.001,  0.001,  0.000
195277.4, 2270, 35.16713773, 136.88526105, 41.713, -3810385.787, 3567534.941, 3653064.618, -1.294,  2.428, 353.512,  0.004,  0.002,  0.002
195277.6, 2270, 35.16713773, 136.88526105, 41.713, -3810385.787, 3567534.941, 3653064.619, -1.288,  2.427, 353.511,  0.001,  0.001,  0.000
195277.8, 2270, 35.16713773, 136.88526105, 41.713, -3810385.787, 3567534.941, 3653064.619, -1.294,  2.428, 353.512,  0.001,  0.004,  0.001
195278.0, 2270, 35.16713773, 136.88526105, 41.713, -3810385.787, 3567534.941, 3653064.619, -1.291,  2.427, 353.513,  0.003,  0.000,  0.001
195278.2, 2270, 35.16713773, 136.88526105, 41.713, -3810385.787, 3567534.941, 3653064.619, -1.288,  2.427, 353.512,  0.001,  0.002,  0.001
195278.4, 2270, 35.16713773, 136.88526105, 41.713, -3810385.787, 3567534.941, 3653064.619, -1.294,  2.427, 353.513,  0.001,  0.000,  0.000
195278.6, 2270, 35.16713773, 136.88526105, 41.713, -3810385.787, 3567534.941, 3653064.619, -1.290,  2.428, 353.512,  0.001,  0.002,  0.000
195278.8, 2270, 35.16713773, 136.88526105, 41.713, -3810385.787, 3567534.941, 3653064.619, -1.294,  2.428, 353.512, -0.000, -0.001,  0.001
195279.0, 2270, 35.16713773, 136.88526105, 41.713, -3810385.787, 3567534.941, 3653064.619, -1.290,  2.428, 353.513,  0.004,  0.004,  0.002
195279.2, 2270, 35.16713773, 136.88526105, 41.713, -3810385.787, 3567534.941, 3653064.619, -1.286,  2.428, 353.513,  0.001,  0.000,  0.001
195279.4, 2270, 35.16713773, 136.88526105, 41.713, -3810385.787, 3567534.941, 3653064.619, -1.292,  2.428, 353.513,  0.000, -0.000,  0.001
195279.6, 2270, 35.16713773, 136.88526105, 41.713, -3810385.787, 3567534.941, 3653064.619, -1.290,  2.429, 353.513,  0.002, -0.000,  0.001
195279.8, 2270, 35.16713773, 136.88526105, 41.713, -3810385.787, 3567534.941, 3653064.619, -1.292,  2.429, 353.513,  0.001,  0.000,  0.001
195280.0, 2270, 35.16713773, 136.88526105, 41.713, -3810385.787, 3567534.941, 3653064.619, -1.290,  2.429, 353.513,  0.001,  0.001,  0.001
195280.2, 2270, 35.16713773, 136.88526105, 41.713, -3810385.787, 3567534.941, 3653064.619, -1.291,  2.427, 353.512,  0.001,  0.000,  0.001
195280.4, 2270, 35.16713773, 136.88526105, 41.713, -3810385.787, 3567534.941, 3653064.619, -1.291,  2.428, 353.512,  0.002,  0.001,  0.001
195280.6, 2270, 35.16713773, 136.88526105, 41.713, -3810385.787, 3567534.941, 3653064.619, -1.288,  2.428, 353.513,  0.001,  0.003,  0.001
195280.8, 2270, 35.16713773, 136.88526105, 41.713, -3810385.787, 3567534.941, 3653064.619, -1.291,  2.429, 353.513,  0.000,  0.001, -0.000
195281.0, 2270, 35.16713773, 136.88526105, 41.713, -3810385.787, 3567534.941, 3653064.619, -1.290,  2.428, 353.513,  0.000, -0.000,  0.001
195281.2, 2270, 35.16713773, 136.88526105, 41.713, -3810385.787, 3567534.941, 3653064.619, -1.290,  2.429, 353.513,  0.002,  0.001,  0.001
195281.4, 2270, 35.16713773, 136.88526105, 41.713, -3810385.787, 3567534.941, 3653064.619, -1.289,  2.429, 353.513,  0.001,  0.001,  0.000
195281.6, 2270, 35.16713773, 136.88526105, 41.713, -3810385.787, 3567534.941, 3653064.619, -1.289,  2.430, 353.512, -0.000,  0.004,  0.000
195281.8, 2270, 35.16713773, 136.88526105, 41.713, -3810385.787, 3567534.941, 3653064.619, -1.289,  2.430, 353.512,  0.001,  0.000,  0.001
195282.0, 2270, 35.16713773, 136.88526105, 41.713, -3810385.787, 3567534.941, 3653064.619, -1.289,  2.429, 353.514, -0.000,  0.001,  0.001
195282.2, 2270, 35.16713773, 136.88526105, 41.713, -3810385.787, 3567534.941, 3653064.619, -1.289,  2.429, 353.514,  0.001,  0.001,  0.001
195282.4, 2270, 35.16713773, 136.88526105, 41.713, -3810385.787, 3567534.941, 3653064.619, -1.288,  2.430, 353.513,  0.000,  0.001,  0.001
195282.6, 2270, 35.16713773, 136.88526105, 41.713, -3810385.787, 3567534.941, 3653064.619, -1.288,  2.430, 353.513,  0.002, -0.002,  0.002
195282.8, 2270, 35.16713773, 136.88526105, 41.713, -3810385.787, 3567534.941, 3653064.619, -1.284,  2.430, 353.511,  0.002,  0.004,  0.003
195283.0, 2270, 35.16713773, 136.88526105, 41.713, -3810385.787, 3567534.941, 3653064.619, -1.284,  2.430, 353.511,  0.001, -0.001,  0.002
195283.2, 2270, 35.16713773, 136.88526105, 41.713, -3810385.787, 3567534.941, 3653064.619, -1.286,  2.429, 353.512,  0.000,  0.003,  0.002
195283.4, 2270, 35.16713773, 136.88526105, 41.713, -3810385.787, 3567534.941, 3653064.619, -1.290,  2.431, 353.514,  0.003, -0.001,  0.003
195283.6, 2270, 35.16713773, 136.88526105, 41.713, -3810385.787, 3567534.941, 3653064.619, -1.291,  2.428, 353.513,  0.003,  0.004,  0.003
195283.8, 2270, 35.16713773, 136.88526105, 41.713, -3810385.787, 3567534.941, 3653064.619, -1.287,  2.429, 353.511,  0.003,  0.000,  0.001
195284.0, 2270, 35.16713773, 136.88526105, 41.713, -3810385.787, 3567534.941, 3653064.619, -1.290,  2.426, 353.511,  0.000, -0.001,  0.001
195284.2, 2270, 35.16713773, 136.88526105, 41.713, -3810385.787, 3567534.941, 3653064.619, -1.290,  2.428, 353.512,  0.001,  0.003,  0.001
195284.4, 2270, 35.16713773, 136.88526105, 41.713, -3810385.787, 3567534.941, 3653064.619, -1.284,  2.425, 353.513,  0.003, -0.003,  0.001
195284.6, 2270, 35.16713773, 136.88526105, 41.713, -3810385.787, 3567534.941, 3653064.619, -1.284,  2.427, 353.512, -0.003,  0.000,  0.001
195284.8, 2270, 35.16713773, 136.88526105, 41.713, -3810385.787, 3567534.941, 3653064.619, -1.292,  2.424, 353.512,  0.004, -0.000,  0.001
195285.0, 2270, 35.16713773, 136.88526105, 41.713, -3810385.787, 3567534.941, 3653064.619, -1.281,  2.426, 353.511,  0.002, -0.001,  0.003
195285.2, 2270, 35.16713773, 136.88526105, 41.713, -3810385.787, 3567534.941, 3653064.619, -1.288,  2.424, 353.513,  0.001, -0.001,  0.001
195285.4, 2270, 35.16713773, 136.88526105, 41.713, -3810385.787, 3567534.941, 3653064.619, -1.285,  2.425, 353.513,  0.004, -0.000,  0.001
195285.6, 2270, 35.16713773, 136.88526105, 41.713, -3810385.787, 3567534.941, 3653064.619, -1.283,  2.423, 353.512,  0.000, -0.001,  0.002
195285.8, 2270, 35.16713773, 136.88526105, 41.713, -3810385.787, 3567534.941, 3653064.619, -1.284,  2.425, 353.513,  0.003,  0.001,  0.001
195286.0, 2270, 35.16713773, 136.88526105, 41.713, -3810385.787, 3567534.941, 3653064.619, -1.283,  2.424, 353.513,  0.000, -0.002,  0.001
195286.2, 2270, 35.16713773, 136.88526105, 41.713, -3810385.787, 3567534.941, 3653064.619, -1.287,  2.425, 353.514,  0.003, -0.000,  0.002
195286.4, 2270, 35.16713773, 136.88526105, 41.713, -3810385.787, 3567534.941, 3653064.619, -1.290,  2.421, 353.512,  0.001,  0.000,  0.000
195286.6, 2270, 35.16713773, 136.88526105, 41.713, -3810385.787, 3567534.941, 3653064.619, -1.286,  2.423, 353.511,  0.004, -0.000,  0.001
195286.8, 2270, 35.16713773, 136.88526105, 41.713, -3810385.787, 3567534.941, 3653064.619, -1.284,  2.422, 353.513,  0.000, -0.000,  0.001
195287.0, 2270, 35.16713773, 136.88526105, 41.713, -3810385.787, 3567534.941, 3653064.619, -1.287,  2.424, 353.512,  0.002,  0.001,  0.001
195287.2, 2270, 35.16713773, 136.88526105, 41.713, -3810385.787, 3567534.941, 3653064.619, -1.284,  2.423, 353.513,  0.001,  0.001,  0.000
195287.4, 2270, 35.16713773, 136.88526105, 41.713, -3810385.787, 3567534.941, 3653064.619, -1.286,  2.423, 353.512,  0.001,  0.001,  0.000
195287.6, 2270, 35.16713773, 136.88526105, 41.713, -3810385.787, 3567534.941, 3653064.619, -1.287,  2.424, 353.511,  0.003,  0.001,  0.001
195287.8, 2270, 35.16713773, 136.88526105, 41.713, -3810385.787, 3567534.941, 3653064.619, -1.285,  2.424, 353.511,  0.002, -0.000,  0.001
195288.0, 2270, 35.16713773, 136.88526105, 41.713, -3810385.787, 3567534.941, 3653064.619, -1.286,  2.424, 353.512,  0.002,  0.001,  0.001
195288.2, 2270, 35.16713773, 136.88526105, 41.713, -3810385.787, 3567534.941, 3653064.619, -1.285,  2.424, 353.513,  0.003,  0.001,  0.001
195288.4, 2270, 35.16713773, 136.88526105, 41.713, -3810385.787, 3567534.941, 3653064.619, -1.286,  2.424, 353.514,  0.002,  0.002,  0.001
195288.6, 2270, 35.16713773, 136.88526105, 41.713, -3810385.787, 3567534.941, 3653064.619, -1.285,  2.424, 353.513,  0.003,  0.000,  0.001
195288.8, 2270, 35.16713773, 136.88526105, 41.713, -3810385.787, 3567534.941, 3653064.619, -1.286,  2.423, 353.512,  0.002,  0.002,  0.001
195289.0, 2270, 35.16713773, 136.88526105, 41.713, -3810385.787, 3567534.941, 3653064.619, -1.285,  2.425, 353.511,  0.003,  0.001,  0.001
195289.2, 2270, 35.16713773, 136.88526105, 41.713, -3810385.787, 3567534.941, 3653064.619, -1.286,  2.424, 353.512,  0.002,  0.003,  0.000
195289.4, 2270, 35.16713773, 136.88526105, 41.713, -3810385.787, 3567534.941, 3653064.619, -1.287,  2.425, 353.512,  0.004,  0.001,  0.001
195289.6, 2270, 35.16713773, 136.88526105, 41.713, -3810385.787, 3567534.941, 3653064.619, -1.287,  2.424, 353.513,  0.002,  0.003,  0.000
195289.8, 2270, 35.16713773, 136.88526105, 41.713, -3810385.787, 3567534.941, 3653064.619, -1.286,  2.426, 353.513,  0.002,  0.002, -0.000
195290.0, 2270, 35.16713773, 136.88526105, 41.713, -3810385.787, 3567534.941, 3653064.619, -1.284,  2.425, 353.514,  0.003,  0.001,  0.001
195290.2, 2270, 35.16713773, 136.88526105, 41.713, -3810385.787, 3567534.941, 3653064.619, -1.285,  2.427, 353.513,  0.001,  0.000,  0.001
195290.4, 2270, 35.16713773, 136.88526105, 41.713, -3810385.787, 3567534.941, 3653064.619, -1.286,  2.427, 353.513,  0.000,  0.000,  0.000
195290.6, 2270, 35.16713773, 136.88526105, 41.713, -3810385.787, 3567534.941, 3653064.619, -1.285,  2.428, 353.513,  0.001,  0.001,  0.000
195290.8, 2270, 35.16713773, 136.88526105, 41.713, -3810385.787, 3567534.941, 3653064.619, -1.286,  2.427, 353.513,  0.002, -0.000,  0.001
195291.0, 2270, 35.16713773, 136.88526105, 41.713, -3810385.787, 3567534.941, 3653064.619, -1.285,  2.427, 353.515,  0.003,  0.002,  0.001
195291.2, 2270, 35.16713773, 136.88526105, 41.713, -3810385.787, 3567534.941, 3653064.619, -1.284,  2.426, 353.516,  0.002,  0.001,  0.000
195291.4, 2270, 35.16713773, 136.88526105, 41.713, -3810385.787, 3567534.941, 3653064.619, -1.286,  2.425, 353.517,  0.002,  0.001,  0.001
195291.6, 2270, 35.16713773, 136.88526105, 41.713, -3810385.787, 3567534.941, 3653064.619, -1.285,  2.426, 353.517,  0.001,  0.001,  0.000
195291.8, 2270, 35.16713773, 136.88526105, 41.713, -3810385.787, 3567534.941, 3653064.619, -1.286,  2.426, 353.516,  0.002,  0.002,  0.001
195292.0, 2270, 35.16713773, 136.88526105, 41.713, -3810385.787, 3567534.941, 3653064.619, -1.285,  2.427, 353.518,  0.003,  0.001,  0.001
195292.2, 2270, 35.16713773, 136.88526105, 41.713, -3810385.787, 3567534.941, 3653064.619, -1.286,  2.426, 353.518,  0.002,  0.001,  0.001
195292.4, 2270, 35.16713773, 136.88526105, 41.713, -3810385.787, 3567534.941, 3653064.619, -1.287,  2.426, 353.518,  0.003,  0.001,  0.001
195292.6, 2270, 35.16713773, 136.88526105, 41.713, -3810385.787, 3567534.941, 3653064.619, -1.286,  2.426, 353.517,  0.001, -0.000,  0.001
195292.8, 2270, 35.16713773, 136.88526105, 41.713, -3810385.787, 3567534.941, 3653064.619, -1.287,  2.426, 353.517,  0.001,  0.002,  0.000
195293.0, 2270, 35.16713773, 136.88526105, 41.713, -3810385.787, 3567534.941, 3653064.619, -1.288,  2.427, 353.517,  0.002,  0.001,  0.001
195293.2, 2270, 35.16713773, 136.88526105, 41.713, -3810385.787, 3567534.941, 3653064.619, -1.288,  2.427, 353.518,  0.002,  0.003,  0.001
195293.4, 2270, 35.16713773, 136.88526105, 41.713, -3810385.787, 3567534.941, 3653064.619, -1.288,  2.428, 353.517,  0.002,  0.002,  0.001
195293.6, 2270, 35.16713773, 136.88526105, 41.713, -3810385.787, 3567534.941, 3653064.619, -1.287,  2.427, 353.518,  0.002,  0.001,  0.001
195293.8, 2270, 35.16713773, 136.88526105, 41.713, -3810385.787, 3567534.941, 3653064.619, -1.285,  2.429, 353.519,  0.002,  0.003, -0.000
195294.0, 2270, 35.16713773, 136.88526105, 41.713, -3810385.787, 3567534.941, 3653064.619, -1.288,  2.427, 353.519,  0.001,  0.000,  0.001
195294.2, 2270, 35.16713773, 136.88526105, 41.713, -3810385.787, 3567534.941, 3653064.619, -1.285,  2.428, 353.518,  0.004,  0.003,  0.002
195294.4, 2270, 35.16713773, 136.88526105, 41.713, -3810385.787, 3567534.941, 3653064.619, -1.288,  2.428, 353.517,  0.001,  0.002,  0.000
195294.6, 2270, 35.16713773, 136.88526105, 41.713, -3810385.787, 3567534.941, 3653064.619, -1.286,  2.428, 353.517,  0.002,  0.002,  0.001
195294.8, 2270, 35.16713773, 136.88526105, 41.713, -3810385.787, 3567534.941, 3653064.619, -1.285,  2.429, 353.517,  0.002,  0.003,  0.000
195295.0, 2270, 35.16713773, 136.88526105, 41.713, -3810385.787, 3567534.941, 3653064.619, -1.287,  2.427, 353.518,  0.002,  0.001,  0.001
195295.2, 2270, 35.16713773, 136.88526105, 41.713, -3810385.787, 3567534.941, 3653064.619, -1.286,  2.428, 353.518,  0.001, -0.000,  0.001
195295.4, 2270, 35.16713773, 136.88526105, 41.713, -3810385.787, 3567534.941, 3653064.619, -1.286,  2.426, 353.518,  0.001,  0.003,  0.000
195295.6, 2270, 35.16713773, 136.88526105, 41.713, -3810385.787, 3567534.941, 3653064.619, -1.287,  2.426, 353.517,  0.001,  0.001,  0.001
195295.8, 2270, 35.16713773, 136.88526105, 41.713, -3810385.787, 3567534.941, 3653064.619, -1.285,  2.427, 353.518,  0.002,  0.001,  0.001
195296.0, 2270, 35.16713773, 136.88526105, 41.713, -3810385.787, 3567534.941, 3653064.619, -1.286,  2.426, 353.517,  0.001,  0.003,  0.001
195296.2, 2270, 35.16713773, 136.88526105, 41.713, -3810385.787, 3567534.941, 3653064.619, -1.286,  2.427, 353.517,  0.002,  0.001,  0.001
195296.4, 2270, 35.16713773, 136.88526105, 41.713, -3810385.787, 3567534.941, 3653064.619, -1.287,  2.427, 353.519,  0.002,  0.003,  0.001
195296.6, 2270, 35.16713773, 136.88526105, 41.713, -3810385.787, 3567534.941, 3653064.619, -1.288,  2.427, 353.518,  0.001,  0.003, -0.000
195296.8, 2270, 35.16713773, 136.88526105, 41.713, -3810385.787, 3567534.941, 3653064.619, -1.287,  2.427, 353.518,  0.002,  0.002,  0.000
195297.0, 2270, 35.16713773, 136.88526105, 41.713, -3810385.787, 3567534.941, 3653064.619, -1.288,  2.427, 353.518,  0.002,  0.002,  0.001
195297.2, 2270, 35.16713773, 136.88526105, 41.713, -3810385.787, 3567534.941, 3653064.619, -1.289,  2.428, 353.519,  0.001,  0.001,  0.001
195297.4, 2270, 35.16713773, 136.88526105, 41.713, -3810385.787, 3567534.941, 3653064.619, -1.286,  2.427, 353.518,  0.001,  0.002,  0.001
195297.6, 2270, 35.16713773, 136.88526105, 41.713, -3810385.787, 3567534.941, 3653064.619, -1.287,  2.428, 353.517,  0.001,  0.002,  0.000
195297.8, 2270, 35.16713773, 136.88526105, 41.713, -3810385.787, 3567534.941, 3653064.619, -1.288,  2.426, 353.519,  0.002,  0.002,  0.001
195298.0, 2270, 35.16713773, 136.88526105, 41.713, -3810385.787, 3567534.941, 3653064.619, -1.284,  2.429, 353.518,  0.002,  0.002,  0.001
195298.2, 2270, 35.16713773, 136.88526105, 41.713, -3810385.787, 3567534.941, 3653064.619, -1.289,  2.427, 353.517, -0.000,  0.001,  0.000
195298.4, 2270, 35.16713773, 136.88526105, 41.713, -3810385.787, 3567534.941, 3653064.619, -1.288,  2.429, 353.517,  0.001,  0.003, -0.000
195298.6, 2270, 35.16713773, 136.88526105, 41.713, -3810385.787, 3567534.941, 3653064.619, -1.287,  2.427, 353.517,  0.001,  0.002,  0.000
195298.8, 2270, 35.16713773, 136.88526105, 41.713, -3810385.787, 3567534.941, 3653064.619, -1.285,  2.431, 353.517,  0.002,  0.003,  0.001
195299.0, 2270, 35.16713773, 136.88526105, 41.713, -3810385.787, 3567534.941, 3653064.619, -1.287,  2.428, 353.519,  0.001,  0.000, -0.001
195299.2, 2270, 35.16713773, 136.88526105, 41.713, -3810385.787, 3567534.941, 3653064.619, -1.288,  2.429, 353.519,  0.000,  0.004,  0.000
195299.4, 2270, 35.16713773, 136.88526105, 41.713, -3810385.787, 3567534.941, 3653064.619, -1.287,  2.429, 353.519,  0.001,  0.000,  0.000
195299.6, 2270, 35.16713773, 136.88526105, 41.713, -3810385.787, 3567534.941, 3653064.619, -1.288,  2.429, 353.520, -0.000,  0.003,  0.000
195299.8, 2270, 35.16713773, 136.88526105, 41.713, -3810385.787, 3567534.941, 3653064.619, -1.287,  2.430, 353.520,  0.001,  0.001,  0.001
195300.0, 2270, 35.16713773, 136.88526105, 41.713, -3810385.787, 3567534.941, 3653064.619, -1.289,  2.429, 353.519,  0.001,  0.000,  0.001
195300.2, 2270, 35.16713773, 136.88526105, 41.713, -3810385.787, 3567534.941, 3653064.619, -1.290,  2.430, 353.519,  0.001,  0.001,  0.001
195300.4, 2270, 35.16713773, 136.88526105, 41.713, -3810385.787, 3567534.941, 3653064.619, -1.290,  2.430, 353.520, -0.001,  0.002, -0.001
195300.6, 2270, 35.16713773, 136.88526105, 41.713, -3810385.787, 3567534.941, 3653064.619, -1.288,  2.430, 353.519, -0.000, -0.001,  0.001
195300.8, 2270, 35.16713773, 136.88526105, 41.713, -3810385.787, 3567534.941, 3653064.619, -1.290,  2.431, 353.521, -0.001, -0.002,  0.000
195301.0, 2270, 35.16713773, 136.88526105, 41.713, -3810385.787, 3567534.941, 3653064.619, -1.291,  2.431, 353.520, -0.001,  0.000, -0.000
195301.2, 2270, 35.16713773, 136.88526105, 41.713, -3810385.787, 3567534.941, 3653064.619, -1.289,  2.432, 353.521,  0.000, -0.001,  0.001
195301.4, 2270, 35.16713773, 136.88526105, 41.713, -3810385.787, 3567534.941, 3653064.619, -1.290,  2.430, 353.522,  0.000, -0.002,  0.001
195301.6, 2270, 35.16713773, 136.88526105, 41.713, -3810385.787, 3567534.941, 3653064.619, -1.290,  2.430, 353.521, -0.000,  0.000,  0.001
195301.8, 2270, 35.16713773, 136.88526105, 41.713, -3810385.787, 3567534.941, 3653064.619, -1.289,  2.430, 353.521, -0.001, -0.001,  0.000
195302.0, 2270, 35.16713773, 136.88526105, 41.713, -3810385.787, 3567534.941, 3653064.619, -1.290,  2.429, 353.521, -0.001,  0.000, -0.000
195302.2, 2270, 35.16713773, 136.88526105, 41.713, -3810385.787, 3567534.941, 3653064.619, -1.293,  2.430, 353.520, -0.001, -0.000,  0.001
195302.4, 2270, 35.16713773, 136.88526105, 41.713, -3810385.787, 3567534.941, 3653064.619, -1.284,  2.429, 353.519, -0.001, -0.005,  0.000
195302.6, 2270, 35.16713773, 136.88526105, 41.713, -3810385.787, 3567534.941, 3653064.619, -1.294,  2.427, 353.521, -0.003,  0.002, -0.001
195302.8, 2270, 35.16713773, 136.88526105, 41.713, -3810385.787, 3567534.941, 3653064.619, -1.287,  2.427, 353.521,  0.002, -0.001,  0.001
195303.0, 2270, 35.16713773, 136.88526105, 41.713, -3810385.787, 3567534.941, 3653064.619, -1.289,  2.426, 353.520, -0.002,  0.000,  0.001
195303.2, 2270, 35.16713773, 136.88526105, 41.713, -3810385.787, 3567534.941, 3653064.619, -1.289,  2.427, 353.520,  0.000, -0.002,  0.001
195303.4, 2270, 35.16713773, 136.88526105, 41.713, -3810385.787, 3567534.941, 3653064.619, -1.287,  2.426, 353.519, -0.002, -0.000,  0.002
195303.6, 2270, 35.16713773, 136.88526105, 41.713, -3810385.787, 3567534.941, 3653064.619, -1.290,  2.427, 353.520,  0.001,  0.001,  0.001
195303.8, 2270, 35.16713773, 136.88526105, 41.713, -3810385.787, 3567534.941, 3653064.619, -1.286,  2.426, 353.521, -0.001, -0.001,  0.000
195304.0, 2270, 35.16713773, 136.88526105, 41.713, -3810385.787, 3567534.941, 3653064.619, -1.286,  2.425, 353.521, -0.002,  0.001,  0.002
195304.2, 2270, 35.16713773, 136.88526105, 41.713, -3810385.787, 3567534.941, 3653064.619, -1.286,  2.424, 353.520, -0.001, -0.000,  0.002
195304.4, 2270, 35.16713773, 136.88526105, 41.713, -3810385.787, 3567534.941, 3653064.619, -1.286,  2.424, 353.520, -0.002, -0.002,  0.002
195304.6, 2270, 35.16713773, 136.88526105, 41.713, -3810385.787, 3567534.941, 3653064.619, -1.286,  2.424, 353.521, -0.000,  0.001,  0.002
195304.8, 2270, 35.16713773, 136.88526105, 41.713, -3810385.787, 3567534.941, 3653064.619, -1.285,  2.424, 353.521, -0.001,  0.001,  0.001
195305.0, 2270, 35.16713773, 136.88526105, 41.713, -3810385.787, 3567534.941, 3653064.619, -1.286,  2.424, 353.520, -0.001,  0.001,  0.002
195305.2, 2270, 35.16713773, 136.88526105, 41.713, -3810385.787, 3567534.941, 3653064.619, -1.283,  2.423, 353.518, -0.001,  0.000,  0.002
195305.4, 2270, 35.16713773, 136.88526105, 41.713, -3810385.787, 3567534.941, 3653064.619, -1.284,  2.422, 353.519,  0.001, -0.001,  0.002
195305.6, 2270, 35.16713773, 136.88526105, 41.713, -3810385.787, 3567534.941, 3653064.619, -1.283,  2.425, 353.518, -0.001,  0.002,  0.002
195305.8, 2270, 35.16713773, 136.88526105, 41.713, -3810385.787, 3567534.941, 3653064.619, -1.284,  2.425, 353.517, -0.002, -0.002,  0.001
195306.0, 2270, 35.16713773, 136.88526105, 41.713, -3810385.787, 3567534.941, 3653064.619, -1.285,  2.425, 353.517, -0.003,  0.001,  0.001
195306.2, 2270, 35.16713773, 136.88526105, 41.713, -3810385.787, 3567534.941, 3653064.619, -1.284,  2.426, 353.518,  0.001,  0.001,  0.002
195306.4, 2270, 35.16713773, 136.88526105, 41.713, -3810385.787, 3567534.941, 3653064.619, -1.285,  2.425, 353.519, -0.000,  0.002,  0.001
195306.6, 2270, 35.16713773, 136.88526105, 41.713, -3810385.787, 3567534.941, 3653064.619, -1.285,  2.426, 353.518,  0.000,  0.001,  0.001
195306.8, 2270, 35.16713773, 136.88526105, 41.713, -3810385.787, 3567534.941, 3653064.619, -1.285,  2.426, 353.519, -0.001,  0.001,  0.001
195307.0, 2270, 35.16713773, 136.88526105, 41.713, -3810385.787, 3567534.941, 3653064.619, -1.286,  2.427, 353.520,  0.001,  0.001,  0.002
195307.2, 2270, 35.16713773, 136.88526105, 41.713, -3810385.787, 3567534.941, 3653064.619, -1.285,  2.427, 353.520, -0.001,  0.002,  0.001
195307.4, 2270, 35.16713773, 136.88526105, 41.713, -3810385.787, 3567534.941, 3653064.619, -1.285,  2.428, 353.520,  0.000,  0.003,  0.002
195307.6, 2270, 35.16713773, 136.88526105, 41.713, -3810385.787, 3567534.941, 3653064.619, -1.285,  2.428, 353.521, -0.001,  0.001,  0.001
195307.8, 2270, 35.16713773, 136.88526105, 41.713, -3810385.787, 3567534.941, 3653064.619, -1.283,  2.428, 353.519, -0.001,  0.001,  0.002
195308.0, 2270, 35.16713773, 136.88526105, 41.713, -3810385.787, 3567534.941, 3653064.619, -1.284,  2.428, 353.520,  0.000,  0.001,  0.002
195308.2, 2270, 35.16713773, 136.88526105, 41.713, -3810385.787, 3567534.941, 3653064.619, -1.284,  2.428, 353.521,  0.000, -0.000,  0.002
195308.4, 2270, 35.16713773, 136.88526105, 41.713, -3810385.787, 3567534.941, 3653064.619, -1.284,  2.428, 353.520,  0.000,  0.001,  0.002
195308.6, 2270, 35.16713773, 136.88526105, 41.713, -3810385.787, 3567534.941, 3653064.619, -1.286,  2.429, 353.518, -0.000,  0.001,  0.001
195308.8, 2270, 35.16713773, 136.88526105, 41.713, -3810385.787, 3567534.941, 3653064.619, -1.282,  2.427, 353.518, -0.002,  0.000,  0.001
195309.0, 2270, 35.16713773, 136.88526105, 41.713, -3810385.787, 3567534.941, 3653064.619, -1.285,  2.427, 353.517, -0.001,  0.000,  0.002
195309.2, 2270, 35.16713773, 136.88526105, 41.713, -3810385.787, 3567534.941, 3653064.619, -1.283,  2.427, 353.520,  0.002,  0.001,  0.002
195309.4, 2270, 35.16713773, 136.88526105, 41.713, -3810385.787, 3567534.941, 3653064.619, -1.283,  2.427, 353.519, -0.002,  0.002,  0.001
195309.6, 2270, 35.16713773, 136.88526105, 41.713, -3810385.787, 3567534.941, 3653064.619, -1.285,  2.428, 353.518, -0.000,  0.002,  0.001
195309.8, 2270, 35.16713773, 136.88526105, 41.713, -3810385.787, 3567534.941, 3653064.619, -1.282,  2.427, 353.518,  0.000,  0.001,  0.002
195310.0, 2270, 35.16713773, 136.88526105, 41.713, -3810385.787, 3567534.941, 3653064.619, -1.285,  2.427, 353.517, -0.003,  0.001,  0.000
195310.2, 2270, 35.16713773, 136.88526105, 41.713, -3810385.787, 3567534.941, 3653064.619, -1.283,  2.426, 353.517,  0.001,  0.001,  0.001
195310.4, 2270, 35.16713773, 136.88526105, 41.713, -3810385.787, 3567534.941, 3653064.619, -1.282,  2.426, 353.517, -0.002,  0.000,  0.000
195310.6, 2270, 35.16713773, 136.88526105, 41.713, -3810385.787, 3567534.941, 3653064.619, -1.281,  2.427, 353.518,  0.002,  0.002,  0.001
195310.8, 2270, 35.16713773, 136.88526105, 41.713, -3810385.787, 3567534.941, 3653064.619, -1.280,  2.427, 353.517,  0.001,  0.001,  0.001
195311.0, 2270, 35.16713773, 136.88526105, 41.713, -3810385.787, 3567534.941, 3653064.619, -1.279,  2.427, 353.517,  0.002,  0.002,  0.000
195311.2, 2270, 35.16713773, 136.88526105, 41.713, -3810385.787, 3567534.941, 3653064.619, -1.277,  2.427, 353.518,  0.000,  0.002,  0.001
195311.4, 2270, 35.16713773, 136.88526105, 41.713, -3810385.787, 3567534.941, 3653064.619, -1.282,  2.427, 353.515, -0.000,  0.000,  0.001
195311.6, 2270, 35.16713773, 136.88526105, 41.713, -3810385.787, 3567534.941, 3653064.619, -1.279,  2.427, 353.517,  0.004, -0.001,  0.001
195311.8, 2270, 35.16713773, 136.88526105, 41.713, -3810385.787, 3567534.941, 3653064.619, -1.280,  2.427, 353.517, -0.001,  0.003, -0.000
195312.0, 2270, 35.16713773, 136.88526105, 41.713, -3810385.787, 3567534.941, 3653064.619, -1.284,  2.428, 353.517,  0.003,  0.000,  0.003
195312.2, 2270, 35.16713773, 136.88526105, 41.713, -3810385.787, 3567534.941, 3653064.619, -1.277,  2.428, 353.516, -0.001,  0.000,  0.001
195312.4, 2270, 35.16713773, 136.88526105, 41.713, -3810385.787, 3567534.941, 3653064.619, -1.282,  2.427, 353.517,  0.001,  0.002,  0.001
195312.6, 2270, 35.16713773, 136.88526105, 41.713, -3810385.787, 3567534.941, 3653064.619, -1.279,  2.427, 353.515,  0.004,  0.001,  0.002
195312.8, 2270, 35.16713773, 136.88526105, 41.713, -3810385.787, 3567534.941, 3653064.619, -1.280,  2.425, 353.517,  0.003,  0.003,  0.002
195313.0, 2270, 35.16713773, 136.88526105, 41.713, -3810385.787, 3567534.941, 3653064.619, -1.283,  2.429, 353.517,  0.003,  0.003,  0.002
195313.2, 2270, 35.16713773, 136.88526105, 41.713, -3810385.787, 3567534.941, 3653064.619, -1.279,  2.428, 353.516,  0.002,  0.001,  0.002
195313.4, 2270, 35.16713773, 136.88526105, 41.713, -3810385.787, 3567534.941, 3653064.619, -1.283,  2.427, 353.517,  0.001,  0.003,  0.002
195313.6, 2270, 35.16713773, 136.88526105, 41.713, -3810385.787, 3567534.941, 3653064.619, -1.281,  2.428, 353.517,  0.005,  0.000,  0.002
195313.8, 2270, 35.16713773, 136.88526105, 41.713, -3810385.787, 3567534.941, 3653064.619, -1.279,  2.428, 353.516, -0.000,  0.002,  0.002
195314.0, 2270, 35.16713773, 136.88526105, 41.713, -3810385.787, 3567534.941, 3653064.619, -1.286,  2.430, 353.517,  0.002,  0.002,  0.001
195314.2, 2270, 35.16713773, 136.88526105, 41.713, -3810385.787, 3567534.941, 3653064.619, -1.280,  2.428, 353.518,  0.003,  0.002,  0.002
195314.4, 2270, 35.16713773, 136.88526105, 41.713, -3810385.787, 3567534.941, 3653064.619, -1.282,  2.431, 353.519,  0.003,  0.004,  0.002
195314.6, 2270, 35.16713773, 136.88526105, 41.713, -3810385.787, 3567534.941, 3653064.619, -1.277,  2.429, 353.518,  0.004,  0.000,  0.001
195314.8, 2270, 35.16713773, 136.88526105, 41.713, -3810385.787, 3567534.941, 3653064.619, -1.282,  2.429, 353.518,  0.002,  0.002,  0.000
195315.0, 2270, 35.16713773, 136.88526105, 41.713, -3810385.787, 3567534.941, 3653064.619, -1.284,  2.429, 353.516,  0.002, -0.002,  0.002
195315.2, 2270, 35.16713773, 136.88526105, 41.713, -3810385.787, 3567534.941, 3653064.619, -1.285,  2.428, 353.517,  0.001,  0.003,  0.002
195315.4, 2270, 35.16713773, 136.88526105, 41.713, -3810385.787, 3567534.941, 3653064.619, -1.286,  2.429, 353.518,  0.003, -0.000, -0.001
195315.6, 2270, 35.16713773, 136.88526105, 41.713, -3810385.787, 3567534.941, 3653064.619, -1.283,  2.427, 353.518,  0.000,  0.004,  0.001
195315.8, 2270, 35.16713773, 136.88526105, 41.713, -3810385.787, 3567534.941, 3653064.619, -1.284,  2.430, 353.518,  0.003, -0.000,  0.002
195316.0, 2270, 35.16713773, 136.88526105, 41.713, -3810385.787, 3567534.941, 3653064.619, -1.285,  2.429, 353.520,  0.005,  0.003,  0.001
195316.2, 2270, 35.16713773, 136.88526105, 41.713, -3810385.787, 3567534.941, 3653064.619, -1.286,  2.427, 353.520,  0.003,  0.001,  0.002
195316.4, 2270, 35.16713773, 136.88526105, 41.713, -3810385.787, 3567534.941, 3653064.619, -1.282,  2.429, 353.521,  0.006,  0.003,  0.002
195316.6, 2270, 35.16713773, 136.88526105, 41.713, -3810385.787, 3567534.941, 3653064.619, -1.286,  2.426, 353.519,  0.000,  0.003, -0.001
195316.8, 2270, 35.16713773, 136.88526105, 41.713, -3810385.787, 3567534.941, 3653064.619, -1.287,  2.428, 353.521,  0.005,  0.002,  0.003
195317.0, 2270, 35.16713773, 136.88526105, 41.713, -3810385.787, 3567534.941, 3653064.619, -1.280,  2.428, 353.522,  0.002,  0.002,  0.001
195317.2, 2270, 35.16713773, 136.88526105, 41.713, -3810385.787, 3567534.941, 3653064.619, -1.293,  2.428, 353.520,  0.003,  0.001, -0.001
195317.4, 2270, 35.16713773, 136.88526105, 41.713, -3810385.787, 3567534.941, 3653064.619, -1.292,  2.428, 353.521,  0.004,  0.001,  0.004
195317.6, 2270, 35.16713773, 136.88526105, 41.713, -3810385.787, 3567534.941, 3653064.619, -1.281,  2.432, 353.522,  0.003,  0.004,  0.003
195317.8, 2270, 35.16713773, 136.88526105, 41.713, -3810385.787, 3567534.941, 3653064.619, -1.286,  2.431, 353.521,  0.001, -0.001,  0.001
195318.0, 2270, 35.16713773, 136.88526105, 41.713, -3810385.787, 3567534.941, 3653064.619, -1.284,  2.427, 353.522,  0.003,  0.003,  0.001
195318.2, 2270, 35.16713773, 136.88526105, 41.713, -3810385.787, 3567534.941, 3653064.619, -1.286,  2.429, 353.523,  0.002, -0.000,  0.001
195318.4, 2270, 35.16713773, 136.88526105, 41.713, -3810385.787, 3567534.941, 3653064.619, -1.284,  2.426, 353.523,  0.004,  0.002,  0.003
195318.6, 2270, 35.16713773, 136.88526105, 41.713, -3810385.787, 3567534.941, 3653064.619, -1.286,  2.430, 353.521, -0.000,  0.002,  0.002
195318.8, 2270, 35.16713773, 136.88526105, 41.713, -3810385.787, 3567534.941, 3653064.619, -1.289,  2.430, 353.522,  0.002, -0.001,  0.002
195319.0, 2270, 35.16713773, 136.88526105, 41.713, -3810385.787, 3567534.941, 3653064.619, -1.283,  2.430, 353.523,  0.003,  0.002,  0.002
195319.2, 2270, 35.16713773, 136.88526105, 41.713, -3810385.787, 3567534.941, 3653064.619, -1.288,  2.429, 353.522, -0.001, -0.001,  0.001
195319.4, 2270, 35.16713773, 136.88526105, 41.713, -3810385.787, 3567534.941, 3653064.619, -1.289,  2.429, 353.522,  0.001,  0.001,  0.002
195319.6, 2270, 35.16713773, 136.88526105, 41.713, -3810385.787, 3567534.941, 3653064.619, -1.286,  2.430, 353.524,  0.001,  0.003,  0.001
195319.8, 2270, 35.16713773, 136.88526105, 41.713, -3810385.787, 3567534.941, 3653064.619, -1.288,  2.429, 353.523,  0.001,  0.001,  0.001
195320.0, 2270, 35.16713773, 136.88526105, 41.713, -3810385.787, 3567534.941, 3653064.619, -1.285,  2.430, 353.524,  0.002,  0.002,  0.002
195320.2, 2270, 35.16713773, 136.88526105, 41.713, -3810385.787, 3567534.941, 3653064.619, -1.287,  2.430, 353.522, -0.001, -0.000,  0.000
195320.4, 2270, 35.16713773, 136.88526105, 41.713, -3810385.787, 3567534.941, 3653064.619, -1.285,  2.430, 353.524,  0.001,  0.001,  0.001
195320.6, 2270, 35.16713773, 136.88526105, 41.713, -3810385.787, 3567534.941, 3653064.619, -1.285,  2.430, 353.523, -0.001,  0.001,  0.000
195320.8, 2270, 35.16713773, 136.88526105, 41.713, -3810385.787, 3567534.941, 3653064.619, -1.286,  2.430, 353.523, -0.002, -0.002,  0.000
195321.0, 2270, 35.16713773, 136.88526105, 41.713, -3810385.787, 3567534.941, 3653064.619, -1.284,  2.430, 353.524, -0.001, -0.000,  0.001
195321.2, 2270, 35.16713773, 136.88526105, 41.713, -3810385.787, 3567534.941, 3653064.619, -1.286,  2.430, 353.524, -0.001, -0.001,  0.001
195321.4, 2270, 35.16713773, 136.88526105, 41.713, -3810385.787, 3567534.941, 3653064.619, -1.283,  2.431, 353.524,  0.002,  0.000,  0.002
195321.6, 2270, 35.16713773, 136.88526105, 41.713, -3810385.787, 3567534.941, 3653064.619, -1.284,  2.430, 353.522,  0.002, -0.000,  0.001
195321.8, 2270, 35.16713773, 136.88526105, 41.713, -3810385.787, 3567534.941, 3653064.619, -1.283,  2.430, 353.523,  0.002, -0.002,  0.002
195322.0, 2270, 35.16713773, 136.88526105, 41.713, -3810385.787, 3567534.941, 3653064.619, -1.284,  2.431, 353.524, -0.001, -0.002,  0.001
195322.2, 2270, 35.16713773, 136.88526105, 41.713, -3810385.787, 3567534.941, 3653064.619, -1.283,  2.431, 353.524,  0.002,  0.000,  0.001
195322.4, 2270, 35.16713773, 136.88526105, 41.713, -3810385.787, 3567534.941, 3653064.619, -1.281,  2.432, 353.524, -0.001, -0.001,  0.001
195322.6, 2270, 35.16713773, 136.88526105, 41.713, -3810385.787, 3567534.941, 3653064.619, -1.284,  2.432, 353.524,  0.001, -0.000,  0.001
195322.8, 2270, 35.16713773, 136.88526105, 41.713, -3810385.787, 3567534.941, 3653064.619, -1.282,  2.431, 353.522, -0.001, -0.003,  0.001
195323.0, 2270, 35.16713773, 136.88526105, 41.713, -3810385.787, 3567534.941, 3653064.619, -1.283,  2.433, 353.523, -0.001, -0.000,  0.001
195323.2, 2270, 35.16713773, 136.88526105, 41.713, -3810385.787, 3567534.941, 3653064.619, -1.284,  2.433, 353.524, -0.000, -0.002,  0.001
195323.4, 2270, 35.16713773, 136.88526105, 41.713, -3810385.787, 3567534.941, 3653064.619, -1.284,  2.432, 353.522, -0.002, -0.000,  0.000
195323.6, 2270, 35.16713773, 136.88526105, 41.713, -3810385.787, 3567534.941, 3653064.619, -1.285,  2.432, 353.522,  0.001, -0.000,  0.001
195323.8, 2270, 35.16713773, 136.88526105, 41.713, -3810385.787, 3567534.941, 3653064.619, -1.282,  2.430, 353.523,  0.002,  0.000,  0.003
195324.0, 2270, 35.16713773, 136.88526105, 41.713, -3810385.787, 3567534.941, 3653064.619, -1.288,  2.433, 353.523, -0.002,  0.001,  0.000
195324.2, 2270, 35.16713773, 136.88526105, 41.713, -3810385.787, 3567534.941, 3653064.619, -1.288,  2.434, 353.521,  0.004,  0.001,  0.002
195324.4, 2270, 35.16713773, 136.88526105, 41.713, -3810385.787, 3567534.941, 3653064.619, -1.289,  2.433, 353.523, -0.001, -0.002,  0.002
195324.6, 2270, 35.16713773, 136.88526105, 41.713, -3810385.787, 3567534.941, 3653064.619, -1.288,  2.429, 353.522, -0.001, -0.000,  0.002
195324.8, 2270, 35.16713773, 136.88526105, 41.713, -3810385.787, 3567534.941, 3653064.619, -1.281,  2.428, 353.522, -0.001, -0.002,  0.001
195325.0, 2270, 35.16713773, 136.88526105, 41.713, -3810385.787, 3567534.941, 3653064.619, -1.277,  2.429, 353.523,  0.003, -0.003,  0.000
195325.2, 2270, 35.16713773, 136.88526105, 41.713, -3810385.787, 3567534.941, 3653064.619, -1.277,  2.426, 353.522,  0.000, -0.000,  0.001
195325.4, 2270, 35.16713773, 136.88526105, 41.713, -3810385.787, 3567534.941, 3653064.619, -1.280,  2.427, 353.521,  0.003,  0.002,  0.003
195325.6, 2270, 35.16713773, 136.88526105, 41.713, -3810385.787, 3567534.941, 3653064.619, -1.278,  2.427, 353.522, -0.002, -0.002, -0.001
195325.8, 2270, 35.16713773, 136.88526105, 41.713, -3810385.787, 3567534.941, 3653064.619, -1.279,  2.425, 353.520,  0.000,  0.001,  0.001
195326.0, 2270, 35.16713773, 136.88526105, 41.713, -3810385.787, 3567534.941, 3653064.619, -1.277,  2.430, 353.520,  0.001, -0.001,  0.001
195326.2, 2270, 35.16713773, 136.88526105, 41.713, -3810385.787, 3567534.941, 3653064.619, -1.276,  2.424, 353.523, -0.002, -0.001, -0.001
195326.4, 2270, 35.16713773, 136.88526105, 41.713, -3810385.787, 3567534.941, 3653064.619, -1.282,  2.424, 353.521,  0.001,  0.003,  0.002
195326.6, 2270, 35.16713773, 136.88526105, 41.713, -3810385.787, 3567534.941, 3653064.619, -1.278,  2.428, 353.519, -0.001, -0.001,  0.002
195326.8, 2270, 35.16713773, 136.88526105, 41.713, -3810385.787, 3567534.941, 3653064.619, -1.280,  2.428, 353.525, -0.001, -0.001, -0.001
195327.0, 2270, 35.16713773, 136.88526105, 41.713, -3810385.787, 3567534.941, 3653064.619, -1.280,  2.427, 353.523,  0.001, -0.003,  0.001
195327.2, 2270, 35.16713773, 136.88526105, 41.713, -3810385.787, 3567534.941, 3653064.619, -1.279,  2.428, 353.520, -0.001, -0.000,  0.002
195327.4, 2270, 35.16713773, 136.88526105, 41.713, -3810385.787, 3567534.941, 3653064.619, -1.280,  2.428, 353.522,  0.002, -0.001,  0.001
195327.6, 2270, 35.16713773, 136.88526105, 41.713, -3810385.787, 3567534.941, 3653064.619, -1.279,  2.427, 353.522,  0.001, -0.001, -0.001
195327.8, 2270, 35.16713773, 136.88526105, 41.713, -3810385.787, 3567534.941, 3653064.619, -1.279,  2.428, 353.518, -0.000,  0.002,  0.001
195328.0, 2270, 35.16713773, 136.88526105, 41.713, -3810385.787, 3567534.941, 3653064.619, -1.278,  2.430, 353.520,  0.001,  0.001,  0.001
195328.2, 2270, 35.16713773, 136.88526105, 41.713, -3810385.787, 3567534.941, 3653064.619, -1.281,  2.427, 353.521, -0.001, -0.001, -0.003
195328.4, 2270, 35.16713773, 136.88526105, 41.713, -3810385.787, 3567534.941, 3653064.619, -1.278,  2.428, 353.518,  0.002, -0.000,  0.001
195328.6, 2270, 35.16713773, 136.88526105, 41.713, -3810385.787, 3567534.941, 3653064.619, -1.278,  2.429, 353.517, -0.000, -0.001, -0.001
195328.8, 2270, 35.16713773, 136.88526105, 41.713, -3810385.787, 3567534.941, 3653064.619, -1.281,  2.426, 353.521,  0.003,  0.001, -0.000
195329.0, 2270, 35.16713773, 136.88526105, 41.713, -3810385.787, 3567534.941, 3653064.619, -1.280,  2.429, 353.519, -0.001, -0.001,  0.001
195329.2, 2270, 35.16713773, 136.88526105, 41.713, -3810385.787, 3567534.941, 3653064.619, -1.280,  2.427, 353.519,  0.003,  0.000,  0.001
195329.4, 2270, 35.16713773, 136.88526105, 41.713, -3810385.787, 3567534.941, 3653064.619, -1.275,  2.428, 353.521,  0.001, -0.001, -0.001
195329.6, 2270, 35.16713773, 136.88526105, 41.713, -3810385.787, 3567534.941, 3653064.619, -1.284,  2.428, 353.519,  0.001,  0.003,  0.001
195329.8, 2270, 35.16713773, 136.88526105, 41.713, -3810385.787, 3567534.941, 3653064.619, -1.279,  2.428, 353.520,  0.005, -0.000,  0.001
195330.0, 2270, 35.16713773, 136.88526105, 41.713, -3810385.787, 3567534.941, 3653064.619, -1.278,  2.427, 353.519, -0.002, -0.000,  0.001
195330.2, 2270, 35.16713773, 136.88526105, 41.713, -3810385.787, 3567534.941, 3653064.619, -1.284,  2.427, 353.519,  0.002,  0.002,  0.000
195330.4, 2270, 35.16713773, 136.88526105, 41.713, -3810385.787, 3567534.941, 3653064.619, -1.279,  2.426, 353.520, -0.000,  0.001,  0.000
195330.6, 2270, 35.16713773, 136.88526105, 41.713, -3810385.787, 3567534.941, 3653064.619, -1.284,  2.426, 353.521,  0.001,  0.001,  0.000
195330.8, 2270, 35.16713773, 136.88526105, 41.713, -3810385.787, 3567534.941, 3653064.619, -1.279,  2.427, 353.522,  0.003,  0.001,  0.001
195331.0, 2270, 35.16713773, 136.88526105, 41.713, -3810385.787, 3567534.941, 3653064.619, -1.280,  2.428, 353.520,  0.000,  0.000,  0.000
195331.2, 2270, 35.16713773, 136.88526105, 41.713, -3810385.787, 3567534.941, 3653064.619, -1.282,  2.427, 353.521,  0.004,  0.001,  0.002
195331.4, 2270, 35.16713773, 136.88526105, 41.713, -3810385.787, 3567534.941, 3653064.619, -1.278,  2.427, 353.522, -0.000,  0.001, -0.001
195331.6, 2270, 35.16713773, 136.88526105, 41.713, -3810385.787, 3567534.941, 3653064.619, -1.282,  2.427, 353.520,  0.002, -0.000,  0.000
195331.8, 2270, 35.16713773, 136.88526105, 41.713, -3810385.787, 3567534.941, 3653064.619, -1.279,  2.427, 353.522,  0.003,  0.002,  0.000
195332.0, 2270, 35.16713773, 136.88526105, 41.713, -3810385.787, 3567534.941, 3653064.619, -1.281,  2.427, 353.520, -0.000,  0.001, -0.000
195332.2, 2270, 35.16713773, 136.88526105, 41.713, -3810385.787, 3567534.941, 3653064.619, -1.282,  2.426, 353.520,  0.003,  0.001,  0.001
195332.4, 2270, 35.16713773, 136.88526105, 41.713, -3810385.787, 3567534.941, 3653064.619, -1.280,  2.428, 353.520,  0.001,  0.000, -0.000
195332.6, 2270, 35.16713773, 136.88526105, 41.713, -3810385.787, 3567534.941, 3653064.619, -1.284,  2.426, 353.520,  0.002,  0.001,  0.001
195332.8, 2270, 35.16713773, 136.88526105, 41.713, -3810385.787, 3567534.941, 3653064.619, -1.279,  2.428, 353.520,  0.003,  0.001,  0.000
195333.0, 2270, 35.16713773, 136.88526105, 41.713, -3810385.787, 3567534.941, 3653064.619, -1.281,  2.426, 353.520,  0.001,  0.001, -0.000
195333.2, 2270, 35.16713773, 136.88526105, 41.713, -3810385.787, 3567534.941, 3653064.619, -1.282,  2.429, 353.520,  0.003,  0.003,  0.001
195333.4, 2270, 35.16713773, 136.88526105, 41.713, -3810385.787, 3567534.941, 3653064.619, -1.282,  2.428, 353.520,  0.002,  0.001, -0.001
195333.6, 2270, 35.16713773, 136.88526105, 41.713, -3810385.787, 3567534.941, 3653064.619, -1.284,  2.428, 353.521,  0.001,  0.002,  0.001
195333.8, 2270, 35.16713773, 136.88526105, 41.713, -3810385.787, 3567534.941, 3653064.619, -1.282,  2.429, 353.522,  0.005,  0.002,  0.002
195334.0, 2270, 35.16713773, 136.88526105, 41.713, -3810385.787, 3567534.941, 3653064.619, -1.278,  2.427, 353.520, -0.001, -0.000, -0.000
195334.2, 2270, 35.16713773, 136.88526105, 41.713, -3810385.787, 3567534.941, 3653064.619, -1.283,  2.428, 353.522,  0.003,  0.003,  0.000
195334.4, 2270, 35.16713773, 136.88526105, 41.713, -3810385.787, 3567534.941, 3653064.619, -1.276,  2.427, 353.521,  0.001, -0.001, -0.000
195334.6, 2270, 35.16713773, 136.88526105, 41.713, -3810385.787, 3567534.941, 3653064.619, -1.282,  2.428, 353.520, -0.000,  0.001, -0.000
195334.8, 2270, 35.16713773, 136.88526105, 41.713, -3810385.787, 3567534.941, 3653064.619, -1.279,  2.428, 353.520,  0.004,  0.001,  0.000
195335.0, 2270, 35.16713773, 136.88526105, 41.713, -3810385.787, 3567534.941, 3653064.619, -1.282,  2.426, 353.520,  0.000,  0.001, -0.001
195335.2, 2270, 35.16713773, 136.88526105, 41.713, -3810385.787, 3567534.941, 3653064.619, -1.281,  2.428, 353.521,  0.004,  0.001,  0.001
195335.4, 2270, 35.16713773, 136.88526105, 41.713, -3810385.787, 3567534.941, 3653064.619, -1.280,  2.428, 353.518, -0.001, -0.000,  0.000
195335.6, 2270, 35.16713773, 136.88526105, 41.713, -3810385.787, 3567534.941, 3653064.619, -1.283,  2.429, 353.522,  0.004,  0.002, -0.000
195335.8, 2270, 35.16713773, 136.88526105, 41.713, -3810385.787, 3567534.941, 3653064.619, -1.280,  2.427, 353.520,  0.002, -0.001, -0.000
195336.0, 2270, 35.16713773, 136.88526105, 41.713, -3810385.787, 3567534.941, 3653064.619, -1.280,  2.425, 353.520,  0.003,  0.000,  0.001
195336.2, 2270, 35.16713773, 136.88526105, 41.713, -3810385.787, 3567534.941, 3653064.619, -1.279,  2.425, 353.522,  0.003,  0.004, -0.001
195336.4, 2270, 35.16713773, 136.88526105, 41.713, -3810385.787, 3567534.941, 3653064.619, -1.280,  2.424, 353.520,  0.002,  0.000,  0.001
195336.6, 2270, 35.16713773, 136.88526105, 41.713, -3810385.787, 3567534.941, 3653064.619, -1.281,  2.425, 353.520,  0.002,  0.002,  0.001
195336.8, 2270, 35.16713773, 136.88526105, 41.713, -3810385.787, 3567534.941, 3653064.619, -1.278,  2.427, 353.522,  0.003,  0.001, -0.001
195337.0, 2270, 35.16713773, 136.88526105, 41.713, -3810385.787, 3567534.941, 3653064.619, -1.280,  2.426, 353.522, -0.000,  0.002, -0.000
195337.2, 2270, 35.16713773, 136.88526105, 41.713, -3810385.787, 3567534.941, 3653064.619, -1.280,  2.426, 353.521,  0.002,  0.001, -0.000
195337.4, 2270, 35.16713773, 136.88526105, 41.713, -3810385.787, 3567534.941, 3653064.619, -1.279,  2.425, 353.522,  0.001,  0.002, -0.000
195337.6, 2270, 35.16713773, 136.88526105, 41.713, -3810385.787, 3567534.941, 3653064.619, -1.279,  2.427, 353.522,  0.002,  0.001,  0.001
195337.8, 2270, 35.16713773, 136.88526105, 41.713, -3810385.787, 3567534.941, 3653064.619, -1.280,  2.426, 353.520,  0.002,  0.002, -0.001
195338.0, 2270, 35.16713773, 136.88526105, 41.713, -3810385.787, 3567534.941, 3653064.619, -1.282,  2.424, 353.521,  0.001,  0.001, -0.000
195338.2, 2270, 35.16713773, 136.88526105, 41.713, -3810385.787, 3567534.941, 3653064.619, -1.282,  2.426, 353.522,  0.002,  0.002,  0.001
195338.4, 2270, 35.16713773, 136.88526105, 41.713, -3810385.787, 3567534.941, 3653064.619, -1.280,  2.427, 353.520, -0.001, -0.001, -0.001
195338.6, 2270, 35.16713773, 136.88526105, 41.713, -3810385.787, 3567534.941, 3653064.619, -1.283,  2.426, 353.520, -0.001,  0.002, -0.001
195338.8, 2270, 35.16713773, 136.88526105, 41.713, -3810385.787, 3567534.941, 3653064.619, -1.281,  2.428, 353.522,  0.002,  0.000,  0.001
195339.0, 2270, 35.16713773, 136.88526105, 41.713, -3810385.787, 3567534.941, 3653064.619, -1.282,  2.426, 353.522,  0.000,  0.002, -0.000
195339.2, 2270, 35.16713773, 136.88526105, 41.713, -3810385.787, 3567534.941, 3653064.619, -1.283,  2.426, 353.523,  0.002, -0.000,  0.001
195339.4, 2270, 35.16713773, 136.88526105, 41.713, -3810385.787, 3567534.941, 3653064.619, -1.282,  2.427, 353.523,  0.001,  0.002, -0.000
195339.6, 2270, 35.16713773, 136.88526105, 41.713, -3810385.787, 3567534.941, 3653064.619, -1.282,  2.427, 353.521, -0.001,  0.002,  0.000
195339.8, 2270, 35.16713773, 136.88526105, 41.713, -3810385.787, 3567534.941, 3653064.619, -1.282,  2.429, 353.522,  0.001, -0.001,  0.000
195340.0, 2270, 35.16713773, 136.88526105, 41.713, -3810385.787, 3567534.941, 3653064.619, -1.282,  2.425, 353.521,  0.002,  0.001, -0.000
195340.2, 2270, 35.16713773, 136.88526105, 41.713, -3810385.787, 3567534.941, 3653064.619, -1.284,  2.429, 353.522,  0.003,  0.005,  0.000
195340.4, 2270, 35.16713773, 136.88526105, 41.713, -3810385.787, 3567534.941, 3653064.619, -1.282,  2.428, 353.521,  0.001, -0.001, -0.001
195340.6, 2270, 35.16713773, 136.88526105, 41.713, -3810385.787, 3567534.941, 3653064.619, -1.283,  2.428, 353.519,  0.001,  0.003,  0.000
195340.8, 2270, 35.16713773, 136.88526105, 41.713, -3810385.787, 3567534.941, 3653064.619, -1.282,  2.430, 353.520,  0.003, -0.000, -0.000
195341.0, 2270, 35.16713773, 136.88526105, 41.713, -3810385.787, 3567534.941, 3653064.619, -1.280,  2.426, 353.521,  0.001,  0.002, -0.000
195341.2, 2270, 35.16713773, 136.88526105, 41.713, -3810385.787, 3567534.941, 3653064.619, -1.284,  2.429, 353.521, -0.000,  0.000,  0.001
195341.4, 2270, 35.16713773, 136.88526105, 41.713, -3810385.787, 3567534.941, 3653064.619, -1.281,  2.428, 353.522,  0.003,  0.002, -0.001
195341.6, 2270, 35.16713773, 136.88526105, 41.713, -3810385.787, 3567534.941, 3653064.619, -1.284,  2.429, 353.522,  0.000,  0.002, -0.000
195341.8, 2270, 35.16713773, 136.88526105, 41.713, -3810385.787, 3567534.941, 3653064.619, -1.285,  2.429, 353.524,  0.003,  0.001,  0.001
195342.0, 2270, 35.16713773, 136.88526105, 41.713, -3810385.787, 3567534.941, 3653064.619, -1.282,  2.429, 353.523,  0.001,  0.003, -0.001
195342.2, 2270, 35.16713773, 136.88526105, 41.713, -3810385.787, 3567534.941, 3653064.619, -1.285,  2.430, 353.525,  0.000,  0.001, -0.000
195342.4, 2270, 35.16713773, 136.88526105, 41.713, -3810385.787, 3567534.941, 3653064.619, -1.285,  2.428, 353.523,  0.002,  0.001,  0.001
195342.6, 2270, 35.16713773, 136.88526105, 41.713, -3810385.787, 3567534.941, 3653064.619, -1.284,  2.431, 353.524,  0.002,  0.001,  0.000
195342.8, 2270, 35.16713773, 136.88526105, 41.713, -3810385.787, 3567534.941, 3653064.619, -1.285,  2.429, 353.525,  0.002, -0.001,  0.001
195343.0, 2270, 35.16713773, 136.88526105, 41.713, -3810385.787, 3567534.941, 3653064.619, -1.281,  2.431, 353.524,  0.002,  0.002,  0.001
195343.2, 2270, 35.16713773, 136.88526105, 41.713, -3810385.787, 3567534.941, 3653064.619, -1.285,  2.430, 353.524, -0.000, -0.002,  0.000
195343.4, 2270, 35.16713773, 136.88526105, 41.713, -3810385.787, 3567534.941, 3653064.619, -1.283,  2.430, 353.525,  0.002,  0.002,  0.001
195343.6, 2270, 35.16713773, 136.88526105, 41.713, -3810385.787, 3567534.941, 3653064.619, -1.280,  2.430, 353.524,  0.001,  0.002,  0.000
195343.8, 2270, 35.16713773, 136.88526105, 41.713, -3810385.787, 3567534.941, 3653064.619, -1.284,  2.429, 353.525, -0.000,  0.000,  0.001
195344.0, 2270, 35.16713773, 136.88526105, 41.713, -3810385.787, 3567534.941, 3653064.619, -1.280,  2.430, 353.524,  0.001,  0.000,  0.001
195344.2, 2270, 35.16713773, 136.88526105, 41.713, -3810385.787, 3567534.941, 3653064.619, -1.283,  2.429, 353.524, -0.002, -0.001,  0.000
195344.4, 2270, 35.16713773, 136.88526105, 41.713, -3810385.787, 3567534.941, 3653064.619, -1.283,  2.429, 353.524, -0.001,  0.001, -0.000
195344.6, 2270, 35.16713773, 136.88526105, 41.713, -3810385.787, 3567534.941, 3653064.619, -1.283,  2.428, 353.523, -0.001,  0.001, -0.000
195344.8, 2270, 35.16713773, 136.88526105, 41.713, -3810385.787, 3567534.941, 3653064.619, -1.282,  2.429, 353.522,  0.002,  0.001,  0.001
195345.0, 2270, 35.16713773, 136.88526105, 41.713, -3810385.787, 3567534.941, 3653064.619, -1.281,  2.427, 353.522, -0.001, -0.001,  0.000
195345.2, 2270, 35.16713773, 136.88526105, 41.713, -3810385.787, 3567534.941, 3653064.619, -1.284,  2.427, 353.520, -0.002, -0.000,  0.001
195345.4, 2270, 35.16713773, 136.88526105, 41.713, -3810385.787, 3567534.941, 3653064.619, -1.282,  2.427, 353.521,  0.001, -0.001,  0.001
195345.6, 2270, 35.16713773, 136.88526105, 41.713, -3810385.787, 3567534.941, 3653064.619, -1.280,  2.427, 353.522, -0.003,  0.001, -0.002
195345.8, 2270, 35.16713773, 136.88526105, 41.713, -3810385.787, 3567534.941, 3653064.619, -1.287,  2.426, 353.520, -0.001, -0.003, -0.000
195346.0, 2270, 35.16713773, 136.88526105, 41.713, -3810385.787, 3567534.941, 3653064.619, -1.282,  2.425, 353.520, -0.002,  0.003, -0.001
195346.2, 2270, 35.16713773, 136.88526105, 41.713, -3810385.787, 3567534.941, 3653064.619, -1.284,  2.428, 353.520, -0.004,  0.000, -0.001
195346.4, 2270, 35.16713773, 136.88526105, 41.713, -3810385.787, 3567534.941, 3653064.619, -1.283,  2.426, 353.520,  0.000, -0.000,  0.001
195346.6, 2270, 35.16713773, 136.88526105, 41.713, -3810385.787, 3567534.941, 3653064.619, -1.279,  2.427, 353.520, -0.002, -0.002,  0.000
195346.8, 2270, 35.16713773, 136.88526105, 41.713, -3810385.787, 3567534.941, 3653064.619, -1.282,  2.425, 353.519,  0.000,  0.003,  0.001
195347.0, 2270, 35.16713773, 136.88526105, 41.713, -3810385.787, 3567534.941, 3653064.619, -1.280,  2.426, 353.518,  0.001,  0.001,  0.000
195347.2, 2270, 35.16713773, 136.88526105, 41.713, -3810385.787, 3567534.941, 3653064.619, -1.281,  2.424, 353.520,  0.000,  0.001,  0.001
195347.4, 2270, 35.16713773, 136.88526105, 41.713, -3810385.787, 3567534.941, 3653064.619, -1.282,  2.427, 353.520,  0.002,  0.001,  0.001
195347.6, 2270, 35.16713773, 136.88526105, 41.713, -3810385.787, 3567534.941, 3653064.619, -1.280,  2.426, 353.519, -0.001, -0.001, -0.000
195347.8, 2270, 35.16713773, 136.88526105, 41.713, -3810385.787, 3567534.941, 3653064.619, -1.283,  2.426, 353.521, -0.000,  0.002,  0.000
195348.0, 2270, 35.16713773, 136.88526105, 41.713, -3810385.787, 3567534.941, 3653064.619, -1.280,  2.427, 353.522,  0.002, -0.000,  0.000
195348.2, 2270, 35.16713773, 136.88526105, 41.713, -3810385.787, 3567534.941, 3653064.619, -1.280,  2.424, 353.522, -0.001,  0.001, -0.001
195348.4, 2270, 35.16713773, 136.88526105, 41.713, -3810385.787, 3567534.941, 3653064.619, -1.281,  2.426, 353.523, -0.000,  0.000, -0.000
195348.6, 2270, 35.16713773, 136.88526105, 41.713, -3810385.787, 3567534.941, 3653064.619, -1.281,  2.425, 353.523,  0.001, -0.000,  0.001
195348.8, 2270, 35.16713773, 136.88526105, 41.713, -3810385.787, 3567534.941, 3653064.619, -1.279,  2.427, 353.523, -0.001, -0.000,  0.000
195349.0, 2270, 35.16713773, 136.88526105, 41.713, -3810385.787, 3567534.941, 3653064.619, -1.282,  2.424, 353.523,  0.000, -0.000, -0.000
195349.2, 2270, 35.16713773, 136.88526105, 41.713, -3810385.787, 3567534.941, 3653064.619, -1.279,  2.425, 353.521,  0.001,  0.001,  0.000
195349.4, 2270, 35.16713773, 136.88526105, 41.713, -3810385.787, 3567534.941, 3653064.619, -1.279,  2.424, 353.521, -0.001,  0.000,  0.000
195349.6, 2270, 35.16713773, 136.88526105, 41.713, -3810385.787, 3567534.941, 3653064.619, -1.281,  2.425, 353.519, -0.002,  0.001, -0.000
195349.8, 2270, 35.16713773, 136.88526105, 41.713, -3810385.787, 3567534.941, 3653064.619, -1.281,  2.426, 353.519, -0.001, -0.001, -0.003
195350.0, 2270, 35.16713773, 136.88526105, 41.713, -3810385.787, 3567534.941, 3653064.619, -1.282,  2.426, 353.520, -0.002,  0.003, -0.001
195350.2, 2270, 35.16713773, 136.88526105, 41.713, -3810385.787, 3567534.941, 3653064.619, -1.283,  2.428, 353.521, -0.000, -0.001, -0.001
195350.4, 2270, 35.16713773, 136.88526105, 41.713, -3810385.787, 3567534.941, 3653064.619, -1.284,  2.425, 353.521, -0.001,  0.001,  0.001
195350.6, 2270, 35.16713773, 136.88526105, 41.713, -3810385.787, 3567534.941, 3653064.619, -1.280,  2.429, 353.521,  0.002, -0.000, -0.001
195350.8, 2270, 35.16713773, 136.88526105, 41.713, -3810385.787, 3567534.941, 3653064.619, -1.281,  2.425, 353.521, -0.002,  0.000, -0.001
195351.0, 2270, 35.16713773, 136.88526105, 41.713, -3810385.787, 3567534.941, 3653064.619, -1.282,  2.428, 353.520, -0.001,  0.003,  0.001
195351.2, 2270, 35.16713773, 136.88526105, 41.713, -3810385.787, 3567534.941, 3653064.619, -1.281,  2.428, 353.519, -0.000,  0.001, -0.001
195351.4, 2270, 35.16713773, 136.88526105, 41.713, -3810385.787, 3567534.941, 3653064.619, -1.281,  2.429, 353.519,  0.001,  0.003,  0.001
195351.6, 2270, 35.16713773, 136.88526105, 41.713, -3810385.787, 3567534.941, 3653064.619, -1.279,  2.428, 353.520,  0.000,  0.001, -0.001
195351.8, 2270, 35.16713773, 136.88526105, 41.713, -3810385.787, 3567534.941, 3653064.619, -1.280,  2.427, 353.518, -0.001,  0.002, -0.000
195352.0, 2270, 35.16713773, 136.88526105, 41.713, -3810385.787, 3567534.941, 3653064.619, -1.279,  2.428, 353.519,  0.001,  0.003,  0.000
195352.2, 2270, 35.16713773, 136.88526105, 41.713, -3810385.787, 3567534.941, 3653064.619, -1.279,  2.428, 353.518,  0.000,  0.001, -0.001
195352.4, 2270, 35.16713773, 136.88526105, 41.713, -3810385.787, 3567534.941, 3653064.619, -1.286,  2.426, 353.518,  0.001,  0.001,  0.001
195352.6, 2270, 35.16713773, 136.88526105, 41.713, -3810385.787, 3567534.941, 3653064.619, -1.277,  2.428, 353.517,  0.001,  0.000,  0.001
195352.8, 2270, 35.16713773, 136.88526105, 41.713, -3810385.787, 3567534.941, 3653064.619, -1.281,  2.426, 353.518, -0.001,  0.001, -0.000
195353.0, 2270, 35.16713773, 136.88526105, 41.713, -3810385.787, 3567534.941, 3653064.619, -1.280,  2.429, 353.518,  0.001,  0.001,  0.001
195353.2, 2270, 35.16713773, 136.88526105, 41.713, -3810385.787, 3567534.941, 3653064.619, -1.277,  2.428, 353.517, -0.002, -0.001, -0.001
195353.4, 2270, 35.16713773, 136.88526105, 41.713, -3810385.787, 3567534.941, 3653064.619, -1.279,  2.428, 353.517,  0.001,  0.002,  0.001
195353.6, 2270, 35.16713773, 136.88526105, 41.713, -3810385.787, 3567534.941, 3653064.619, -1.279,  2.428, 353.514, -0.000, -0.000, -0.000
195353.8, 2270, 35.16713773, 136.88526105, 41.713, -3810385.787, 3567534.941, 3653064.619, -1.281,  2.427, 353.514,  0.000,  0.000,  0.000
195354.0, 2270, 35.16713773, 136.88526105, 41.713, -3810385.787, 3567534.941, 3653064.619, -1.281,  2.429, 353.516,  0.000,  0.001,  0.001
195354.2, 2270, 35.16713773, 136.88526105, 41.713, -3810385.787, 3567534.941, 3653064.619, -1.280,  2.427, 353.516,  0.001, -0.000,  0.000
195354.4, 2270, 35.16713773, 136.88526105, 41.713, -3810385.787, 3567534.941, 3653064.619, -1.279,  2.427, 353.516,  0.001,  0.001,  0.001
195354.6, 2270, 35.16713773, 136.88526105, 41.713, -3810385.787, 3567534.941, 3653064.619, -1.276,  2.425, 353.517, -0.000, -0.001, -0.000
195354.8, 2270, 35.16713773, 136.88526105, 41.713, -3810385.787, 3567534.941, 3653064.619, -1.279,  2.427, 353.517,  0.000,  0.002, -0.001
195355.0, 2270, 35.16713773, 136.88526105, 41.713, -3810385.787, 3567534.941, 3653064.619, -1.282,  2.426, 353.516, -0.000, -0.000, -0.001
195355.2, 2270, 35.16713773, 136.88526105, 41.713, -3810385.787, 3567534.941, 3653064.619, -1.278,  2.426, 353.517,  0.000,  0.002, -0.000
195355.4, 2270, 35.16713773, 136.88526105, 41.713, -3810385.787, 3567534.941, 3653064.619, -1.282,  2.427, 353.516,  0.001, -0.001, -0.001
195355.6, 2270, 35.16713773, 136.88526105, 41.713, -3810385.787, 3567534.941, 3653064.619, -1.279,  2.425, 353.514,  0.001,  0.001, -0.001
195355.8, 2270, 35.16713773, 136.88526105, 41.713, -3810385.787, 3567534.941, 3653064.619, -1.282,  2.425, 353.515, -0.002,  0.001, -0.002
195356.0, 2270, 35.16713773, 136.88526105, 41.713, -3810385.787, 3567534.941, 3653064.619, -1.291,  2.425, 353.516, -0.002,  0.000, -0.001
195356.2, 2270, 35.16713773, 136.88526105, 41.713, -3810385.787, 3567534.941, 3653064.619, -1.288,  2.427, 353.516,  0.002,  0.002, -0.001
195356.4, 2270, 35.16713773, 136.88526105, 41.713, -3810385.787, 3567534.941, 3653064.619, -1.282,  2.429, 353.515, -0.002,  0.001,  0.000
195356.6, 2270, 35.16713773, 136.88526105, 41.713, -3810385.787, 3567534.941, 3653064.619, -1.282,  2.430, 353.516,  0.001,  0.001, -0.001
195356.8, 2270, 35.16713773, 136.88526105, 41.713, -3810385.787, 3567534.941, 3653064.619, -1.277,  2.425, 353.519,  0.000,  0.000, -0.002
195357.0, 2270, 35.16713773, 136.88526105, 41.713, -3810385.787, 3567534.941, 3653064.619, -1.278,  2.423, 353.517,  0.002,  0.001, -0.000
195357.2, 2270, 35.16713773, 136.88526105, 41.713, -3810385.787, 3567534.941, 3653064.619, -1.279,  2.423, 353.515, -0.002,  0.001, -0.000
195357.4, 2270, 35.16713773, 136.88526105, 41.713, -3810385.787, 3567534.941, 3653064.619, -1.280,  2.424, 353.516,  0.002,  0.001, -0.000
195357.6, 2270, 35.16713773, 136.88526105, 41.713, -3810385.787, 3567534.941, 3653064.619, -1.276,  2.424, 353.516,  0.000,  0.002, -0.000
195357.8, 2270, 35.16713773, 136.88526105, 41.713, -3810385.787, 3567534.941, 3653064.619, -1.280,  2.424, 353.516, -0.001,  0.001, -0.001
195358.0, 2270, 35.16713773, 136.88526105, 41.713, -3810385.787, 3567534.941, 3653064.619, -1.276,  2.425, 353.518,  0.001,  0.003, -0.002
195358.2, 2270, 35.16713773, 136.88526105, 41.713, -3810385.787, 3567534.941, 3653064.619, -1.281,  2.424, 353.518, -0.002, -0.000, -0.001
195358.4, 2270, 35.16713773, 136.88526105, 41.713, -3810385.787, 3567534.941, 3653064.619, -1.284,  2.422, 353.519,  0.003,  0.003, -0.000
195358.6, 2270, 35.16713773, 136.88526105, 41.713, -3810385.787, 3567534.941, 3653064.619, -1.281,  2.424, 353.518,  0.001,  0.001, -0.000
195358.8, 2270, 35.16713773, 136.88526105, 41.713, -3810385.787, 3567534.941, 3653064.619, -1.282,  2.423, 353.517,  0.001,  0.001, -0.000
195359.0, 2270, 35.16713773, 136.88526105, 41.713, -3810385.787, 3567534.941, 3653064.619, -1.277,  2.425, 353.519,  0.002,  0.003,  0.000
195359.2, 2270, 35.16713773, 136.88526105, 41.713, -3810385.787, 3567534.941, 3653064.619, -1.281,  2.425, 353.520,  0.000, -0.000, -0.001
195359.4, 2270, 35.16713773, 136.88526105, 41.713, -3810385.787, 3567534.941, 3653064.619, -1.279,  2.425, 353.518,  0.002,  0.002, -0.000
195359.6, 2270, 35.16713773, 136.88526105, 41.713, -3810385.787, 3567534.941, 3653064.619, -1.278,  2.425, 353.517,  0.001,  0.001, -0.001
195359.8, 2270, 35.16713773, 136.88526105, 41.713, -3810385.787, 3567534.941, 3653064.619, -1.281,  2.425, 353.518,  0.001,  0.000, -0.001
195360.0, 2270, 35.16713773, 136.88526105, 41.713, -3810385.787, 3567534.941, 3653064.619, -1.278,  2.425, 353.518,  0.001,  0.002, -0.000
195360.2, 2270, 35.16713773, 136.88526105, 41.713, -3810385.787, 3567534.941, 3653064.619, -1.278,  2.425, 353.517,  0.000,  0.000,  0.000
195360.4, 2270, 35.16713773, 136.88526105, 41.713, -3810385.787, 3567534.941, 3653064.619, -1.277,  2.427, 353.519,  0.000,  0.000, -0.001
195360.6, 2270, 35.16713773, 136.88526105, 41.713, -3810385.787, 3567534.941, 3653064.619, -1.278,  2.426, 353.518,  0.001,  0.002, -0.000
195360.8, 2270, 35.16713773, 136.88526105, 41.713, -3810385.787, 3567534.941, 3653064.619, -1.281,  2.428, 353.518,  0.001,  0.001, -0.000
195361.0, 2270, 35.16713773, 136.88526105, 41.713, -3810385.787, 3567534.941, 3653064.619, -1.278,  2.426, 353.517,  0.004,  0.001,  0.000
195361.2, 2270, 35.16713773, 136.88526105, 41.713, -3810385.787, 3567534.941, 3653064.619, -1.276,  2.427, 353.519,  0.001,  0.001, -0.000
195361.4, 2270, 35.16713773, 136.88526105, 41.713, -3810385.787, 3567534.941, 3653064.619, -1.279,  2.426, 353.518,  0.003,  0.001, -0.000
195361.6, 2270, 35.16713773, 136.88526105, 41.713, -3810385.787, 3567534.941, 3653064.619, -1.274,  2.426, 353.518,  0.001,  0.002, -0.000
195361.8, 2270, 35.16713773, 136.88526105, 41.713, -3810385.787, 3567534.941, 3653064.619, -1.280,  2.428, 353.519,  0.002,  0.000, -0.000
195362.0, 2270, 35.16713773, 136.88526105, 41.713, -3810385.787, 3567534.941, 3653064.619, -1.277,  2.427, 353.520,  0.004,  0.001,  0.000
195362.2, 2270, 35.16713773, 136.88526105, 41.713, -3810385.787, 3567534.941, 3653064.619, -1.277,  2.427, 353.520, -0.001,  0.000, -0.001
195362.4, 2270, 35.16713773, 136.88526105, 41.713, -3810385.787, 3567534.941, 3653064.619, -1.279,  2.427, 353.521,  0.002,  0.002, -0.000
195362.6, 2270, 35.16713773, 136.88526105, 41.713, -3810385.787, 3567534.941, 3653064.619, -1.276,  2.428, 353.521,  0.004,  0.001,  0.001
195362.8, 2270, 35.16713773, 136.88526105, 41.713, -3810385.787, 3567534.941, 3653064.619, -1.279,  2.426, 353.522,  0.001,  0.000,  0.000
195363.0, 2270, 35.16713773, 136.88526105, 41.713, -3810385.787, 3567534.941, 3653064.619, -1.279,  2.428, 353.522,  0.003,  0.001, -0.000
195363.2, 2270, 35.16713773, 136.88526105, 41.713, -3810385.787, 3567534.941, 3653064.619, -1.277,  2.427, 353.521,  0.001, -0.000, -0.000
195363.4, 2270, 35.16713773, 136.88526105, 41.713, -3810385.787, 3567534.941, 3653064.619, -1.279,  2.427, 353.520,  0.003,  0.000, -0.000
195363.6, 2270, 35.16713773, 136.88526105, 41.713, -3810385.787, 3567534.941, 3653064.619, -1.278,  2.427, 353.521,  0.002,  0.000, -0.001
195363.8, 2270, 35.16713773, 136.88526105, 41.713, -3810385.787, 3567534.941, 3653064.619, -1.280,  2.425, 353.521,  0.002, -0.000, -0.000
195364.0, 2270, 35.16713773, 136.88526105, 41.713, -3810385.787, 3567534.941, 3653064.619, -1.280,  2.426, 353.522,  0.003,  0.001, -0.001
195364.2, 2270, 35.16713773, 136.88526105, 41.713, -3810385.787, 3567534.941, 3653064.619, -1.279,  2.426, 353.520,  0.001,  0.000,  0.001
195364.4, 2270, 35.16713773, 136.88526105, 41.713, -3810385.787, 3567534.941, 3653064.619, -1.281,  2.427, 353.520,  0.002, -0.001, -0.000
195364.6, 2270, 35.16713773, 136.88526105, 41.713, -3810385.787, 3567534.941, 3653064.619, -1.281,  2.427, 353.519,  0.001,  0.001, -0.001
195364.8, 2270, 35.16713773, 136.88526105, 41.713, -3810385.787, 3567534.941, 3653064.619, -1.281,  2.428, 353.520,  0.003,  0.000,  0.000
195365.0, 2270, 35.16713773, 136.88526105, 41.713, -3810385.787, 3567534.941, 3653064.619, -1.281,  2.426, 353.519, -0.000,  0.000, -0.002
195365.2, 2270, 35.16713773, 136.88526105, 41.713, -3810385.787, 3567534.941, 3653064.619, -1.281,  2.428, 353.522,  0.003,  0.001, -0.000
195365.4, 2270, 35.16713773, 136.88526105, 41.713, -3810385.787, 3567534.941, 3653064.619, -1.281,  2.426, 353.522,  0.003,  0.000, -0.000
195365.6, 2270, 35.16713773, 136.88526105, 41.713, -3810385.787, 3567534.941, 3653064.619, -1.281,  2.427, 353.522,  0.003,  0.001, -0.001
195365.8, 2270, 35.16713773, 136.88526105, 41.713, -3810385.787, 3567534.941, 3653064.619, -1.280,  2.427, 353.522,  0.003,  0.001, -0.001
195366.0, 2270, 35.16713773, 136.88526105, 41.713, -3810385.787, 3567534.941, 3653064.619, -1.280,  2.427, 353.523,  0.003,  0.001, -0.000
195366.2, 2270, 35.16713773, 136.88526105, 41.713, -3810385.787, 3567534.941, 3653064.619, -1.279,  2.427, 353.523,  0.004, -0.001, -0.001
195366.4, 2270, 35.16713773, 136.88526105, 41.713, -3810385.787, 3567534.941, 3653064.619, -1.279,  2.427, 353.525,  0.003, -0.000, -0.000
195366.6, 2270, 35.16713773, 136.88526105, 41.713, -3810385.787, 3567534.941, 3653064.619, -1.280,  2.427, 353.525,  0.005,  0.001, -0.000
195366.8, 2270, 35.16713773, 136.88526105, 41.713, -3810385.787, 3567534.941, 3653064.619, -1.279,  2.428, 353.525,  0.004,  0.001, -0.001
195367.0, 2270, 35.16713773, 136.88526105, 41.713, -3810385.787, 3567534.941, 3653064.619, -1.278,  2.428, 353.524,  0.003,  0.002, -0.001
195367.2, 2270, 35.16713773, 136.88526105, 41.713, -3810385.787, 3567534.941, 3653064.619, -1.279,  2.427, 353.525,  0.001,  0.001, -0.002
195367.4, 2270, 35.16713773, 136.88526105, 41.713, -3810385.787, 3567534.941, 3653064.619, -1.282,  2.427, 353.526,  0.005,  0.003, -0.002
195367.6, 2270, 35.16713773, 136.88526105, 41.713, -3810385.787, 3567534.941, 3653064.619, -1.279,  2.428, 353.526,  0.003, -0.000, -0.001
195367.8, 2270, 35.16713773, 136.88526105, 41.713, -3810385.787, 3567534.941, 3653064.619, -1.281,  2.428, 353.525,  0.001, -0.000, -0.002
195368.0, 2270, 35.16713773, 136.88526105, 41.713, -3810385.787, 3567534.941, 3653064.619, -1.280,  2.428, 353.527,  0.002, -0.001, -0.001
195368.2, 2270, 35.16713773, 136.88526105, 41.713, -3810385.787, 3567534.941, 3653064.619, -1.281,  2.428, 353.527,  0.004,  0.000, -0.000
195368.4, 2270, 35.16713773, 136.88526105, 41.713, -3810385.787, 3567534.941, 3653064.619, -1.281,  2.427, 353.527,  0.003,  0.001, -0.001
195368.6, 2270, 35.16713773, 136.88526105, 41.713, -3810385.787, 3567534.941, 3653064.619, -1.284,  2.427, 353.527,  0.003, -0.000, -0.001
195368.8, 2270, 35.16713773, 136.88526105, 41.713, -3810385.787, 3567534.941, 3653064.619, -1.282,  2.427, 353.528,  0.002,  0.001, -0.001
195369.0, 2270, 35.16713773, 136.88526105, 41.713, -3810385.787, 3567534.941, 3653064.619, -1.284,  2.427, 353.528,  0.002,  0.002, -0.002
195369.2, 2270, 35.16713773, 136.88526105, 41.713, -3810385.787, 3567534.941, 3653064.619, -1.283,  2.426, 353.527,  0.004, -0.000, -0.001
195369.4, 2270, 35.16713773, 136.88526105, 41.713, -3810385.787, 3567534.941, 3653064.619, -1.281,  2.427, 353.529,  0.002,  0.001, -0.001
195369.6, 2270, 35.16713773, 136.88526105, 41.713, -3810385.787, 3567534.941, 3653064.619, -1.281,  2.428, 353.527,  0.002, -0.001, -0.000
195369.8, 2270, 35.16713773, 136.88526105, 41.713, -3810385.787, 3567534.941, 3653064.619, -1.279,  2.427, 353.527,  0.003,  0.001, -0.001
195370.0, 2270, 35.16713773, 136.88526105, 41.713, -3810385.787, 3567534.941, 3653064.619, -1.280,  2.427, 353.526,  0.002,  0.000, -0.003
195370.2, 2270, 35.16713773, 136.88526105, 41.713, -3810385.787, 3567534.941, 3653064.619, -1.284,  2.426, 353.526,  0.000,  0.002, -0.002
195370.4, 2270, 35.16713773, 136.88526105, 41.713, -3810385.787, 3567534.941, 3653064.619, -1.280,  2.429, 353.525,  0.003, -0.001, -0.002
195370.6, 2270, 35.16713773, 136.88526105, 41.713, -3810385.787, 3567534.941, 3653064.619, -1.280,  2.425, 353.527,  0.001,  0.002, -0.001
195370.8, 2270, 35.16713773, 136.88526105, 41.713, -3810385.787, 3567534.941, 3653064.619, -1.281,  2.429, 353.526,  0.004,  0.001, -0.001
195371.0, 2270, 35.16713773, 136.88526105, 41.713, -3810385.787, 3567534.941, 3653064.619, -1.275,  2.424, 353.526,  0.001, -0.001, -0.002
195371.2, 2270, 35.16713773, 136.88526105, 41.713, -3810385.787, 3567534.941, 3653064.619, -1.282,  2.427, 353.525,  0.002,  0.001, -0.001
195371.4, 2270, 35.16713773, 136.88526105, 41.713, -3810385.787, 3567534.941, 3653064.619, -1.278,  2.424, 353.526,  0.004,  0.000, -0.001
195371.6, 2270, 35.16713773, 136.88526105, 41.713, -3810385.787, 3567534.941, 3653064.619, -1.280,  2.426, 353.525,  0.001, -0.000, -0.001
195371.8, 2270, 35.16713773, 136.88526105, 41.713, -3810385.787, 3567534.941, 3653064.619, -1.279,  2.423, 353.525,  0.005, -0.001, -0.001
195372.0, 2270, 35.16713773, 136.88526105, 41.713, -3810385.787, 3567534.941, 3653064.619, -1.277,  2.425, 353.524,  0.002,  0.000, -0.001
195372.2, 2270, 35.16713773, 136.88526105, 41.713, -3810385.787, 3567534.941, 3653064.619, -1.282,  2.425, 353.522,  0.003, -0.001, -0.001
195372.4, 2270, 35.16713773, 136.88526105, 41.713, -3810385.787, 3567534.941, 3653064.619, -1.278,  2.425, 353.521,  0.004,  0.002, -0.001
195372.6, 2270, 35.16713773, 136.88526105, 41.713, -3810385.787, 3567534.941, 3653064.619, -1.286,  2.427, 353.524,  0.002,  0.001, -0.001
195372.8, 2270, 35.16713773, 136.88526105, 41.713, -3810385.787, 3567534.941, 3653064.619, -1.282,  2.427, 353.523,  0.004, -0.000, -0.001
195373.0, 2270, 35.16713773, 136.88526105, 41.713, -3810385.787, 3567534.941, 3653064.619, -1.279,  2.427, 353.522,  0.005,  0.001, -0.002
195373.2, 2270, 35.16713773, 136.88526105, 41.713, -3810385.787, 3567534.941, 3653064.619, -1.278,  2.425, 353.525,  0.004, -0.000, -0.001
195373.4, 2270, 35.16713773, 136.88526105, 41.713, -3810385.787, 3567534.941, 3653064.619, -1.278,  2.427, 353.524,  0.002,  0.002, -0.001
195373.6, 2270, 35.16713773, 136.88526105, 41.713, -3810385.787, 3567534.941, 3653064.619, -1.279,  2.429, 353.523,  0.002,  0.000, -0.002
195373.8, 2270, 35.16713773, 136.88526105, 41.713, -3810385.787, 3567534.941, 3653064.619, -1.279,  2.428, 353.525,  0.004, -0.000, -0.001
195374.0, 2270, 35.16713773, 136.88526105, 41.713, -3810385.787, 3567534.941, 3653064.619, -1.278,  2.429, 353.526,  0.004,  0.000, -0.000
195374.2, 2270, 35.16713773, 136.88526105, 41.713, -3810385.787, 3567534.941, 3653064.619, -1.279,  2.429, 353.524,  0.003, -0.001, -0.002
195374.4, 2270, 35.16713773, 136.88526105, 41.713, -3810385.787, 3567534.941, 3653064.619, -1.278,  2.429, 353.526,  0.004,  0.002, -0.001
195374.6, 2270, 35.16713773, 136.88526105, 41.713, -3810385.787, 3567534.941, 3653064.619, -1.278,  2.429, 353.525,  0.003,  0.000, -0.001
195374.8, 2270, 35.16713773, 136.88526105, 41.713, -3810385.787, 3567534.941, 3653064.619, -1.278,  2.427, 353.525,  0.004,  0.000, -0.001
195375.0, 2270, 35.16713773, 136.88526105, 41.713, -3810385.787, 3567534.941, 3653064.619, -1.280,  2.429, 353.527,  0.006, -0.000, -0.000
195375.2, 2270, 35.16713773, 136.88526105, 41.713, -3810385.787, 3567534.941, 3653064.619, -1.280,  2.429, 353.525,  0.003,  0.000, -0.000
195375.4, 2270, 35.16713773, 136.88526105, 41.713, -3810385.787, 3567534.941, 3653064.619, -1.279,  2.429, 353.526,  0.003, -0.001, -0.002
195375.6, 2270, 35.16713773, 136.88526105, 41.713, -3810385.787, 3567534.941, 3653064.619, -1.281,  2.430, 353.528,  0.003,  0.001, -0.002
195375.8, 2270, 35.16713773, 136.88526105, 41.713, -3810385.787, 3567534.941, 3653064.619, -1.285,  2.430, 353.526,  0.003, -0.001, -0.001
195376.0, 2270, 35.16713773, 136.88526105, 41.713, -3810385.787, 3567534.941, 3653064.619, -1.280,  2.430, 353.526,  0.004,  0.000, -0.002
195376.2, 2270, 35.16713773, 136.88526105, 41.713, -3810385.787, 3567534.941, 3653064.619, -1.281,  2.428, 353.526,  0.002, -0.001, -0.002
195376.4, 2270, 35.16713773, 136.88526105, 41.713, -3810385.787, 3567534.941, 3653064.619, -1.280,  2.429, 353.524,  0.003,  0.001, -0.001
195376.6, 2270, 35.16713773, 136.88526105, 41.713, -3810385.787, 3567534.941, 3653064.619, -1.280,  2.430, 353.525,  0.003,  0.000, -0.002
195376.8, 2270, 35.16713773, 136.88526105, 41.713, -3810385.787, 3567534.941, 3653064.619, -1.280,  2.429, 353.525,  0.005, -0.000, -0.001
195377.0, 2270, 35.16713773, 136.88526105, 41.713, -3810385.787, 3567534.941, 3653064.619, -1.279,  2.430, 353.524,  0.002, -0.001, -0.002
195377.2, 2270, 35.16713773, 136.88526105, 41.713, -3810385.787, 3567534.941, 3653064.619, -1.280,  2.429, 353.524,  0.005, -0.000, -0.001
195377.4, 2270, 35.16713773, 136.88526105, 41.713, -3810385.787, 3567534.941, 3653064.619, -1.278,  2.428, 353.524,  0.005, -0.000, -0.001
195377.6, 2270, 35.16713773, 136.88526105, 41.713, -3810385.787, 3567534.941, 3653064.619, -1.280,  2.428, 353.523,  0.003, -0.001, -0.002
195377.8, 2270, 35.16713773, 136.88526105, 41.713, -3810385.787, 3567534.941, 3653064.619, -1.279,  2.428, 353.522,  0.005,  0.000, -0.002
195378.0, 2270, 35.16713773, 136.88526105, 41.713, -3810385.787, 3567534.941, 3653064.619, -1.279,  2.428, 353.523,  0.004, -0.001, -0.001
195378.2, 2270, 35.16713773, 136.88526105, 41.713, -3810385.787, 3567534.941, 3653064.619, -1.279,  2.429, 353.523,  0.004, -0.000, -0.002
195378.4, 2270, 35.16713773, 136.88526105, 41.713, -3810385.787, 3567534.941, 3653064.619, -1.278,  2.429, 353.523,  0.005, -0.001, -0.002
195378.6, 2270, 35.16713773, 136.88526105, 41.713, -3810385.787, 3567534.941, 3653064.619, -1.279,  2.428, 353.523,  0.004,  0.000, -0.002
195378.8, 2270, 35.16713773, 136.88526105, 41.713, -3810385.787, 3567534.941, 3653064.619, -1.279,  2.429, 353.521,  0.004, -0.000, -0.003
195379.0, 2270, 35.16713773, 136.88526105, 41.713, -3810385.787, 3567534.941, 3653064.619, -1.278,  2.428, 353.522,  0.006,  0.001, -0.002
195379.2, 2270, 35.16713773, 136.88526105, 41.713, -3810385.787, 3567534.941, 3653064.619, -1.279,  2.427, 353.520,  0.005, -0.001, -0.003
195379.4, 2270, 35.16713773, 136.88526105, 41.713, -3810385.787, 3567534.941, 3653064.619, -1.279,  2.427, 353.519,  0.005,  0.001, -0.003
195379.6, 2270, 35.16713773, 136.88526105, 41.713, -3810385.787, 3567534.941, 3653064.619, -1.280,  2.427, 353.520,  0.004,  0.000, -0.003
195379.8, 2270, 35.16713773, 136.88526105, 41.713, -3810385.787, 3567534.941, 3653064.619, -1.282,  2.428, 353.520,  0.006,  0.000, -0.003
195380.0, 2270, 35.16713773, 136.88526105, 41.713, -3810385.787, 3567534.941, 3653064.619, -1.281,  2.427, 353.520,  0.004,  0.000, -0.004
195380.2, 2270, 35.16713773, 136.88526105, 41.713, -3810385.787, 3567534.941, 3653064.619, -1.280,  2.428, 353.521,  0.005,  0.001, -0.003
195380.4, 2270, 35.16713773, 136.88526105, 41.713, -3810385.787, 3567534.941, 3653064.619, -1.280,  2.428, 353.519,  0.005, -0.001, -0.003
195380.6, 2270, 35.16713773, 136.88526105, 41.713, -3810385.787, 3567534.941, 3653064.619, -1.282,  2.429, 353.519,  0.003, -0.000, -0.003
195380.8, 2270, 35.16713773, 136.88526105, 41.713, -3810385.787, 3567534.941, 3653064.619, -1.283,  2.429, 353.520,  0.006,  0.000, -0.002
195381.0, 2270, 35.16713773, 136.88526105, 41.713, -3810385.787, 3567534.941, 3653064.619, -1.283,  2.430, 353.520,  0.003, -0.001, -0.003
195381.2, 2270, 35.16713773, 136.88526105, 41.713, -3810385.787, 3567534.941, 3653064.619, -1.284,  2.428, 353.520,  0.003,  0.000, -0.004
195381.4, 2270, 35.16713773, 136.88526105, 41.713, -3810385.787, 3567534.941, 3653064.619, -1.280,  2.427, 353.518,  0.006,  0.001, -0.002
195381.6, 2270, 35.16713773, 136.88526105, 41.713, -3810385.787, 3567534.941, 3653064.619, -1.270,  2.428, 353.520,  0.002, -0.001, -0.004
195381.8, 2270, 35.16713773, 136.88526105, 41.713, -3810385.787, 3567534.941, 3653064.619, -1.280,  2.428, 353.520,  0.005, -0.000, -0.003
195382.0, 2270, 35.16713773, 136.88526105, 41.713, -3810385.787, 3567534.941, 3653064.619, -1.271,  2.431, 353.522,  0.007,  0.001, -0.001
195382.2, 2270, 35.16713773, 136.88526105, 41.713, -3810385.787, 3567534.941, 3653064.619, -1.277,  2.428, 353.521,  0.001, -0.001, -0.005
195382.4, 2270, 35.16713773, 136.88526105, 41.713, -3810385.787, 3567534.941, 3653064.619, -1.277,  2.430, 353.520,  0.006,  0.001, -0.002
195382.6, 2270, 35.16713773, 136.88526105, 41.713, -3810385.787, 3567534.941, 3653064.619, -1.276,  2.431, 353.520,  0.004, -0.003, -0.002
195382.8, 2270, 35.16713773, 136.88526105, 41.713, -3810385.787, 3567534.941, 3653064.619, -1.279,  2.430, 353.519,  0.006, -0.001, -0.004
195383.0, 2270, 35.16713773, 136.88526105, 41.713, -3810385.787, 3567534.941, 3653064.619, -1.275,  2.430, 353.520,  0.004, -0.001, -0.002
195383.2, 2270, 35.16713773, 136.88526105, 41.713, -3810385.787, 3567534.941, 3653064.619, -1.281,  2.429, 353.521,  0.003, -0.000, -0.003
195383.4, 2270, 35.16713773, 136.88526105, 41.713, -3810385.787, 3567534.941, 3653064.619, -1.277,  2.430, 353.520,  0.006, -0.001, -0.003
195383.6, 2270, 35.16713773, 136.88526105, 41.713, -3810385.787, 3567534.941, 3653064.619, -1.278,  2.429, 353.523,  0.004, -0.001, -0.003
195383.8, 2270, 35.16713773, 136.88526105, 41.713, -3810385.787, 3567534.941, 3653064.619, -1.280,  2.430, 353.522,  0.005,  0.000, -0.003
195384.0, 2270, 35.16713773, 136.88526105, 41.713, -3810385.787, 3567534.941, 3653064.619, -1.276,  2.428, 353.520,  0.006, -0.001, -0.001
195384.2, 2270, 35.16713773, 136.88526105, 41.713, -3810385.787, 3567534.941, 3653064.619, -1.284,  2.429, 353.522,  0.005, -0.002, -0.003
195384.4, 2270, 35.16713773, 136.88526105, 41.713, -3810385.787, 3567534.941, 3653064.619, -1.274,  2.430, 353.520,  0.009,  0.000, -0.003
195384.6, 2270, 35.16713773, 136.88526105, 41.713, -3810385.787, 3567534.941, 3653064.619, -1.278,  2.425, 353.520,  0.002, -0.003, -0.002
195384.8, 2270, 35.16713773, 136.88526105, 41.713, -3810385.787, 3567534.941, 3653064.619, -1.281,  2.429, 353.522,  0.010, -0.000, -0.003
195385.0, 2270, 35.16713773, 136.88526105, 41.713, -3810385.787, 3567534.941, 3653064.619, -1.275,  2.426, 353.522,  0.004, -0.002, -0.004
195385.2, 2270, 35.16713773, 136.88526105, 41.713, -3810385.787, 3567534.941, 3653064.619, -1.283,  2.428, 353.522,  0.010,  0.001, -0.001
195385.4, 2270, 35.16713773, 136.88526105, 41.713, -3810385.787, 3567534.941, 3653064.619, -1.276,  2.429, 353.521,  0.008, -0.002, -0.004
195385.6, 2270, 35.16713773, 136.88526105, 41.713, -3810385.787, 3567534.941, 3653064.619, -1.281,  2.426, 353.520,  0.007, -0.000, -0.003
195385.8, 2270, 35.16713773, 136.88526105, 41.713, -3810385.787, 3567534.941, 3653064.619, -1.278,  2.426, 353.518,  0.009, -0.002, -0.002
195386.0, 2270, 35.16713773, 136.88526105, 41.713, -3810385.787, 3567534.941, 3653064.619, -1.279,  2.426, 353.520,  0.008, -0.001, -0.003
195386.2, 2270, 35.16713773, 136.88526106, 41.713, -3810385.787, 3567534.941, 3653064.618, -1.277,  2.427, 353.520,  0.010, -0.003, -0.000
195386.4, 2270, 35.16713772, 136.88526108, 41.713, -3810385.788, 3567534.939, 3653064.618, -1.280,  2.428, 353.521,  0.008, -0.001, -0.004
195386.6, 2270, 35.16713773, 136.88526110, 41.712, -3810385.788, 3567534.937, 3653064.618, -1.280,  2.453, 353.521,  0.004,  0.025, -0.010
195386.8, 2270, 35.16713786, 136.88526111, 41.710, -3810385.782, 3567534.930, 3653064.628, -1.272,  2.528, 353.524, -0.001,  0.111, -0.012
195387.0, 2270, 35.16713817, 136.88526109, 41.708, -3810385.766, 3567534.916, 3653064.655, -1.261,  2.592, 353.527, -0.017,  0.237, -0.005
195387.2, 2270, 35.16713873, 136.88526104, 41.708, -3810385.736, 3567534.895, 3653064.706, -1.278,  2.607, 353.528, -0.034,  0.378,  0.001
195387.4, 2270, 35.16713955, 136.88526096, 41.708, -3810385.693, 3567534.864, 3653064.781, -1.279,  2.642, 353.529, -0.044,  0.539, -0.001
195387.6, 2270, 35.16714068, 136.88526085, 41.708, -3810385.633, 3567534.822, 3653064.884, -1.244,  2.687, 353.534, -0.066,  0.718, -0.001
195387.8, 2270, 35.16714216, 136.88526068, 41.708, -3810385.554, 3567534.769, 3653065.018, -1.269,  2.720, 353.505, -0.101,  0.924,  0.000
195388.0, 2270, 35.16714403, 136.88526045, 41.708, -3810385.452, 3567534.703, 3653065.188, -1.333,  2.754, 353.499, -0.120,  1.145, -0.007
195388.2, 2270, 35.16714631, 136.88526017, 41.708, -3810385.328, 3567534.622, 3653065.394, -1.379,  2.787, 353.514, -0.142,  1.378,  0.006
195388.4, 2270, 35.16714902, 136.88525984, 41.709, -3810385.182, 3567534.526, 3653065.641, -1.393,  2.836, 353.523, -0.164,  1.629,  0.000
195388.6, 2270, 35.16715219, 136.88525946, 41.710, -3810385.011, 3567534.413, 3653065.928, -1.405,  2.860, 353.532, -0.190,  1.884,  0.000
195388.8, 2270, 35.16715582, 136.88525903, 41.711, -3810384.815, 3567534.284, 3653066.258, -1.388,  2.868, 353.514, -0.217,  2.134,  0.005
195389.0, 2270, 35.16715990, 136.88525853, 41.714, -3810384.596, 3567534.141, 3653066.630, -1.381,  2.833, 353.507, -0.242,  2.377,  0.022
195389.2, 2270, 35.16716439, 136.88525799, 41.718, -3810384.355, 3567533.982, 3653067.039, -1.329,  2.798, 353.446, -0.260,  2.597,  0.010
195389.4, 2270, 35.16716928, 136.88525740, 41.721, -3810384.092, 3567533.810, 3653067.484, -1.289,  2.768, 353.427, -0.299,  2.817,  0.010
195389.6, 2270, 35.16717457, 136.88525672, 41.724, -3810383.806, 3567533.626, 3653067.966, -1.301,  2.687, 353.427, -0.326,  3.030,  0.014
195389.8, 2270, 35.16718022, 136.88525600, 41.727, -3810383.498, 3567533.429, 3653068.481, -1.364,  2.639, 353.468, -0.348,  3.236,  0.010
195390.0, 2270, 35.16718623, 136.88525524, 41.729, -3810383.172, 3567533.218, 3653069.026, -1.423,  2.656, 353.504, -0.358,  3.420,  0.006
195390.2, 2270, 35.16719260, 136.88525449, 41.732, -3810382.830, 3567532.992, 3653069.606, -1.333,  2.632, 353.623, -0.342,  3.630,  0.017
195390.4, 2270, 35.16719929, 136.88525373, 41.736, -3810382.473, 3567532.752, 3653070.215, -1.204,  2.522, 353.691, -0.375,  3.769,  0.009
195390.6, 2270, 35.16720620, 136.88525287, 41.737, -3810382.098, 3567532.508, 3653070.842, -1.327,  2.544, 353.750, -0.425,  3.880, -0.002
195390.8, 2270, 35.16721334, 136.88525199, 41.742, -3810381.713, 3567532.257, 3653071.493, -1.412,  2.480, 353.795, -0.391,  4.021,  0.026
195391.0, 2270, 35.16722068, 136.88525117, 41.744, -3810381.321, 3567531.993, 3653072.160, -1.304,  2.468, 353.792, -0.388,  4.105, -0.008
195391.2, 2270, 35.16722817, 136.88525028, 41.744, -3810380.916, 3567531.724, 3653072.839, -1.292,  2.598, 353.730, -0.432,  4.202,  0.005
195391.4, 2270, 35.16723590, 136.88524932, 41.747, -3810380.497, 3567531.453, 3653073.542, -1.357,  2.632, 353.586, -0.456,  4.346,  0.007
195391.6, 2270, 35.16724388, 136.88524832, 41.749, -3810380.064, 3567531.172, 3653074.267, -1.372,  2.684, 353.501, -0.477,  4.495,  0.005
195391.8, 2270, 35.16725212, 136.88524725, 41.753, -3810379.615, 3567530.885, 3653075.016, -1.455,  2.725, 353.443, -0.501,  4.636,  0.026
195392.0, 2270, 35.16726061, 136.88524616, 41.759, -3810379.154, 3567530.590, 3653075.790, -1.463,  2.688, 353.454, -0.504,  4.775,  0.029
195392.2, 2270, 35.16726935, 136.88524499, 41.766, -3810378.679, 3567530.290, 3653076.586, -1.459,  2.670, 353.443, -0.517,  4.906,  0.013
195392.4, 2270, 35.16727832, 136.88524380, 41.774, -3810378.191, 3567529.982, 3653077.405, -1.404,  2.610, 353.394, -0.542,  5.052,  0.027
195392.6, 2270, 35.16728755, 136.88524253, 41.781, -3810377.685, 3567529.667, 3653078.245, -1.437,  2.521, 353.372, -0.567,  5.179,  0.006
195392.8, 2270, 35.16729701, 136.88524127, 41.788, -3810377.170, 3567529.342, 3653079.108, -1.334,  2.559, 353.377, -0.553,  5.319,  0.030
195393.0, 2270, 35.16730671, 136.88523999, 41.793, -3810376.640, 3567529.007, 3653079.990, -1.235,  2.701, 353.366, -0.578,  5.448,  0.004
195393.2, 2270, 35.16731667, 136.88523864, 41.799, -3810376.095, 3567528.664, 3653080.897, -1.197,  2.749, 353.358, -0.600,  5.601,  0.024
195393.4, 2270, 35.16732689, 136.88523729, 41.809, -3810375.541, 3567528.314, 3653081.830, -1.042,  2.750, 353.330, -0.604,  5.729,  0.046
195393.6, 2270, 35.16733737, 136.88523588, 41.820, -3810374.971, 3567527.956, 3653082.786, -0.958,  2.737, 353.287, -0.630,  5.894,  0.040
195393.8, 2270, 35.16734811, 136.88523442, 41.829, -3810374.384, 3567527.589, 3653083.766, -0.839,  2.669, 353.247, -0.642,  6.023,  0.031
195394.0, 2270, 35.16735909, 136.88523295, 41.840, -3810373.787, 3567527.213, 3653084.768, -0.614,  2.624, 353.124, -0.658,  6.170,  0.036
195394.2, 2270, 35.16737036, 136.88523146, 41.845, -3810373.172, 3567526.823, 3653085.793, -0.393,  2.493, 353.009, -0.710,  6.317,  0.017
195394.4, 2270, 35.16738183, 136.88522984, 41.849, -3810372.538, 3567526.432, 3653086.836, -0.472,  2.574, 352.862, -0.772,  6.417,  0.018
195394.6, 2270, 35.16739348, 136.88522815, 41.851, -3810371.891, 3567526.036, 3653087.893, -0.484,  2.913, 352.674, -0.753,  6.514,  0.020
195394.8, 2270, 35.16740532, 136.88522644, 41.861, -3810371.237, 3567525.639, 3653088.973, -0.391,  2.985, 352.496, -0.825,  6.612,  0.080
195395.0, 2270, 35.16741727, 136.88522456, 41.876, -3810370.572, 3567525.250, 3653090.065, -0.573,  2.857, 352.326, -0.859,  6.659,  0.080
195395.2, 2270, 35.16742933, 136.88522269, 41.891, -3810369.902, 3567524.857, 3653091.167, -0.533,  2.695, 352.125, -0.868,  6.703,  0.064
195395.4, 2270, 35.16744144, 136.88522077, 41.903, -3810369.225, 3567524.461, 3653092.273, -0.426,  2.720, 351.947, -0.891,  6.737,  0.039
195395.6, 2270, 35.16745366, 136.88521877, 41.911, -3810368.535, 3567524.065, 3653093.386, -0.386,  2.665, 351.758, -0.921,  6.812,  0.049
195395.8, 2270, 35.16746600, 136.88521673, 41.922, -3810367.839, 3567523.668, 3653094.511, -0.223,  2.501, 351.549, -0.939,  6.876,  0.059
195396.0, 2270, 35.16747843, 136.88521461, 41.929, -3810367.132, 3567523.270, 3653095.643, -0.082,  2.397, 351.324, -0.986,  6.911,  0.022
195396.2, 2270, 35.16749093, 136.88521233, 41.934, -3810366.410, 3567522.879, 3653096.780, -0.044,  2.391, 351.053, -1.040,  6.973,  0.005
195396.4, 2270, 35.16750357, 136.88520994, 41.938, -3810365.673, 3567522.488, 3653097.927, -0.049,  2.244, 350.758, -1.099,  7.049,  0.011
195396.6, 2270, 35.16751630, 136.88520741, 41.941, -3810364.923, 3567522.102, 3653099.084, -0.095,  2.157, 350.408, -1.112,  7.090,  0.002
195396.8, 2270, 35.16752910, 136.88520482, 41.940, -3810364.165, 3567521.714, 3653100.244,  0.006,  2.376, 349.957, -1.206,  7.118, -0.023
195397.0, 2270, 35.16754197, 136.88520203, 41.940, -3810363.390, 3567521.338, 3653101.412, -0.064,  2.667, 349.487, -1.274,  7.185,  0.007
195397.2, 2270, 35.16755499, 136.88519909, 41.949, -3810362.605, 3567520.970, 3653102.597, -0.070,  2.659, 348.948, -1.356,  7.254,  0.057
195397.4, 2270, 35.16756808, 136.88519595, 41.961, -3810361.807, 3567520.614, 3653103.792, -0.147,  2.653, 348.410, -1.438,  7.284,  0.047
195397.6, 2270, 35.16758126, 136.88519263, 41.971, -3810360.991, 3567520.264, 3653104.993, -0.226,  2.726, 347.905, -1.529,  7.354,  0.030
195397.8, 2270, 35.16759460, 136.88518915, 41.982, -3810360.158, 3567519.919, 3653106.209, -0.238,  2.562, 347.552, -1.573,  7.433,  0.051
195398.0, 2270, 35.16760796, 136.88518554, 41.992, -3810359.317, 3567519.582, 3653107.426, -0.436,  3.024, 347.301, -1.650,  7.435,  0.033
195398.2, 2270, 35.16762148, 136.88518183, 42.004, -3810358.462, 3567519.244, 3653108.659, -0.545,  3.348, 347.186, -1.690,  7.603,  0.098
195398.4, 2270, 35.16763526, 136.88517804, 42.031, -3810357.600, 3567518.910, 3653109.925, -0.647,  2.886, 347.146, -1.694,  7.660,  0.124
195398.6, 2270, 35.16764909, 136.88517425, 42.053, -3810356.732, 3567518.570, 3653111.192, -0.587,  3.040, 347.008, -1.704,  7.711,  0.067
195398.8, 2270, 35.16766313, 136.88517035, 42.071, -3810355.844, 3567518.227, 3653112.476, -0.558,  2.705, 346.669, -1.795,  7.872,  0.091
195399.0, 2270, 35.16767736, 136.88516625, 42.087, -3810354.934, 3567517.887, 3653113.775, -0.599,  2.112, 346.289, -1.876,  7.905,  0.017
195399.2, 2270, 35.16769166, 136.88516202, 42.083, -3810354.002, 3567517.541, 3653115.070, -0.596,  2.209, 346.026, -1.947,  7.998, -0.057
195399.4, 2270, 35.16770621, 136.88515761, 42.077, -3810353.045, 3567517.196, 3653116.386, -0.742,  1.987, 345.824, -2.018,  8.134, -0.033
195399.6, 2270, 35.16772090, 136.88515313, 42.070, -3810352.077, 3567516.848, 3653117.715, -0.763,  2.143, 345.709, -2.013,  8.186, -0.064
195399.8, 2270, 35.16773577, 136.88514859, 42.063, -3810351.097, 3567516.497, 3653119.059, -0.689,  2.472, 345.628, -2.081,  8.337, -0.023
195400.0, 2270, 35.16775094, 136.88514392, 42.067, -3810350.101, 3567516.147, 3653120.436, -0.707,  2.239, 345.594, -2.100,  8.482,  0.025
195400.2, 2270, 35.16776631, 136.88513927, 42.066, -3810349.093, 3567515.785, 3653121.830, -0.649,  2.045, 345.584, -2.145,  8.570, -0.036
195400.4, 2270, 35.16778185, 136.88513454, 42.056, -3810348.068, 3567515.415, 3653123.234, -0.650,  2.063, 345.566, -2.180,  8.670, -0.066
195400.6, 2270, 35.16779758, 136.88512972, 42.044, -3810347.027, 3567515.041, 3653124.654, -0.731,  2.152, 345.534, -2.210,  8.791, -0.049
195400.8, 2270, 35.16781355, 136.88512483, 42.035, -3810345.972, 3567514.665, 3653126.097, -0.824,  2.068, 345.556, -2.260,  8.917, -0.039
195401.0, 2270, 35.16782973, 136.88511985, 42.025, -3810344.902, 3567514.283, 3653127.559, -0.993,  2.003, 345.612, -2.273,  9.022, -0.067
195401.2, 2270, 35.16784609, 136.88511487, 42.012, -3810343.821, 3567513.893, 3653129.035, -1.101,  2.153, 345.666, -2.278,  9.132, -0.066
195401.4, 2270, 35.16786265, 136.88510981, 42.002, -3810342.726, 3567513.500, 3653130.531, -1.330,  2.228, 345.715, -2.324,  9.256, -0.035
195401.6, 2270, 35.16787941, 136.88510468, 41.995, -3810341.622, 3567513.106, 3653132.047, -1.625,  2.307, 345.749, -2.345,  9.343, -0.025
195401.8, 2270, 35.16789638, 136.88509952, 41.992, -3810340.507, 3567512.706, 3653133.584, -1.842,  2.221, 345.838, -2.373,  9.489, -0.013
195402.0, 2270, 35.16791356, 136.88509435, 41.987, -3810339.381, 3567512.297, 3653135.140, -1.989,  1.962, 345.959, -2.344,  9.569, -0.049
195402.2, 2270, 35.16793087, 136.88508916, 41.976, -3810338.243, 3567511.880, 3653136.703, -2.076,  2.024, 346.068, -2.346,  9.657, -0.062
195402.4, 2270, 35.16794840, 136.88508393, 41.966, -3810337.095, 3567511.456, 3653138.287, -2.177,  1.884, 346.185, -2.366,  9.783, -0.062
195402.6, 2270, 35.16796610, 136.88507871, 41.954, -3810335.936, 3567511.024, 3653139.885, -2.231,  1.761, 346.287, -2.352,  9.871, -0.087
195402.8, 2270, 35.16798393, 136.88507350, 41.935, -3810334.769, 3567510.581, 3653141.492, -2.191,  1.996, 346.280, -2.358,  9.945, -0.096
195403.0, 2270, 35.16800194, 136.88506825, 41.925, -3810333.596, 3567510.138, 3653143.119, -2.108,  2.147, 346.232, -2.371, 10.027, -0.041
195403.2, 2270, 35.16802009, 136.88506297, 41.922, -3810332.419, 3567509.694, 3653144.764, -1.920,  2.327, 346.203, -2.390, 10.109, -0.005
195403.4, 2270, 35.16803837, 136.88505764, 41.927, -3810331.237, 3567509.254, 3653146.425, -1.770,  2.264, 346.191, -2.403, 10.156,  0.034
195403.6, 2270, 35.16805661, 136.88505226, 41.933, -3810330.055, 3567508.818, 3653148.082, -1.842,  2.208, 346.158, -2.443, 10.082, -0.004
195403.8, 2270, 35.16807475, 136.88504684, 41.936, -3810328.873, 3567508.388, 3653149.729, -2.067,  2.287, 346.111, -2.452, 10.049,  0.020
195404.0, 2270, 35.16809280, 136.88504144, 41.942, -3810327.698, 3567507.962, 3653151.370, -2.189,  2.246, 346.087, -2.411,  9.992,  0.026
195404.2, 2270, 35.16811078, 136.88503616, 41.948, -3810326.534, 3567507.531, 3653153.004, -2.171,  2.112, 346.062, -2.404,  9.949,  0.022
195404.4, 2270, 35.16812866, 136.88503092, 41.950, -3810325.375, 3567507.100, 3653154.626, -2.067,  2.004, 346.038, -2.391,  9.876, -0.017
195404.6, 2270, 35.16814640, 136.88502569, 41.946, -3810324.219, 3567506.671, 3653156.233, -2.087,  2.125, 346.014, -2.389,  9.820, -0.026
195404.8, 2270, 35.16816408, 136.88502045, 41.944, -3810323.068, 3567506.246, 3653157.835, -2.116,  2.038, 345.999, -2.365,  9.787,  0.012
195405.0, 2270, 35.16818161, 136.88501531, 41.944, -3810321.930, 3567505.823, 3653159.426, -1.964,  2.090, 345.980, -2.318,  9.651, -0.000
195405.2, 2270, 35.16819891, 136.88501021, 41.945, -3810320.806, 3567505.407, 3653160.995, -1.889,  2.280, 345.894, -2.313,  9.550,  0.023
195405.4, 2270, 35.16821605, 136.88500512, 41.952, -3810319.693, 3567505.001, 3653162.553, -1.814,  2.272, 345.814, -2.313,  9.457,  0.043
195405.6, 2270, 35.16823306, 136.88499999, 41.958, -3810318.584, 3567504.601, 3653164.099, -1.833,  2.155, 345.677, -2.350,  9.421,  0.020
195405.8, 2270, 35.16825001, 136.88499484, 41.959, -3810317.474, 3567504.205, 3653165.637, -1.857,  1.881, 345.572, -2.340,  9.355, -0.027
195406.0, 2270, 35.16826683, 136.88498966, 41.949, -3810316.360, 3567503.809, 3653167.157, -2.011,  2.066, 345.515, -2.370,  9.312, -0.057
195406.2, 2270, 35.16828363, 136.88498446, 41.942, -3810315.249, 3567503.417, 3653168.676, -2.191,  2.265, 345.577, -2.367,  9.323, -0.011
195406.4, 2270, 35.16830045, 136.88497932, 41.944, -3810314.146, 3567503.025, 3653170.203, -2.248,  2.286, 345.736, -2.328,  9.325,  0.022
195406.6, 2270, 35.16831728, 136.88497426, 41.948, -3810313.048, 3567502.629, 3653171.732, -2.269,  2.242, 345.956, -2.282,  9.345,  0.019
195406.8, 2270, 35.16833416, 136.88496929, 41.950, -3810311.952, 3567502.224, 3653173.263, -2.241,  2.085, 346.171, -2.248,  9.373,  0.001
195407.0, 2270, 35.16835104, 136.88496439, 41.948, -3810310.858, 3567501.810, 3653174.794, -2.199,  2.057, 346.355, -2.218,  9.365, -0.031
195407.2, 2270, 35.16836793, 136.88495954, 41.941, -3810309.765, 3567501.392, 3653176.321, -2.243,  2.265, 346.476, -2.186,  9.373, -0.014
195407.4, 2270, 35.16838484, 136.88495472, 41.941, -3810308.675, 3567500.973, 3653177.855, -2.263,  2.449, 346.440, -2.209,  9.403,  0.019
195407.6, 2270, 35.16840182, 136.88494985, 41.948, -3810307.584, 3567500.560, 3653179.399, -2.303,  2.356, 346.378, -2.223,  9.422,  0.043
195407.8, 2270, 35.16841881, 136.88494495, 41.954, -3810306.490, 3567500.147, 3653180.943, -2.333,  2.322, 346.319, -2.242,  9.426,  0.017
195408.0, 2270, 35.16843582, 136.88494002, 41.956, -3810305.391, 3567499.733, 3653182.487, -2.407,  2.341, 346.287, -2.253,  9.447,  0.011
195408.2, 2270, 35.16845285, 136.88493507, 41.959, -3810304.290, 3567499.320, 3653184.034, -2.473,  2.446, 346.270, -2.255,  9.454,  0.021
195408.4, 2270, 35.16846994, 136.88493012, 41.965, -3810303.189, 3567498.906, 3653185.587, -2.467,  2.560, 346.270, -2.258,  9.514,  0.042
195408.6, 2270, 35.16848716, 136.88492517, 41.976, -3810302.083, 3567498.490, 3653187.154, -2.378,  2.377, 346.333, -2.260,  9.576,  0.050
195408.8, 2270, 35.16850447, 136.88492022, 41.980, -3810300.970, 3567498.065, 3653188.727, -2.293,  2.302, 346.471, -2.237,  9.654,  0.003
195409.0, 2270, 35.16852195, 136.88491530, 41.980, -3810299.848, 3567497.629, 3653190.312, -2.181,  2.226, 346.631, -2.250,  9.741, -0.006
195409.2, 2270, 35.16853956, 136.88491037, 41.977, -3810298.718, 3567497.186, 3653191.908, -2.162,  2.155, 346.756, -2.241,  9.799, -0.023
195409.4, 2270, 35.16855728, 136.88490543, 41.971, -3810297.580, 3567496.737, 3653193.511, -2.249,  2.318, 346.872, -2.253,  9.861, -0.030
195409.6, 2270, 35.16857513, 136.88490050, 41.969, -3810296.440, 3567496.285, 3653195.129, -2.296,  2.460, 346.959, -2.240,  9.956,  0.021
195409.8, 2270, 35.16859315, 136.88489559, 41.975, -3810295.297, 3567495.828, 3653196.766, -2.225,  2.419, 347.055, -2.234, 10.027,  0.034
195410.0, 2270, 35.16861127, 136.88489067, 41.980, -3810294.148, 3567495.366, 3653198.413, -2.266,  2.509, 347.132, -2.242, 10.083,  0.021
195410.2, 2270, 35.16862955, 136.88488576, 41.987, -3810292.994, 3567494.898, 3653200.074, -2.178,  2.424, 347.229, -2.241, 10.181,  0.041
195410.4, 2270, 35.16864796, 136.88488086, 41.992, -3810291.833, 3567494.423, 3653201.748, -2.105,  2.252, 347.304, -2.246, 10.238, -0.000
195410.6, 2270, 35.16866649, 136.88487594, 41.991, -3810290.662, 3567493.940, 3653203.428, -2.018,  2.104, 347.338, -2.217, 10.319, -0.006
195410.8, 2270, 35.16868512, 136.88487104, 41.986, -3810289.484, 3567493.449, 3653205.114, -1.887,  2.057, 347.341, -2.245, 10.358, -0.041
195411.0, 2270, 35.16870386, 136.88486611, 41.978, -3810288.299, 3567492.954, 3653206.809, -1.753,  2.150, 347.334, -2.268, 10.415, -0.041
195411.2, 2270, 35.16872269, 136.88486111, 41.971, -3810287.105, 3567492.460, 3653208.513, -1.748,  2.393, 347.286, -2.286, 10.480, -0.011
195411.4, 2270, 35.16874167, 136.88485603, 41.973, -3810285.904, 3567491.971, 3653210.235, -1.807,  2.378, 347.173, -2.349, 10.561,  0.020
195411.6, 2270, 35.16876076, 136.88485087, 41.978, -3810284.695, 3567491.483, 3653211.969, -1.823,  2.391, 347.066, -2.367, 10.620,  0.013
195411.8, 2270, 35.16877997, 136.88484563, 41.981, -3810283.475, 3567490.993, 3653213.713, -1.806,  2.329, 346.978, -2.406, 10.692,  0.011
195412.0, 2270, 35.16879928, 136.88484036, 41.983, -3810282.247, 3567490.502, 3653215.465, -1.709,  2.363, 346.846, -2.427, 10.738, -0.001
195412.2, 2270, 35.16881869, 136.88483496, 41.984, -3810281.006, 3567490.014, 3653217.227, -1.747,  2.327, 346.661, -2.491, 10.790,  0.005
195412.4, 2270, 35.16883817, 136.88482942, 41.984, -3810279.753, 3567489.531, 3653218.993, -1.901,  2.564, 346.462, -2.544, 10.850,  0.015
195412.6, 2270, 35.16885783, 136.88482378, 41.991, -3810278.489, 3567489.052, 3653220.781, -1.885,  2.413, 346.277, -2.585, 10.940,  0.047
195412.8, 2270, 35.16887761, 136.88481805, 41.997, -3810277.212, 3567488.572, 3653222.578, -1.827,  2.302, 346.057, -2.643, 11.012,  0.009
195413.0, 2270, 35.16889752, 136.88481219, 41.997, -3810275.919, 3567488.092, 3653224.384, -1.703,  2.163, 345.838, -2.694, 11.080, -0.012
195413.2, 2270, 35.16891753, 136.88480620, 41.991, -3810274.609, 3567487.613, 3653226.195, -1.610,  2.218, 345.609, -2.747, 11.122, -0.033
195413.4, 2270, 35.16893765, 136.88480008, 41.986, -3810273.286, 3567487.139, 3653228.017, -1.497,  2.393, 345.372, -2.840, 11.186, -0.009
195413.6, 2270, 35.16895790, 136.88479380, 41.989, -3810271.952, 3567486.674, 3653229.855, -1.458,  2.499, 345.156, -2.902, 11.274,  0.025
195413.8, 2270, 35.16897831, 136.88478738, 41.998, -3810270.606, 3567486.214, 3653231.711, -1.354,  2.439, 345.018, -2.949, 11.355,  0.033
195414.0, 2270, 35.16899885, 136.88478086, 42.003, -3810269.245, 3567485.753, 3653233.577, -1.285,  2.382, 344.977, -2.970, 11.441,  0.026
195414.2, 2270, 35.16901953, 136.88477429, 42.006, -3810267.873, 3567485.289, 3653235.454, -1.250,  2.202, 345.000, -3.002, 11.500,  0.007
195414.4, 2270, 35.16904029, 136.88476768, 42.002, -3810266.491, 3567484.820, 3653237.335, -1.331,  2.035, 345.063, -3.019, 11.529, -0.040
195414.6, 2270, 35.16906111, 136.88476107, 41.992, -3810265.102, 3567484.345, 3653239.217, -1.386,  1.989, 345.110, -3.014, 11.563, -0.070
195414.8, 2270, 35.16908201, 136.88475449, 41.981, -3810263.711, 3567483.863, 3653241.105, -1.358,  2.094, 345.190, -3.017, 11.628, -0.055
195415.0, 2270, 35.16910304, 136.88474787, 41.971, -3810262.312, 3567483.379, 3653243.008, -1.478,  1.892, 345.283, -3.019, 11.690, -0.059
195415.2, 2270, 35.16912414, 136.88474125, 41.955, -3810260.905, 3567482.889, 3653244.912, -1.677,  1.843, 345.365, -3.014, 11.720, -0.098
195415.4, 2270, 35.16914529, 136.88473466, 41.936, -3810259.497, 3567482.392, 3653246.819, -1.773,  2.057, 345.407, -2.994, 11.772, -0.083
195415.6, 2270, 35.16916658, 136.88472808, 41.925, -3810258.088, 3567481.894, 3653248.744, -1.767,  2.056, 345.406, -3.004, 11.845, -0.032
195415.8, 2270, 35.16918796, 136.88472147, 41.916, -3810256.674, 3567481.395, 3653250.678, -1.796,  2.029, 345.396, -3.017, 11.872, -0.054
195416.0, 2270, 35.16920943, 136.88471483, 41.906, -3810255.252, 3567480.893, 3653252.618, -1.835,  2.038, 345.414, -3.023, 11.936, -0.047
195416.2, 2270, 35.16923096, 136.88470817, 41.895, -3810253.826, 3567480.390, 3653254.565, -1.892,  2.210, 345.459, -3.022, 11.965, -0.047
195416.4, 2270, 35.16925260, 136.88470151, 41.890, -3810252.400, 3567479.885, 3653256.525, -1.894,  2.429, 345.496, -3.044, 12.044,  0.008
195416.6, 2270, 35.16927439, 136.88469483, 41.896, -3810250.971, 3567479.381, 3653258.505, -1.885,  2.438, 345.543, -3.038, 12.127,  0.042
195416.8, 2270, 35.16929631, 136.88468817, 41.904, -3810249.539, 3567478.871, 3653260.497, -1.733,  2.387, 345.593, -3.022, 12.174,  0.033
195417.0, 2270, 35.16931830, 136.88468154, 41.910, -3810248.103, 3567478.354, 3653262.495, -1.498,  2.573, 345.616, -3.039, 12.229,  0.036
195417.2, 2270, 35.16934043, 136.88467487, 41.922, -3810246.663, 3567477.838, 3653264.509, -1.308,  2.579, 345.637, -3.039, 12.319,  0.075
195417.4, 2270, 35.16936269, 136.88466817, 41.936, -3810245.216, 3567477.320, 3653266.535, -1.133,  2.439, 345.645, -3.057, 12.382,  0.059
195417.6, 2270, 35.16938508, 136.88466146, 41.945, -3810243.759, 3567476.792, 3653268.571, -0.828,  2.170, 345.616, -3.073, 12.462,  0.014
195417.8, 2270, 35.16940754, 136.88465468, 41.939, -3810242.286, 3567476.259, 3653270.605, -0.695,  2.120, 345.525, -3.117, 12.468, -0.057
195418.0, 2270, 35.16943001, 136.88464774, 41.929, -3810240.800, 3567475.734, 3653272.637, -0.944,  2.133, 345.418, -3.196, 12.458, -0.040
195418.2, 2270, 35.16945251, 136.88464071, 41.923, -3810239.309, 3567475.216, 3653274.674, -1.226,  2.116, 345.318, -3.233, 12.509, -0.016
195418.4, 2270, 35.16947504, 136.88463363, 41.916, -3810237.813, 3567474.698, 3653276.713, -1.390,  2.033, 345.233, -3.228, 12.475, -0.073
195418.6, 2270, 35.16949756, 136.88462656, 41.906, -3810236.316, 3567474.179, 3653278.750, -1.429,  2.340, 345.209, -3.224, 12.539, -0.002
195418.8, 2270, 35.16952019, 136.88461952, 41.910, -3810234.824, 3567473.661, 3653280.804, -1.284,  2.376, 345.298, -3.206, 12.561,  0.024
195419.0, 2270, 35.16954288, 136.88461244, 41.916, -3810233.329, 3567473.144, 3653282.866, -1.380,  2.221, 345.350, -3.224, 12.611,  0.026
195419.2, 2270, 35.16956565, 136.88460534, 41.914, -3810231.823, 3567472.621, 3653284.929, -1.546,  1.914, 345.431, -3.229, 12.637, -0.048
195419.4, 2270, 35.16958841, 136.88459830, 41.898, -3810230.314, 3567472.086, 3653286.985, -1.636,  2.011, 345.545, -3.190, 12.632, -0.096
195419.6, 2270, 35.16961122, 136.88459133, 41.887, -3810228.809, 3567471.547, 3653289.047, -1.656,  2.202, 345.699, -3.159, 12.671, -0.027
195419.8, 2270, 35.16963405, 136.88458443, 41.886, -3810227.314, 3567471.009, 3653291.117, -1.716,  2.273, 345.858, -3.120, 12.650,  0.020
195420.0, 2270, 35.16965685, 136.88457764, 41.893, -3810225.832, 3567470.468, 3653293.189, -1.632,  2.167, 346.000, -3.072, 12.647,  0.034
195420.2, 2270, 35.16967961, 136.88457096, 41.896, -3810224.356, 3567469.920, 3653295.254, -1.457,  1.967, 346.071, -3.019, 12.573, -0.016
195420.4, 2270, 35.16970219, 136.88456436, 41.890, -3810222.888, 3567469.369, 3653297.299, -1.381,  2.198, 346.079, -3.007, 12.506, -0.020
195420.6, 2270, 35.16972469, 136.88455774, 41.891, -3810221.426, 3567468.827, 3653299.340, -1.423,  2.290, 346.092, -3.007, 12.466,  0.026
195420.8, 2270, 35.16974714, 136.88455116, 41.899, -3810219.974, 3567468.288, 3653301.380, -1.382,  2.124, 346.089, -3.003, 12.436,  0.034
195421.0, 2270, 35.16976950, 136.88454460, 41.900, -3810218.524, 3567467.749, 3653303.409, -1.347,  1.882, 346.055, -2.979, 12.357, -0.027
195421.2, 2270, 35.16979167, 136.88453810, 41.892, -3810217.079, 3567467.208, 3653305.415, -1.259,  2.202, 346.009, -2.951, 12.256, -0.032
195421.4, 2270, 35.16981372, 136.88453158, 41.894, -3810215.647, 3567466.679, 3653307.415, -1.233,  2.118, 345.917, -2.964, 12.196,  0.049
195421.6, 2270, 35.16983554, 136.88452509, 41.899, -3810214.227, 3567466.162, 3653309.398, -1.208,  1.823, 345.812, -2.937, 12.017,  0.005
195421.8, 2270, 35.16985703, 136.88451867, 41.895, -3810212.823, 3567465.648, 3653311.344, -1.072,  2.001, 345.700, -2.908, 11.824, -0.038
195422.0, 2270, 35.16987823, 136.88451228, 41.892, -3810211.434, 3567465.145, 3653313.265, -0.958,  2.231, 345.578, -2.915, 11.719,  0.030
195422.2, 2270, 35.16989925, 136.88450586, 41.900, -3810210.059, 3567464.658, 3653315.177, -0.920,  1.905, 345.478, -2.911, 11.603,  0.039
195422.4, 2270, 35.16991998, 136.88449948, 41.899, -3810208.694, 3567464.176, 3653317.056, -0.899,  1.828, 345.387, -2.880, 11.402, -0.051
195422.6, 2270, 35.16994043, 136.88449314, 41.888, -3810207.339, 3567463.698, 3653318.904, -0.915,  2.069, 345.276, -2.896, 11.299, -0.031
195422.8, 2270, 35.16996072, 136.88448678, 41.885, -3810205.995, 3567463.234, 3653320.742, -0.999,  2.004, 345.161, -2.894, 11.206, -0.003
195423.0, 2270, 35.16998083, 136.88448044, 41.883, -3810204.660, 3567462.776, 3653322.565, -0.998,  2.157, 345.006, -2.899, 11.118, -0.032
195423.2, 2270, 35.17000086, 136.88447407, 41.882, -3810203.329, 3567462.324, 3653324.381, -0.944,  2.153, 344.842, -2.916, 11.107,  0.028
195423.4, 2270, 35.17002081, 136.88446763, 41.882, -3810201.997, 3567461.881, 3653326.190, -0.985,  1.926, 344.652, -2.924, 11.042, -0.015
195423.6, 2270, 35.17004065, 136.88446116, 41.874, -3810200.664, 3567461.440, 3653327.985, -0.940,  1.913, 344.483, -2.973, 10.973, -0.050
195423.8, 2270, 35.17006038, 136.88445461, 41.863, -3810199.329, 3567461.007, 3653329.768, -1.031,  1.982, 344.316, -2.984, 10.914, -0.050
195424.0, 2270, 35.17008002, 136.88444805, 41.855, -3810198.000, 3567460.582, 3653331.545, -1.036,  2.138, 344.233, -2.983, 10.875, -0.018
195424.2, 2270, 35.17009959, 136.88444153, 41.855, -3810196.681, 3567460.161, 3653333.320, -0.868,  2.318, 344.245, -2.969, 10.857,  0.020
195424.4, 2270, 35.17011915, 136.88443500, 41.861, -3810195.366, 3567459.744, 3653335.097, -0.832,  2.155, 344.285, -2.968, 10.827,  0.031
195424.6, 2270, 35.17013857, 136.88442847, 41.862, -3810194.053, 3567459.331, 3653336.858, -1.027,  2.214, 344.327, -2.959, 10.731, -0.015
195424.8, 2270, 35.17015790, 136.88442199, 41.863, -3810192.749, 3567458.918, 3653338.612, -1.148,  2.248, 344.410, -2.952, 10.707,  0.009
195425.0, 2270, 35.17017716, 136.88441558, 41.867, -3810191.454, 3567458.505, 3653340.361, -1.247,  2.009, 344.516, -2.876, 10.615,  0.027
195425.2, 2270, 35.17019597, 136.88440929, 41.870, -3810190.186, 3567458.103, 3653342.069, -1.444,  2.350, 344.594, -2.783, 10.283, -0.001
195425.4, 2270, 35.17021436, 136.88440320, 41.885, -3810188.958, 3567457.713, 3653343.746, -1.493,  2.279, 344.688, -2.710, 10.126,  0.132
195425.6, 2270, 35.17023227, 136.88439734, 41.906, -3810187.770, 3567457.333, 3653345.382, -1.433,  1.634, 344.780, -2.571,  9.747,  0.037
195425.8, 2270, 35.17024954, 136.88439173, 41.907, -3810186.616, 3567456.952, 3653346.949, -1.385,  1.422, 344.855, -2.494,  9.435, -0.044
195426.0, 2270, 35.17026621, 136.88438631, 41.896, -3810185.494, 3567456.578, 3653348.454, -1.440,  1.320, 344.917, -2.390,  9.074, -0.091
195426.2, 2270, 35.17028232, 136.88438118, 41.880, -3810184.414, 3567456.207, 3653349.905, -1.404,  1.360, 345.007, -2.287,  8.798, -0.070
195426.4, 2270, 35.17029788, 136.88437623, 41.866, -3810183.372, 3567455.848, 3653351.309, -1.451,  1.497, 345.079, -2.204,  8.479, -0.068
195426.6, 2270, 35.17031291, 136.88437149, 41.854, -3810182.368, 3567455.500, 3653352.665, -1.500,  1.869, 345.145, -2.132,  8.199, -0.045
195426.8, 2270, 35.17032749, 136.88436689, 41.849, -3810181.399, 3567455.167, 3653353.985, -1.555,  2.037, 345.240, -2.048,  7.978,  0.006
195427.0, 2270, 35.17034166, 136.88436244, 41.852, -3810180.462, 3567454.845, 3653355.271, -1.698,  2.219, 345.334, -1.999,  7.760,  0.013
195427.2, 2270, 35.17035556, 136.88435808, 41.858, -3810179.546, 3567454.532, 3653356.535, -1.657,  2.256, 345.451, -1.929,  7.657,  0.026
195427.4, 2270, 35.17036922, 136.88435382, 41.866, -3810178.648, 3567454.223, 3653357.778, -1.668,  2.112, 345.581, -1.885,  7.506,  0.029
195427.6, 2270, 35.17038262, 136.88434968, 41.871, -3810177.769, 3567453.915, 3653358.997, -1.633,  2.079, 345.669, -1.830,  7.393,  0.017
195427.8, 2270, 35.17039581, 136.88434566, 41.875, -3810176.905, 3567453.609, 3653360.196, -1.511,  1.982, 345.702, -1.787,  7.252,  0.005
195428.0, 2270, 35.17040875, 136.88434169, 41.876, -3810176.055, 3567453.309, 3653361.369, -1.490,  2.068, 345.675, -1.765,  7.124, -0.009
195428.2, 2270, 35.17042148, 136.88433777, 41.877, -3810175.218, 3567453.014, 3653362.525, -1.458,  2.000, 345.622, -1.745,  7.006,  0.001
195428.4, 2270, 35.17043398, 136.88433391, 41.880, -3810174.396, 3567452.727, 3653363.660, -1.416,  1.951, 345.529, -1.723,  6.870, -0.003
195428.6, 2270, 35.17044622, 136.88433007, 41.881, -3810173.586, 3567452.448, 3653364.770, -1.465,  1.956, 345.407, -1.724,  6.730, -0.013
195428.8, 2270, 35.17045818, 136.88432628, 41.882, -3810172.793, 3567452.177, 3653365.856, -1.443,  1.981, 345.270, -1.671,  6.567,  0.003
195429.0, 2270, 35.17046984, 136.88432256, 41.884, -3810172.019, 3567451.917, 3653366.914, -1.469,  1.996, 345.127, -1.667,  6.369, -0.002
195429.2, 2270, 35.17048115, 136.88431896, 41.885, -3810171.267, 3567451.663, 3653367.941, -1.452,  1.969, 344.965, -1.619,  6.182,  0.009
195429.4, 2270, 35.17049208, 136.88431545, 41.887, -3810170.540, 3567451.420, 3653368.933, -1.432,  1.939, 344.801, -1.581,  5.939,  0.010
195429.6, 2270, 35.17050256, 136.88431204, 41.889, -3810169.840, 3567451.190, 3653369.885, -1.439,  1.894, 344.638, -1.549,  5.695, -0.002
195429.8, 2270, 35.17051259, 136.88430870, 41.888, -3810169.164, 3567450.974, 3653370.794, -1.533,  1.845, 344.451, -1.501,  5.430, -0.008
195430.0, 2270, 35.17052218, 136.88430550, 41.890, -3810168.518, 3567450.769, 3653371.664, -1.494,  1.837, 344.225, -1.420,  5.217,  0.009
195430.2, 2270, 35.17053135, 136.88430241, 41.888, -3810167.897, 3567450.573, 3653372.495, -1.413,  1.736, 343.998, -1.390,  4.947, -0.015
195430.4, 2270, 35.17054004, 136.88429940, 41.888, -3810167.304, 3567450.393, 3653373.283, -1.406,  1.745, 343.730, -1.352,  4.716,  0.014
195430.6, 2270, 35.17054832, 136.88429650, 41.887, -3810166.737, 3567450.223, 3653374.033, -1.346,  1.710, 343.474, -1.294,  4.465, -0.024
195430.8, 2270, 35.17055618, 136.88429371, 41.882, -3810166.194, 3567450.064, 3653374.743, -1.283,  1.766, 343.214, -1.259,  4.251, -0.022
195431.0, 2270, 35.17056368, 136.88429098, 41.880, -3810165.673, 3567449.916, 3653375.422, -1.274,  1.784, 342.956, -1.213,  4.082, -0.006
195431.2, 2270, 35.17057088, 136.88428835, 41.878, -3810165.171, 3567449.775, 3653376.075, -1.172,  1.775, 342.659, -1.196,  3.915, -0.015
195431.4, 2270, 35.17057780, 136.88428573, 41.875, -3810164.684, 3567449.645, 3653376.700, -1.201,  1.787, 342.412, -1.178,  3.761, -0.015
195431.6, 2270, 35.17058445, 136.88428320, 41.873, -3810164.215, 3567449.522, 3653377.302, -1.173,  1.722, 342.165, -1.133,  3.616, -0.012
195431.8, 2270, 35.17059081, 136.88428075, 41.870, -3810163.764, 3567449.406, 3653377.877, -1.132,  1.727, 341.937, -1.111,  3.443, -0.010
195432.0, 2270, 35.17059685, 136.88427834, 41.869, -3810163.332, 3567449.301, 3653378.425, -1.186,  1.658, 341.719, -1.069,  3.261, -0.004
195432.2, 2270, 35.17060254, 136.88427602, 41.870, -3810162.922, 3567449.208, 3653378.941, -1.178,  1.641, 341.502, -1.004,  3.058, -0.017
195432.4, 2270, 35.17060786, 136.88427380, 41.868, -3810162.535, 3567449.122, 3653379.422, -1.174,  1.663, 341.299, -0.956,  2.855, -0.023
195432.6, 2270, 35.17061284, 136.88427170, 41.867, -3810162.171, 3567449.043, 3653379.874, -1.167,  1.733, 341.073, -0.905,  2.688, -0.015
195432.8, 2270, 35.17061755, 136.88426969, 41.867, -3810161.826, 3567448.971, 3653380.300, -1.163,  1.803, 340.871, -0.873,  2.557, -0.009
195433.0, 2270, 35.17062203, 136.88426773, 41.865, -3810161.494, 3567448.905, 3653380.705, -1.206,  1.854, 340.644, -0.847,  2.433, -0.026
195433.2, 2270, 35.17062638, 136.88426583, 41.862, -3810161.171, 3567448.839, 3653381.098, -1.181,  2.042, 340.418, -0.843,  2.417, -0.022
195433.4, 2270, 35.17063073, 136.88426390, 41.861, -3810160.847, 3567448.778, 3653381.492, -1.197,  2.066, 340.190, -0.863,  2.416, -0.006
195433.6, 2270, 35.17063511, 136.88426192, 41.860, -3810160.519, 3567448.718, 3653381.889, -1.208,  2.195, 339.952, -0.890,  2.477, -0.019
195433.8, 2270, 35.17063966, 136.88425986, 41.860, -3810160.178, 3567448.656, 3653382.302, -1.174,  2.258, 339.730, -0.929,  2.589,  0.000
195434.0, 2270, 35.17064439, 136.88425770, 41.862, -3810159.825, 3567448.594, 3653382.732, -1.143,  2.244, 339.472, -0.981,  2.667, -0.002
195434.2, 2270, 35.17064924, 136.88425543, 41.864, -3810159.458, 3567448.534, 3653383.173, -1.159,  2.252, 339.209, -1.033,  2.737,  0.001
195434.4, 2270, 35.17065421, 136.88425305, 41.866, -3810159.079, 3567448.476, 3653383.625, -1.212,  2.305, 338.910, -1.078,  2.811, -0.005
195434.6, 2270, 35.17065936, 136.88425059, 41.868, -3810158.687, 3567448.416, 3653384.093, -1.153,  2.324, 338.577, -1.103,  2.922,  0.004
195434.8, 2270, 35.17066468, 136.88424801, 41.870, -3810158.280, 3567448.356, 3653384.577, -1.080,  2.373, 338.165, -1.178,  3.003, -0.000
195435.0, 2270, 35.17067015, 136.88424527, 41.872, -3810157.855, 3567448.301, 3653385.073, -1.093,  2.406, 337.689, -1.268,  3.083, -0.004
195435.2, 2270, 35.17067579, 136.88424244, 41.874, -3810157.416, 3567448.244, 3653385.586, -1.127,  2.364, 337.159, -1.320,  3.172,  0.008
195435.4, 2270, 35.17068158, 136.88423947, 41.875, -3810156.962, 3567448.188, 3653386.112, -1.093,  2.339, 336.568, -1.388,  3.252, -0.005
195435.6, 2270, 35.17068750, 136.88423632, 41.874, -3810156.490, 3567448.139, 3653386.649, -1.135,  2.334, 335.974, -1.458,  3.328,  0.008
195435.8, 2270, 35.17069357, 136.88423305, 41.877, -3810156.004, 3567448.093, 3653387.200, -1.068,  2.292, 335.337, -1.534,  3.402,  0.005
195436.0, 2270, 35.17069976, 136.88422959, 41.877, -3810155.500, 3567448.053, 3653387.762, -1.037,  2.249, 334.731, -1.621,  3.467, -0.004
195436.2, 2270, 35.17070608, 136.88422595, 41.875, -3810154.978, 3567448.018, 3653388.334, -1.044,  2.201, 334.135, -1.702,  3.538, -0.010
195436.4, 2270, 35.17071252, 136.88422218, 41.876, -3810154.443, 3567447.988, 3653388.918, -0.942,  2.176, 333.570, -1.751,  3.607,  0.004
195436.6, 2270, 35.17071911, 136.88421825, 41.877, -3810153.892, 3567447.962, 3653389.517, -0.753,  2.072, 333.042, -1.836,  3.698, -0.001
195436.8, 2270, 35.17072581, 136.88421413, 41.874, -3810153.321, 3567447.942, 3653390.123, -0.689,  1.961, 332.491, -1.933,  3.731, -0.032
195437.0, 2270, 35.17073258, 136.88420978, 41.869, -3810152.731, 3567447.933, 3653390.734, -0.858,  2.069, 331.994, -2.023,  3.801, -0.008
195437.2, 2270, 35.17073951, 136.88420526, 41.870, -3810152.127, 3567447.931, 3653391.362, -0.764,  2.011, 331.563, -2.046,  3.899, -0.033
195437.4, 2270, 35.17074658, 136.88420060, 41.864, -3810151.503, 3567447.928, 3653392.000, -0.658,  1.943, 331.137, -2.174,  3.951, -0.050
195437.6, 2270, 35.17075371, 136.88419569, 41.862, -3810150.864, 3567447.943, 3653392.647, -0.867,  1.902, 330.779, -2.229,  3.999,  0.008
195437.8, 2270, 35.17076093, 136.88419073, 41.867, -3810150.222, 3567447.960, 3653393.303, -0.845,  1.879, 330.412, -2.236,  4.022, -0.007
195438.0, 2270, 35.17076812, 136.88418576, 41.859, -3810149.572, 3567447.972, 3653393.951, -0.729,  1.955, 330.086, -2.249,  3.974, -0.068
195438.2, 2270, 35.17077524, 136.88418079, 41.853, -3810148.926, 3567447.988, 3653394.594, -0.762,  2.018, 329.761, -2.276,  3.915,  0.007
195438.4, 2270, 35.17078228, 136.88417578, 41.857, -3810148.288, 3567448.016, 3653395.234, -0.896,  2.014, 329.492, -2.279,  3.885,  0.007
195438.6, 2270, 35.17078924, 136.88417082, 41.852, -3810147.653, 3567448.039, 3653395.863, -0.921,  2.106, 329.270, -2.228,  3.843, -0.029
195438.8, 2270, 35.17079612, 136.88416593, 41.849, -3810147.025, 3567448.062, 3653396.485, -0.826,  2.310, 329.064, -2.236,  3.798,  0.015
195439.0, 2270, 35.17080293, 136.88416100, 41.853, -3810146.402, 3567448.095, 3653397.105, -0.823,  2.268, 328.869, -2.240,  3.756,  0.014
195439.2, 2270, 35.17080965, 136.88415609, 41.854, -3810145.783, 3567448.128, 3653397.715, -0.847,  2.262, 328.698, -2.230,  3.710,  0.004
195439.4, 2270, 35.17081630, 136.88415121, 41.857, -3810145.171, 3567448.164, 3653398.320, -0.871,  2.190, 328.571, -2.209,  3.666,  0.024
195439.6, 2270, 35.17082289, 136.88414640, 41.861, -3810144.567, 3567448.197, 3653398.920, -0.747,  2.200, 328.502, -2.168,  3.647,  0.019
195439.8, 2270, 35.17082944, 136.88414164, 41.863, -3810143.966, 3567448.230, 3653399.514, -0.584,  2.186, 328.410, -2.203,  3.593, -0.011
195440.0, 2270, 35.17083589, 136.88413677, 41.860, -3810143.360, 3567448.270, 3653400.097, -0.862,  2.138, 328.347, -2.212,  3.565, -0.010
195440.2, 2270, 35.17084229, 136.88413194, 41.863, -3810142.763, 3567448.314, 3653400.680, -0.851,  2.187, 328.228, -2.151,  3.573,  0.021
195440.4, 2270, 35.17084875, 136.88412716, 41.869, -3810142.168, 3567448.353, 3653401.270, -0.555,  2.249, 328.168, -2.173,  3.609, -0.004
195440.6, 2270, 35.17085525, 136.88412222, 41.867, -3810141.556, 3567448.396, 3653401.858, -0.621,  2.298, 328.118, -2.273,  3.635, -0.041
195440.8, 2270, 35.17086183, 136.88411710, 41.865, -3810140.929, 3567448.448, 3653402.453, -0.981,  2.339, 328.115, -2.309,  3.713,  0.009
195441.0, 2270, 35.17086862, 136.88411197, 41.871, -3810140.296, 3567448.496, 3653403.073, -0.939,  2.305, 328.161, -2.336,  3.860,  0.019
195441.2, 2270, 35.17087566, 136.88410679, 41.871, -3810139.645, 3567448.533, 3653403.710, -0.816,  2.232, 328.239, -2.400,  3.922, -0.047
195441.4, 2270, 35.17088287, 136.88410145, 41.868, -3810138.975, 3567448.571, 3653404.363, -0.767,  2.412, 328.307, -2.473,  4.055,  0.011
195441.6, 2270, 35.17089026, 136.88409591, 41.868, -3810138.285, 3567448.617, 3653405.033, -1.005,  2.697, 328.362, -2.557,  4.163, -0.026
195441.8, 2270, 35.17089794, 136.88409021, 41.864, -3810137.570, 3567448.658, 3653405.727, -1.094,  2.822, 328.452, -2.649,  4.352,  0.004
195442.0, 2270, 35.17090595, 136.88408437, 41.869, -3810136.835, 3567448.700, 3653406.456, -0.989,  2.599, 328.582, -2.722,  4.506,  0.056
195442.2, 2270, 35.17091420, 136.88407832, 41.881, -3810136.081, 3567448.748, 3653407.212, -1.042,  2.386, 328.741, -2.781,  4.652,  0.035
195442.4, 2270, 35.17092272, 136.88407213, 41.879, -3810135.297, 3567448.787, 3653407.984, -1.117,  2.575, 329.010, -2.848,  4.830, -0.018
195442.6, 2270, 35.17093159, 136.88406578, 41.876, -3810134.485, 3567448.820, 3653408.786, -1.124,  2.632, 329.309, -2.940,  5.024,  0.006
195442.8, 2270, 35.17094082, 136.88405924, 41.880, -3810133.650, 3567448.854, 3653409.625, -1.179,  2.518, 329.670, -3.006,  5.206,  0.021
195443.0, 2270, 35.17095039, 136.88405258, 41.883, -3810132.791, 3567448.880, 3653410.495, -1.153,  2.542, 330.069, -3.071,  5.420,  0.001
195443.2, 2270, 35.17096031, 136.88404567, 41.882, -3810131.897, 3567448.906, 3653411.394, -1.371,  2.584, 330.598, -3.159,  5.625, -0.010
195443.4, 2270, 35.17097063, 136.88403871, 41.886, -3810130.984, 3567448.920, 3653412.332, -1.282,  2.651, 331.214, -3.133,  5.879,  0.028
195443.6, 2270, 35.17098137, 136.88403163, 41.888, -3810130.045, 3567448.923, 3653413.308, -1.383,  2.657, 331.832, -3.221,  6.084,  0.003
195443.8, 2270, 35.17099253, 136.88402447, 41.894, -3810129.081, 3567448.916, 3653414.323, -1.392,  2.568, 332.393, -3.249,  6.334,  0.006
195444.0, 2270, 35.17100409, 136.88401721, 41.897, -3810128.092, 3567448.895, 3653415.373, -1.439,  2.499, 332.888, -3.311,  6.550,  0.004
195444.2, 2270, 35.17101606, 136.88400983, 41.899, -3810127.075, 3567448.864, 3653416.460, -1.611,  2.315, 333.371, -3.367,  6.764, -0.015
195444.4, 2270, 35.17102843, 136.88400235, 41.897, -3810126.031, 3567448.820, 3653417.580, -1.760,  2.209, 333.858, -3.372,  6.987, -0.033
195444.6, 2270, 35.17104117, 136.88399486, 41.891, -3810124.967, 3567448.758, 3653418.733, -1.770,  2.363, 334.341, -3.400,  7.187, -0.049
195444.8, 2270, 35.17105432, 136.88398731, 41.888, -3810123.882, 3567448.684, 3653419.923, -1.728,  2.511, 334.804, -3.431,  7.419, -0.010
195445.0, 2270, 35.17106785, 136.88397969, 41.891, -3810122.778, 3567448.602, 3653421.152, -1.714,  2.559, 335.171, -3.461,  7.628,  0.018
195445.2, 2270, 35.17108175, 136.88397198, 41.895, -3810121.652, 3567448.509, 3653422.415, -1.703,  2.571, 335.512, -3.497,  7.826,  0.017
195445.4, 2270, 35.17109603, 136.88396422, 41.901, -3810120.506, 3567448.405, 3653423.714, -1.552,  2.504, 335.793, -3.545,  8.030,  0.010
195445.6, 2270, 35.17111065, 136.88395635, 41.905, -3810119.336, 3567448.292, 3653425.042, -1.504,  2.387, 335.985, -3.593,  8.236,  0.002
195445.8, 2270, 35.17112559, 136.88394836, 41.905, -3810118.142, 3567448.171, 3653426.396, -1.486,  2.404, 336.147, -3.643,  8.361, -0.020
195446.0, 2270, 35.17114079, 136.88394025, 41.902, -3810116.926, 3567448.044, 3653427.774, -1.611,  2.722, 336.233, -3.699,  8.551,  0.003
195446.2, 2270, 35.17115643, 136.88393201, 41.908, -3810115.687, 3567447.912, 3653429.196, -1.649,  2.422, 336.371, -3.787,  8.789,  0.047
195446.4, 2270, 35.17117238, 136.88392369, 41.911, -3810114.427, 3567447.771, 3653430.643, -1.622,  2.279, 336.484, -3.798,  8.905, -0.033
195446.6, 2270, 35.17118856, 136.88391530, 41.903, -3810113.144, 3567447.618, 3653432.106, -1.614,  2.640, 336.577, -3.840,  9.078, -0.015
195446.8, 2270, 35.17120512, 136.88390676, 41.906, -3810111.842, 3567447.464, 3653433.610, -1.541,  2.619, 336.704, -3.942,  9.292,  0.044
195447.0, 2270, 35.17122204, 136.88389809, 41.914, -3810110.518, 3567447.307, 3653435.149, -1.479,  2.270, 336.836, -3.968,  9.460,  0.010
195447.2, 2270, 35.17123921, 136.88388934, 41.910, -3810109.169, 3567447.136, 3653436.703, -1.463,  2.324, 337.006, -4.007,  9.606, -0.049
195447.4, 2270, 35.17125668, 136.88388049, 41.902, -3810107.799, 3567446.956, 3653438.283, -1.510,  2.453, 337.227, -4.033,  9.773, -0.014
195447.6, 2270, 35.17127441, 136.88387162, 41.904, -3810106.421, 3567446.773, 3653439.892, -1.510,  2.489, 337.472, -4.041,  9.894,  0.028
195447.8, 2270, 35.17129236, 136.88386276, 41.911, -3810105.036, 3567446.582, 3653441.524, -1.469,  2.297, 337.752, -4.030,  9.992,  0.023
195448.0, 2270, 35.17131043, 136.88385393, 41.911, -3810103.644, 3567446.380, 3653443.163, -1.566,  2.263, 338.034, -4.017, 10.045, -0.026
195448.2, 2270, 35.17132862, 136.88384510, 41.910, -3810102.244, 3567446.172, 3653444.812, -1.672,  2.378, 338.383, -3.984, 10.159, -0.004
195448.4, 2270, 35.17134701, 136.88383637, 41.916, -3810100.846, 3567445.952, 3653446.483, -1.632,  2.156, 338.837, -3.891, 10.229,  0.007
195448.6, 2270, 35.17136543, 136.88382787, 41.917, -3810099.458, 3567445.714, 3653448.155, -1.537,  2.360, 339.307, -3.801, 10.251, -0.006
195448.8, 2270, 35.17138396, 136.88381951, 41.922, -3810098.076, 3567445.464, 3653449.839, -1.513,  2.365, 339.774, -3.767, 10.333,  0.046
195449.0, 2270, 35.17140257, 136.88381132, 41.931, -3810096.703, 3567445.200, 3653451.531, -1.494,  2.354, 340.231, -3.662, 10.321, -0.001
195449.2, 2270, 35.17142121, 136.88380328, 41.936, -3810095.336, 3567444.924, 3653453.224, -1.622,  2.484, 340.631, -3.634, 10.358,  0.018
195449.4, 2270, 35.17143993, 136.88379538, 41.948, -3810093.979, 3567444.638, 3653454.929, -1.640,  2.470, 340.953, -3.522, 10.412,  0.063
195449.6, 2270, 35.17145871, 136.88378764, 41.962, -3810092.629, 3567444.340, 3653456.640, -1.478,  2.350, 341.195, -3.449, 10.442,  0.041
195449.8, 2270, 35.17147755, 136.88378005, 41.972, -3810091.284, 3567444.027, 3653458.355, -1.099,  2.212, 341.361, -3.396, 10.483,  0.041
195450.0, 2270, 35.17149638, 136.88377248, 41.975, -3810089.935, 3567443.710, 3653460.064, -0.993,  2.111, 341.395, -3.424, 10.434, -0.003
195450.2, 2270, 35.17151516, 136.88376498, 41.975, -3810088.592, 3567443.389, 3653461.767, -0.843,  2.094, 341.362, -3.423, 10.387, -0.011
195450.4, 2270, 35.17153389, 136.88375746, 41.974, -3810087.250, 3567443.070, 3653463.465, -0.758,  1.914, 341.314, -3.377, 10.376,  0.013
195450.6, 2270, 35.17155244, 136.88374998, 41.968, -3810085.915, 3567442.753, 3653465.144, -0.783,  2.196, 341.247, -3.399, 10.253, -0.048
195450.8, 2270, 35.17157099, 136.88374255, 41.969, -3810084.588, 3567442.438, 3653466.827, -0.479,  2.038, 341.196, -3.400, 10.266,  0.031
195451.0, 2270, 35.17158930, 136.88373515, 41.968, -3810083.272, 3567442.130, 3653468.486, -0.404,  2.599, 341.075, -3.386, 10.115, -0.014
195451.2, 2270, 35.17160759, 136.88372765, 41.981, -3810081.959, 3567441.837, 3653470.153, -0.449,  2.475, 340.895, -3.471, 10.144,  0.095
195451.4, 2270, 35.17162579, 136.88372000, 41.991, -3810080.640, 3567441.557, 3653471.810, -0.820,  1.963, 340.612, -3.489, 10.033,  0.006
195451.6, 2270, 35.17164374, 136.88371231, 41.985, -3810079.321, 3567441.280, 3653473.433, -1.172,  2.055, 340.329, -3.484,  9.904, -0.039
195451.8, 2270, 35.17166151, 136.88370468, 41.982, -3810078.014, 3567441.010, 3653475.043, -1.184,  2.151, 340.031, -3.484,  9.822, -0.003
195452.0, 2270, 35.17167918, 136.88369700, 41.985, -3810076.714, 3567440.750, 3653476.648, -1.099,  1.782, 339.727, -3.508,  9.778,  0.005
195452.2, 2270, 35.17169664, 136.88368924, 41.976, -3810075.411, 3567440.499, 3653478.226, -1.148,  1.889, 339.338, -3.556,  9.586, -0.107
195452.4, 2270, 35.17171394, 136.88368138, 41.963, -3810074.106, 3567440.258, 3653479.787, -1.191,  2.112, 338.759, -3.636,  9.584, -0.023
195452.6, 2270, 35.17173113, 136.88367331, 41.960, -3810072.801, 3567440.043, 3653481.344, -1.227,  2.258, 338.116, -3.700,  9.478, -0.017
195452.8, 2270, 35.17174816, 136.88366501, 41.960, -3810071.489, 3567439.851, 3653482.889, -1.414,  2.559, 337.431, -3.856,  9.438,  0.030
195453.0, 2270, 35.17176516, 136.88365643, 41.969, -3810070.168, 3567439.684, 3653484.436, -1.562,  2.451, 336.772, -3.968,  9.393,  0.046
195453.2, 2270, 35.17178203, 136.88364765, 41.977, -3810068.839, 3567439.535, 3653485.971, -1.650,  2.606, 336.129, -4.031,  9.340,  0.040
195453.4, 2270, 35.17179886, 136.88363871, 41.991, -3810067.505, 3567439.402, 3653487.505, -1.453,  2.701, 335.498, -4.117,  9.329,  0.090
195453.6, 2270, 35.17181565, 136.88362954, 42.010, -3810066.162, 3567439.289, 3653489.038, -1.219,  2.608, 334.950, -4.213,  9.301,  0.104
195453.8, 2270, 35.17183236, 136.88362020, 42.028, -3810064.812, 3567439.191, 3653490.564, -1.015,  2.391, 334.436, -4.291,  9.228,  0.068
195454.0, 2270, 35.17184892, 136.88361073, 42.039, -3810063.457, 3567439.103, 3653492.072, -0.728,  2.300, 333.932, -4.350,  9.140,  0.030
195454.2, 2270, 35.17186531, 136.88360112, 42.045, -3810062.097, 3567439.030, 3653493.562, -0.609,  2.380, 333.443, -4.408,  9.063,  0.029
195454.4, 2270, 35.17188162, 136.88359134, 42.052, -3810060.731, 3567438.971, 3653495.045, -0.445,  2.243, 332.943, -4.498,  9.016,  0.033
195454.6, 2270, 35.17189780, 136.88358140, 42.055, -3810059.359, 3567438.927, 3653496.514, -0.405,  2.317, 332.460, -4.559,  8.947,  0.002
195454.8, 2270, 35.17191391, 136.88357129, 42.057, -3810057.979, 3567438.897, 3653497.976, -0.393,  2.422, 332.024, -4.654,  8.928,  0.024
195455.0, 2270, 35.17192997, 136.88356099, 42.062, -3810056.592, 3567438.883, 3653499.437, -0.434,  2.534, 331.636, -4.728,  8.910,  0.032
195455.2, 2270, 35.17194603, 136.88355045, 42.072, -3810055.193, 3567438.888, 3653500.898, -0.535,  2.503, 331.238, -4.821,  8.923,  0.046
195455.4, 2270, 35.17196209, 136.88353973, 42.082, -3810053.782, 3567438.905, 3653502.360, -0.616,  2.467, 330.854, -4.888,  8.925,  0.028
195455.6, 2270, 35.17197817, 136.88352883, 42.089, -3810052.357, 3567438.932, 3653503.823, -0.656,  2.448, 330.482, -4.984,  8.954,  0.029
195455.8, 2270, 35.17199432, 136.88351771, 42.095, -3810050.915, 3567438.968, 3653505.291, -0.703,  2.403, 330.097, -5.085,  8.995,  0.013
195456.0, 2270, 35.17201053, 136.88350639, 42.098, -3810049.456, 3567439.016, 3653506.763, -0.766,  2.446, 329.720, -5.186,  9.014,  0.007
195456.2, 2270, 35.17202681, 136.88349489, 42.101, -3810047.982, 3567439.071, 3653508.241, -0.866,  2.505, 329.353, -5.275,  9.052,  0.026
195456.4, 2270, 35.17204316, 136.88348324, 42.108, -3810046.498, 3567439.136, 3653509.727, -0.797,  2.605, 328.994, -5.324,  9.074,  0.050
195456.6, 2270, 35.17205950, 136.88347145, 42.121, -3810045.010, 3567439.213, 3653511.217, -0.686,  2.591, 328.644, -5.442,  9.040,  0.099
195456.8, 2270, 35.17207572, 136.88345947, 42.136, -3810043.516, 3567439.309, 3653512.696, -0.952,  2.346, 328.261, -5.473,  8.950,  0.050
195457.0, 2270, 35.17209178, 136.88344739, 42.141, -3810042.018, 3567439.414, 3653514.156, -1.291,  2.177, 327.933, -5.517,  8.856,  0.007
195457.2, 2270, 35.17210769, 136.88343530, 42.140, -3810040.522, 3567439.522, 3653515.598, -1.500,  2.115, 327.688, -5.494,  8.801, -0.008
195457.4, 2270, 35.17212345, 136.88342328, 42.140, -3810039.038, 3567439.634, 3653517.028, -1.600,  2.059, 327.583, -5.452,  8.684,  0.008
195457.6, 2270, 35.17213898, 136.88341141, 42.143, -3810037.577, 3567439.746, 3653518.438, -1.641,  1.927, 327.600, -5.355,  8.534,  0.009
195457.8, 2270, 35.17215422, 136.88339983, 42.145, -3810036.146, 3567439.852, 3653519.820, -1.580,  1.776, 327.663, -5.198,  8.347, -0.005
195458.0, 2270, 35.17216908, 136.88338857, 42.142, -3810034.750, 3567439.950, 3653521.167, -1.525,  1.779, 327.774, -5.053,  8.142, -0.023
195458.2, 2270, 35.17218358, 136.88337763, 42.138, -3810033.390, 3567440.041, 3653522.479, -1.506,  1.883, 327.945, -4.915,  7.938, -0.020
195458.4, 2270, 35.17219773, 136.88336701, 42.137, -3810032.068, 3567440.129, 3653523.762, -1.587,  1.936, 328.167, -4.766,  7.747, -0.005
195458.6, 2270, 35.17221156, 136.88335673, 42.139, -3810030.784, 3567440.209, 3653525.017, -1.573,  1.828, 328.378, -4.590,  7.595,  0.017
195458.8, 2270, 35.17222508, 136.88334679, 42.137, -3810029.533, 3567440.278, 3653526.243, -1.512,  1.868, 328.604, -4.466,  7.423, -0.029
195459.0, 2270, 35.17223840, 136.88333707, 42.130, -3810028.302, 3567440.339, 3653527.446, -1.519,  2.117, 328.830, -4.394,  7.368, -0.035
195459.2, 2270, 35.17225166, 136.88332749, 42.128, -3810027.086, 3567440.396, 3653528.648, -1.482,  2.158, 329.080, -4.338,  7.332,  0.009
195459.4, 2270, 35.17226485, 136.88331804, 42.131, -3810025.884, 3567440.450, 3653529.846, -1.465,  2.129, 329.323, -4.263,  7.297,  0.012
195459.6, 2270, 35.17227796, 136.88330875, 42.133, -3810024.695, 3567440.496, 3653531.035, -1.442,  2.064, 329.565, -4.183,  7.250,  0.014
195459.8, 2270, 35.17229094, 136.88329965, 42.134, -3810023.523, 3567440.535, 3653532.213, -1.385,  2.001, 329.799, -4.104,  7.159,  0.005
195460.0, 2270, 35.17230375, 136.88329075, 42.134, -3810022.372, 3567440.567, 3653533.375, -1.330,  1.933, 330.028, -4.014,  7.027, -0.007
195460.2, 2270, 35.17231627, 136.88328206, 42.137, -3810021.249, 3567440.600, 3653534.512, -1.308,  1.901, 330.233, -3.860,  6.876,  0.005
195460.4, 2270, 35.17232845, 136.88327366, 42.139, -3810020.159, 3567440.627, 3653535.619, -1.342,  1.809, 330.418, -3.729,  6.673,  0.001
195460.6, 2270, 35.17234025, 136.88326561, 42.143, -3810019.109, 3567440.650, 3653536.690, -1.314,  1.752, 330.588, -3.566,  6.423, -0.007
195460.8, 2270, 35.17235154, 136.88325793, 42.144, -3810018.105, 3567440.667, 3653537.715, -1.320,  1.857, 330.758, -3.390,  6.135, -0.012
195461.0, 2270, 35.17236234, 136.88325065, 42.145, -3810017.149, 3567440.681, 3653538.695, -1.324,  2.004, 330.906, -3.208,  5.869,  0.005
195461.2, 2270, 35.17237267, 136.88324372, 42.149, -3810016.237, 3567440.693, 3653539.634, -1.283,  2.119, 331.057, -3.065,  5.647,  0.016
195461.4, 2270, 35.17238271, 136.88323703, 42.153, -3810015.355, 3567440.701, 3653540.546, -1.251,  2.241, 331.252, -2.986,  5.531,  0.011
195461.6, 2270, 35.17239259, 136.88323049, 42.158, -3810014.490, 3567440.707, 3653541.446, -1.208,  2.135, 331.483, -2.910,  5.466,  0.026
195461.8, 2270, 35.17240233, 136.88322414, 42.164, -3810013.644, 3567440.707, 3653542.333, -1.114,  2.045, 331.729, -2.835,  5.380,  0.020
195462.0, 2270, 35.17241192, 136.88321796, 42.167, -3810012.813, 3567440.701, 3653543.204, -1.014,  2.010, 332.000, -2.752,  5.282, -0.007
195462.2, 2270, 35.17242138, 136.88321195, 42.169, -3810011.999, 3567440.689, 3653544.063, -0.855,  2.004, 332.306, -2.680,  5.229,  0.002
195462.4, 2270, 35.17243070, 136.88320611, 42.171, -3810011.202, 3567440.671, 3653544.909, -0.714,  2.031, 332.641, -2.602,  5.137,  0.002
195462.6, 2270, 35.17243986, 136.88320041, 42.174, -3810010.421, 3567440.651, 3653545.742, -0.702,  2.129, 333.000, -2.524,  5.066, -0.005
195462.8, 2270, 35.17244893, 136.88319491, 42.175, -3810009.656, 3567440.622, 3653546.565, -0.526,  2.119, 333.355, -2.448,  5.020, -0.000
195463.0, 2270, 35.17245787, 136.88318955, 42.179, -3810008.908, 3567440.590, 3653547.378, -0.429,  2.017, 333.727, -2.391,  4.932,  0.020
195463.2, 2270, 35.17246668, 136.88318431, 42.183, -3810008.174, 3567440.556, 3653548.179, -0.440,  2.081, 334.138, -2.319,  4.881, -0.003
195463.4, 2270, 35.17247544, 136.88317923, 42.183, -3810007.448, 3567440.511, 3653548.974, -0.388,  2.162, 334.534, -2.269,  4.872, -0.017
195463.6, 2270, 35.17248419, 136.88317423, 42.183, -3810006.728, 3567440.461, 3653549.767, -0.394,  2.147, 334.972, -2.247,  4.866, -0.002
195463.8, 2270, 35.17249299, 136.88316934, 42.188, -3810006.016, 3567440.405, 3653550.568, -0.233,  2.023, 335.437, -2.180,  4.900, -0.002
195464.0, 2270, 35.17250184, 136.88316451, 42.187, -3810005.302, 3567440.339, 3653551.370, -0.211,  2.014, 335.895, -2.174,  4.952, -0.023
195464.2, 2270, 35.17251080, 136.88315970, 42.184, -3810004.583, 3567440.266, 3653552.181, -0.207,  2.078, 336.418, -2.122,  5.018, -0.030
195464.4, 2270, 35.17251993, 136.88315500, 42.182, -3810003.863, 3567440.179, 3653553.008, -0.053,  2.117, 336.995, -2.107,  5.116, -0.014
195464.6, 2270, 35.17252920, 136.88315032, 42.181, -3810003.139, 3567440.084, 3653553.848,  0.034,  2.079, 337.580, -2.094,  5.194, -0.012
195464.8, 2270, 35.17253862, 136.88314569, 42.180, -3810002.411, 3567439.980, 3653554.702,  0.052,  2.046, 338.147, -2.063,  5.265, -0.016
195465.0, 2270, 35.17254816, 136.88314114, 42.177, -3810001.680, 3567439.864, 3653555.565,  0.054,  2.152, 338.690, -2.031,  5.335, -0.028
195465.2, 2270, 35.17255782, 136.88313669, 42.177, -3810000.952, 3567439.738, 3653556.441,  0.223,  2.449, 339.175, -2.006,  5.420, -0.014
195465.4, 2270, 35.17256766, 136.88313221, 42.178, -3810000.215, 3567439.607, 3653557.333,  0.174,  2.426, 339.584, -2.035,  5.506, -0.015
195465.6, 2270, 35.17257764, 136.88312773, 42.183, -3809999.474, 3567439.472, 3653558.242,  0.076,  2.244, 339.978, -1.999,  5.592,  0.035
195465.8, 2270, 35.17258775, 136.88312331, 42.188, -3809998.730, 3567439.326, 3653559.161,  0.025,  2.240, 340.363, -1.974,  5.651, -0.011
195466.0, 2270, 35.17259797, 136.88311892, 42.186, -3809997.979, 3567439.171, 3653560.087, -0.109,  2.360, 340.733, -1.973,  5.724, -0.018
195466.2, 2270, 35.17260836, 136.88311453, 42.186, -3809997.220, 3567439.009, 3653561.030, -0.280,  2.336, 341.121, -1.970,  5.839, -0.003
195466.4, 2270, 35.17261896, 136.88311017, 42.190, -3809996.457, 3567438.838, 3653561.993, -0.352,  2.133, 341.512, -1.940,  5.926,  0.010
195466.6, 2270, 35.17262966, 136.88310585, 42.192, -3809995.690, 3567438.659, 3653562.965, -0.536,  2.153, 341.888, -1.939,  5.972, -0.019
195466.8, 2270, 35.17264047, 136.88310158, 42.188, -3809994.918, 3567438.468, 3653563.943, -0.680,  2.290, 342.278, -1.900,  6.060, -0.028
195467.0, 2270, 35.17265144, 136.88309739, 42.189, -3809994.145, 3567438.269, 3653564.939, -0.714,  2.217, 342.616, -1.889,  6.123, -0.003
195467.2, 2270, 35.17266248, 136.88309320, 42.193, -3809993.372, 3567438.067, 3653565.941, -0.883,  2.209, 342.792, -1.868,  6.132,  0.002
195467.4, 2270, 35.17267352, 136.88308905, 42.194, -3809992.599, 3567437.861, 3653566.944, -0.986,  2.215, 342.827, -1.872,  6.139, -0.022
195467.6, 2270, 35.17268457, 136.88308487, 42.194, -3809991.824, 3567437.657, 3653567.945, -1.162,  2.092, 342.794, -1.873,  6.144,  0.008
195467.8, 2270, 35.17269559, 136.88308070, 42.197, -3809991.051, 3567437.454, 3653568.947, -1.308,  1.893, 342.774, -1.865,  6.106, -0.009
195468.0, 2270, 35.17270654, 136.88307661, 42.196, -3809990.286, 3567437.248, 3653569.939, -1.281,  1.958, 342.750, -1.817,  6.050, -0.025
195468.2, 2270, 35.17271741, 136.88307264, 42.192, -3809989.529, 3567437.034, 3653570.922, -1.099,  2.116, 342.746, -1.804,  6.008, -0.025
195468.4, 2270, 35.17272818, 136.88306869, 42.190, -3809988.779, 3567436.825, 3653571.898, -1.017,  2.168, 342.694, -1.801,  5.941,  0.011
195468.6, 2270, 35.17273879, 136.88306477, 42.194, -3809988.043, 3567436.625, 3653572.863, -0.955,  2.116, 342.589, -1.764,  5.819,  0.024
195468.8, 2270, 35.17274916, 136.88306095, 42.198, -3809987.323, 3567436.428, 3653573.806, -0.760,  2.147, 342.466, -1.735,  5.678,  0.006
195469.0, 2270, 35.17275924, 136.88305715, 42.199, -3809986.617, 3567436.241, 3653574.720, -0.724,  2.329, 342.304, -1.731,  5.508,  0.014
195469.2, 2270, 35.17276903, 136.88305335, 42.206, -3809985.928, 3567436.070, 3653575.612, -0.741,  2.459, 342.119, -1.674,  5.358,  0.026
195469.4, 2270, 35.17277858, 136.88304970, 42.217, -3809985.262, 3567435.902, 3653576.484, -0.413,  2.502, 341.937, -1.632,  5.228,  0.048
195469.6, 2270, 35.17278785, 136.88304602, 42.227, -3809984.606, 3567435.748, 3653577.330, -0.448,  2.393, 341.592, -1.673,  5.077,  0.030
195469.8, 2270, 35.17279690, 136.88304229, 42.237, -3809983.957, 3567435.605, 3653578.157, -0.560,  2.221, 341.219, -1.642,  4.986,  0.035
195470.0, 2270, 35.17280579, 136.88303864, 42.246, -3809983.321, 3567435.465, 3653578.968, -0.386,  2.072, 340.789, -1.636,  4.880,  0.026
195470.2, 2270, 35.17281446, 136.88303498, 42.249, -3809982.690, 3567435.331, 3653579.757, -0.288,  2.038, 340.281, -1.666,  4.754, -0.006
195470.4, 2270, 35.17282291, 136.88303124, 42.249, -3809982.063, 3567435.211, 3653580.523, -0.335,  2.055, 339.721, -1.698,  4.639, -0.013
195470.6, 2270, 35.17283119, 136.88302748, 42.249, -3809981.443, 3567435.099, 3653581.274, -0.305,  1.883, 339.091, -1.685,  4.553, -0.005
195470.8, 2270, 35.17283927, 136.88302372, 42.249, -3809980.832, 3567434.997, 3653582.007, -0.169,  1.795, 338.409, -1.703,  4.429, -0.004
195471.0, 2270, 35.17284713, 136.88301988, 42.250, -3809980.227, 3567434.909, 3653582.720, -0.155,  1.784, 337.606, -1.732,  4.308, -0.020
195471.2, 2270, 35.17285482, 136.88301604, 42.243, -3809979.625, 3567434.825, 3653583.413,  0.016,  1.773, 336.702, -1.754,  4.218, -0.035
195471.4, 2270, 35.17286231, 136.88301215, 42.239, -3809979.031, 3567434.753, 3653584.090,  0.245,  1.663, 335.635, -1.808,  4.078, -0.016
195471.6, 2270, 35.17286945, 136.88300809, 42.236, -3809978.443, 3567434.710, 3653584.736,  0.051,  1.624, 334.406, -1.875,  3.848, -0.020
195471.8, 2270, 35.17287622, 136.88300398, 42.230, -3809977.868, 3567434.684, 3653585.346, -0.180,  1.704, 332.970, -1.857,  3.675, -0.039
195472.0, 2270, 35.17288268, 136.88299994, 42.221, -3809977.309, 3567434.666, 3653585.927, -0.034,  1.905, 331.499, -1.852,  3.486, -0.041
195472.2, 2270, 35.17288878, 136.88299576, 42.219, -3809976.763, 3567434.675, 3653586.480, -0.064,  1.981, 330.021, -1.929,  3.289, -0.012
195472.4, 2270, 35.17289451, 136.88299147, 42.219, -3809976.229, 3567434.711, 3653586.998, -0.424,  1.909, 328.615, -1.934,  3.059, -0.018
195472.6, 2270, 35.17289986, 136.88298732, 42.220, -3809975.722, 3567434.754, 3653587.484, -0.469,  1.813, 327.285, -1.806,  2.881,  0.013
195472.8, 2270, 35.17290476, 136.88298341, 42.223, -3809975.251, 3567434.802, 3653587.930, -0.377,  1.742, 326.043, -1.715,  2.568, -0.003
195473.0, 2270, 35.17290911, 136.88297967, 42.222, -3809974.815, 3567434.860, 3653588.325, -0.487,  1.738, 324.896, -1.639,  2.273, -0.024
195473.2, 2270, 35.17291298, 136.88297616, 42.221, -3809974.415, 3567434.924, 3653588.675, -0.640,  1.731, 323.847, -1.504,  2.040, -0.015
195473.4, 2270, 35.17291646, 136.88297291, 42.221, -3809974.050, 3567434.988, 3653588.990, -0.723,  1.788, 322.885, -1.401,  1.844, -0.024
195473.6, 2270, 35.17291963, 136.88296985, 42.217, -3809973.710, 3567435.050, 3653589.276, -0.787,  1.943, 321.943, -1.351,  1.705, -0.031
195473.8, 2270, 35.17292260, 136.88296684, 42.216, -3809973.383, 3567435.120, 3653589.545, -0.961,  1.958, 321.176, -1.324,  1.609, -0.005
195474.0, 2270, 35.17292544, 136.88296393, 42.218, -3809973.071, 3567435.191, 3653589.803, -1.076,  1.872, 320.507, -1.264,  1.555, -0.004
195474.2, 2270, 35.17292816, 136.88296121, 42.216, -3809972.773, 3567435.251, 3653590.049, -1.032,  1.796, 320.068, -1.204,  1.475, -0.008
195474.4, 2270, 35.17293073, 136.88295862, 42.213, -3809972.490, 3567435.310, 3653590.280, -1.037,  1.823, 319.786, -1.170,  1.378, -0.018
195474.6, 2270, 35.17293316, 136.88295609, 42.210, -3809972.218, 3567435.371, 3653590.499, -1.177,  1.787, 319.666, -1.127,  1.322, -0.010
195474.8, 2270, 35.17293550, 136.88295368, 42.209, -3809971.958, 3567435.428, 3653590.711, -1.255,  1.788, 319.770, -1.062,  1.280, -0.003
195475.0, 2270, 35.17293778, 136.88295141, 42.208, -3809971.710, 3567435.479, 3653590.916, -1.224,  1.780, 319.982, -1.021,  1.246, -0.013
195475.2, 2270, 35.17293998, 136.88294911, 42.207, -3809971.463, 3567435.535, 3653591.116, -1.245,  1.844, 320.283, -1.023,  1.245, -0.022
195475.4, 2270, 35.17294220, 136.88294679, 42.207, -3809971.215, 3567435.592, 3653591.317, -1.358,  1.857, 320.613, -1.034,  1.258, -0.009
195475.6, 2270, 35.17294445, 136.88294448, 42.206, -3809970.965, 3567435.647, 3653591.521, -1.445,  1.877, 320.950, -1.021,  1.285, -0.023
195475.8, 2270, 35.17294676, 136.88294217, 42.204, -3809970.713, 3567435.699, 3653591.729, -1.485,  1.945, 321.346, -1.025,  1.310, -0.025
195476.0, 2270, 35.17294915, 136.88293984, 42.203, -3809970.456, 3567435.749, 3653591.945, -1.471,  2.055, 321.735, -1.061,  1.387, -0.009
195476.2, 2270, 35.17295171, 136.88293744, 42.200, -3809970.185, 3567435.795, 3653592.176, -1.514,  2.117, 322.181, -1.118,  1.464, -0.019
195476.4, 2270, 35.17295446, 136.88293491, 42.198, -3809969.898, 3567435.842, 3653592.423, -1.567,  2.169, 322.612, -1.190,  1.581, -0.007
195476.6, 2270, 35.17295740, 136.88293225, 42.196, -3809969.594, 3567435.889, 3653592.689, -1.586,  2.197, 323.095, -1.227,  1.685, -0.010
195476.8, 2270, 35.17296054, 136.88292948, 42.194, -3809969.274, 3567435.935, 3653592.973, -1.568,  2.284, 323.643, -1.295,  1.794, -0.008
195477.0, 2270, 35.17296385, 136.88292657, 42.191, -3809968.936, 3567435.982, 3653593.272, -1.672,  2.298, 324.246, -1.351,  1.892, -0.019
195477.2, 2270, 35.17296736, 136.88292356, 42.189, -3809968.584, 3567436.027, 3653593.588, -1.763,  2.293, 324.887, -1.382,  2.001,  0.001
195477.4, 2270, 35.17297102, 136.88292053, 42.190, -3809968.225, 3567436.071, 3653593.920, -1.826,  2.154, 325.550, -1.378,  2.040,  0.013
195477.6, 2270, 35.17297468, 136.88291753, 42.190, -3809967.868, 3567436.110, 3653594.253, -1.948,  2.059, 326.251, -1.332,  2.026, -0.007
195477.8, 2270, 35.17297837, 136.88291469, 42.191, -3809967.519, 3567436.138, 3653594.588, -1.791,  2.059, 326.973, -1.262,  2.060,  0.013
195478.0, 2270, 35.17298205, 136.88291199, 42.194, -3809967.181, 3567436.159, 3653594.923, -1.527,  2.052, 327.698, -1.225,  2.012,  0.005
195478.2, 2270, 35.17298561, 136.88290920, 42.192, -3809966.841, 3567436.188, 3653595.245, -1.865,  1.963, 328.456, -1.270,  1.952, -0.041
195478.4, 2270, 35.17298908, 136.88290648, 42.188, -3809966.507, 3567436.214, 3653595.558, -2.316,  1.906, 329.302, -1.146,  1.934, -0.018
195478.6, 2270, 35.17299254, 136.88290409, 42.190, -3809966.198, 3567436.223, 3653595.872, -2.265,  1.923, 330.323, -1.005,  1.903,  0.012
195478.8, 2270, 35.17299587, 136.88290195, 42.194, -3809965.911, 3567436.223, 3653596.176, -1.987,  1.868, 331.259, -0.914,  1.813,  0.021
195479.0, 2270, 35.17299899, 136.88290001, 42.197, -3809965.647, 3567436.216, 3653596.461, -1.709,  1.781, 331.925, -0.811,  1.656, -0.001
195479.2, 2270, 35.17300177, 136.88289834, 42.198, -3809965.414, 3567436.207, 3653596.714, -1.506,  1.699, 332.308, -0.709,  1.428,  0.016
195479.4, 2270, 35.17300413, 136.88289687, 42.199, -3809965.213, 3567436.202, 3653596.929, -1.522,  1.650, 332.450, -0.629,  1.186, -0.010
195479.6, 2270, 35.17300604, 136.88289559, 42.194, -3809965.041, 3567436.201, 3653597.099, -1.746,  1.683, 332.422, -0.526,  0.948, -0.040
195479.8, 2270, 35.17300758, 136.88289456, 42.187, -3809964.902, 3567436.198, 3653597.235, -1.944,  1.791, 332.329, -0.410,  0.766, -0.014
195480.0, 2270, 35.17300881, 136.88289380, 42.188, -3809964.797, 3567436.196, 3653597.346, -1.942,  1.731, 332.269, -0.284,  0.587,  0.012
195480.2, 2270, 35.17300968, 136.88289328, 42.189, -3809964.724, 3567436.192, 3653597.427, -1.884,  1.705, 332.236, -0.199,  0.391, -0.005
195480.4, 2270, 35.17301023, 136.88289293, 42.187, -3809964.676, 3567436.191, 3653597.475, -1.917,  1.708, 332.214, -0.114,  0.215, -0.010
195480.6, 2270, 35.17301048, 136.88289278, 42.186, -3809964.654, 3567436.189, 3653597.497, -1.935,  1.730, 332.200, -0.030,  0.066, -0.005
195480.8, 2270, 35.17301050, 136.88289279, 42.185, -3809964.653, 3567436.188, 3653597.498, -1.920,  1.759, 332.200,  0.028, -0.033, -0.006
195481.0, 2270, 35.17301047, 136.88289281, 42.184, -3809964.656, 3567436.187, 3653597.495, -1.929,  1.859, 332.198, -0.004,  0.008,  0.005
195481.2, 2270, 35.17301048, 136.88289281, 42.184, -3809964.655, 3567436.186, 3653597.496, -1.950,  1.821, 332.197,  0.005, -0.003, -0.009
195481.4, 2270, 35.17301048, 136.88289283, 42.183, -3809964.655, 3567436.185, 3653597.495, -1.946,  1.850, 332.199,  0.006,  0.004,  0.001
195481.6, 2270, 35.17301049, 136.88289284, 42.183, -3809964.656, 3567436.184, 3653597.496, -1.939,  1.836, 332.196,  0.005, -0.002, -0.005
195481.8, 2270, 35.17301049, 136.88289285, 42.182, -3809964.656, 3567436.183, 3653597.496, -1.945,  1.838, 332.197,  0.005,  0.004, -0.002
195482.0, 2270, 35.17301049, 136.88289286, 42.182, -3809964.656, 3567436.181, 3653597.496, -1.942,  1.837, 332.197,  0.007,  0.002, -0.002
195482.2, 2270, 35.17301049, 136.88289287, 42.181, -3809964.657, 3567436.180, 3653597.496, -1.945,  1.838, 332.198,  0.005,  0.002, -0.002
195482.4, 2270, 35.17301050, 136.88289288, 42.181, -3809964.657, 3567436.179, 3653597.496, -1.942,  1.835, 332.198,  0.007,  0.002, -0.002
195482.6, 2270, 35.17301051, 136.88289289, 42.180, -3809964.656, 3567436.178, 3653597.496, -1.940,  1.855, 332.194, -0.004,  0.019, -0.012
195482.8, 2270, 35.17301060, 136.88289285, 42.177, -3809964.647, 3567436.174, 3653597.503, -1.942,  1.946, 332.187, -0.039,  0.093, -0.017
195483.0, 2270, 35.17301085, 136.88289271, 42.175, -3809964.626, 3567436.172, 3653597.524, -1.940,  1.964, 332.177, -0.084,  0.178,  0.004
195483.2, 2270, 35.17301124, 136.88289248, 42.176, -3809964.594, 3567436.171, 3653597.560, -1.934,  1.934, 332.166, -0.124,  0.251,  0.000
195483.4, 2270, 35.17301175, 136.88289216, 42.175, -3809964.550, 3567436.169, 3653597.606, -1.951,  1.945, 332.151, -0.167,  0.330, -0.008
195483.6, 2270, 35.17301245, 136.88289173, 42.173, -3809964.490, 3567436.166, 3653597.668, -1.969,  1.973, 332.121, -0.230,  0.443, -0.010
195483.8, 2270, 35.17301337, 136.88289116, 42.171, -3809964.410, 3567436.163, 3653597.750, -1.986,  1.975, 332.097, -0.293,  0.575, -0.006
195484.0, 2270, 35.17301452, 136.88289044, 42.170, -3809964.311, 3567436.160, 3653597.854, -1.998,  1.968, 332.071, -0.364,  0.711, -0.006
195484.2, 2270, 35.17301593, 136.88288957, 42.169, -3809964.190, 3567436.156, 3653597.981, -1.968,  1.943, 332.021, -0.428,  0.846, -0.007
195484.4, 2270, 35.17301756, 136.88288857, 42.167, -3809964.050, 3567436.150, 3653598.129, -1.899,  1.971, 332.003, -0.494,  0.974, -0.011
195484.6, 2270, 35.17301945, 136.88288739, 42.165, -3809963.888, 3567436.144, 3653598.298, -1.852,  2.000, 331.944, -0.577,  1.119, -0.013
195484.8, 2270, 35.17302159, 136.88288604, 42.162, -3809963.702, 3567436.139, 3653598.491, -1.832,  2.017, 331.885, -0.652,  1.262, -0.015
195485.0, 2270, 35.17302399, 136.88288453, 42.161, -3809963.495, 3567436.134, 3653598.708, -1.795,  2.013, 331.819, -0.726,  1.394, -0.007
195485.2, 2270, 35.17302660, 136.88288281, 42.160, -3809963.266, 3567436.134, 3653598.944, -1.792,  2.012, 331.744, -0.797,  1.524, -0.010
195485.4, 2270, 35.17302943, 136.88288092, 42.161, -3809963.016, 3567436.136, 3653599.201, -1.808,  1.998, 331.649, -0.871,  1.636, -0.014
195485.6, 2270, 35.17303247, 136.88287889, 42.159, -3809962.748, 3567436.138, 3653599.476, -1.784,  2.069, 331.549, -0.935,  1.757, -0.024
195485.8, 2270, 35.17303572, 136.88287672, 42.157, -3809962.460, 3567436.139, 3653599.770, -1.748,  2.132, 331.450, -0.993,  1.873, -0.023
195486.0, 2270, 35.17303917, 136.88287441, 42.154, -3809962.153, 3567436.140, 3653600.081, -1.782,  2.239, 331.366, -1.064,  1.982, -0.016
195486.2, 2270, 35.17304285, 136.88287200, 42.152, -3809961.830, 3567436.138, 3653600.413, -1.805,  2.275, 331.268, -1.125,  2.093, -0.016
195486.4, 2270, 35.17304671, 136.88286947, 42.149, -3809961.491, 3567436.136, 3653600.761, -1.851,  2.325, 331.263, -1.182,  2.186, -0.012
195486.6, 2270, 35.17305074, 136.88286684, 42.146, -3809961.138, 3567436.134, 3653601.125, -1.821,  2.368, 331.218, -1.227,  2.281, -0.014
195486.8, 2270, 35.17305493, 136.88286412, 42.146, -3809960.772, 3567436.131, 3653601.505, -1.784,  2.373, 331.183, -1.260,  2.367, -0.003
195487.0, 2270, 35.17305926, 136.88286129, 42.145, -3809960.394, 3567436.130, 3653601.897, -1.780,  2.368, 331.166, -1.328,  2.423, -0.011
195487.2, 2270, 35.17306368, 136.88285833, 42.144, -3809960.003, 3567436.133, 3653602.298, -1.938,  2.311, 331.154, -1.367,  2.475, -0.001
195487.4, 2270, 35.17306816, 136.88285536, 42.145, -3809959.610, 3567436.135, 3653602.704, -2.044,  2.220, 331.130, -1.331,  2.489,  0.007
195487.6, 2270, 35.17307264, 136.88285245, 42.145, -3809959.219, 3567436.133, 3653603.110, -1.988,  2.256, 331.136, -1.329,  2.479, -0.005
195487.8, 2270, 35.17307710, 136.88284949, 42.144, -3809958.825, 3567436.134, 3653603.515, -2.088,  2.260, 331.145, -1.355,  2.482, -0.003
195488.0, 2270, 35.17308157, 136.88284654, 42.144, -3809958.434, 3567436.135, 3653603.920, -2.145,  2.159, 331.184, -1.336,  2.471,  0.001
195488.2, 2270, 35.17308601, 136.88284364, 42.142, -3809958.045, 3567436.134, 3653604.321, -2.169,  2.090, 331.233, -1.325,  2.443, -0.019
195488.4, 2270, 35.17309040, 136.88284074, 42.141, -3809957.659, 3567436.133, 3653604.718, -2.239,  2.004, 331.311, -1.291,  2.423,  0.001
195488.6, 2270, 35.17309471, 136.88283798, 42.143, -3809957.287, 3567436.130, 3653605.111, -2.124,  2.039, 331.445, -1.234,  2.371,  0.022
195488.8, 2270, 35.17309893, 136.88283528, 42.145, -3809956.923, 3567436.126, 3653605.495, -2.048,  2.038, 331.567, -1.221,  2.324, -0.010
195489.0, 2270, 35.17310311, 136.88283262, 42.141, -3809956.561, 3567436.118, 3653605.871, -2.001,  1.927, 331.705, -1.200,  2.301, -0.024
195489.2, 2270, 35.17310723, 136.88283000, 42.136, -3809956.202, 3567436.110, 3653606.242, -1.988,  1.821, 331.881, -1.190,  2.276, -0.022
195489.4, 2270, 35.17311130, 136.88282741, 42.131, -3809955.848, 3567436.102, 3653606.608, -2.026,  1.738, 332.023, -1.157,  2.241, -0.016
195489.6, 2270, 35.17311531, 136.88282490, 42.132, -3809955.505, 3567436.094, 3653606.973, -1.981,  1.636, 332.149, -1.130,  2.212,  0.021
195489.8, 2270, 35.17311926, 136.88282245, 42.136, -3809955.171, 3567436.087, 3653607.333, -1.925,  1.500, 332.298, -1.112,  2.158,  0.001
195490.0, 2270, 35.17312310, 136.88282004, 42.131, -3809954.838, 3567436.076, 3653607.679, -1.994,  1.548, 332.430, -1.078,  2.116, -0.041
195490.2, 2270, 35.17312689, 136.88281770, 42.121, -3809954.510, 3567436.061, 3653608.016, -2.012,  1.716, 332.550, -1.047,  2.086, -0.050
195490.4, 2270, 35.17313063, 136.88281543, 42.113, -3809954.189, 3567436.044, 3653608.351, -1.952,  1.907, 332.671, -1.024,  2.063, -0.031
195490.6, 2270, 35.17313432, 136.88281319, 42.109, -3809953.875, 3567436.029, 3653608.684, -1.895,  2.042, 332.802, -1.018,  2.038, -0.014
195490.8, 2270, 35.17313797, 136.88281097, 42.107, -3809953.565, 3567436.017, 3653609.013, -1.920,  2.048, 332.946, -1.009,  1.998, -0.013
195491.0, 2270, 35.17314154, 136.88280878, 42.104, -3809953.261, 3567436.005, 3653609.336, -2.001,  2.089, 333.062, -0.992,  1.965, -0.016
195491.2, 2270, 35.17314503, 136.88280658, 42.103, -3809952.961, 3567435.998, 3653609.651, -2.099,  2.106, 333.189, -0.961,  1.930, -0.018
195491.4, 2270, 35.17314848, 136.88280444, 42.103, -3809952.666, 3567435.990, 3653609.964, -2.160,  2.130, 333.301, -0.949,  1.924, -0.011
195491.6, 2270, 35.17315190, 136.88280232, 42.103, -3809952.375, 3567435.981, 3653610.275, -2.183,  2.161, 333.437, -0.924,  1.904,  0.002
195491.8, 2270, 35.17315529, 136.88280025, 42.107, -3809952.090, 3567435.973, 3653610.584, -2.206,  2.241, 333.541, -0.916,  1.894,  0.012
195492.0, 2270, 35.17315869, 136.88279819, 42.109, -3809951.805, 3567435.962, 3653610.893, -2.191,  2.281, 333.666, -0.910,  1.902, -0.013
195492.2, 2270, 35.17316211, 136.88279614, 42.110, -3809951.518, 3567435.950, 3653611.205, -2.116,  2.349, 333.780, -0.911,  1.917,  0.001
195492.4, 2270, 35.17316556, 136.88279408, 42.112, -3809951.230, 3567435.938, 3653611.518, -2.073,  2.397, 333.921, -0.912,  1.931,  0.000
195492.6, 2270, 35.17316903, 136.88279202, 42.114, -3809950.941, 3567435.924, 3653611.834, -2.007,  2.417, 334.053, -0.910,  1.947, -0.004
195492.8, 2270, 35.17317254, 136.88278995, 42.115, -3809950.649, 3567435.908, 3653612.153, -1.958,  2.444, 334.189, -0.922,  1.966, -0.005
195493.0, 2270, 35.17317609, 136.88278784, 42.119, -3809950.355, 3567435.896, 3653612.477, -1.981,  2.297, 334.327, -0.949,  1.975,  0.024
195493.2, 2270, 35.17317964, 136.88278572, 42.125, -3809950.060, 3567435.885, 3653612.802, -2.068,  2.225, 334.457, -0.936,  1.978,  0.005
195493.4, 2270, 35.17318322, 136.88278363, 42.128, -3809949.765, 3567435.870, 3653613.129, -2.047,  2.171, 334.599, -0.912,  2.003,  0.007
195493.6, 2270, 35.17318684, 136.88278157, 42.132, -3809949.471, 3567435.850, 3653613.459, -1.919,  2.098, 334.727, -0.903,  2.015,  0.015
195493.8, 2270, 35.17319047, 136.88277952, 42.135, -3809949.175, 3567435.831, 3653613.790, -1.833,  2.063, 334.861, -0.918,  2.024,  0.002
195494.0, 2270, 35.17319410, 136.88277743, 42.137, -3809948.877, 3567435.811, 3653614.121, -1.827,  2.060, 334.983, -0.927,  2.023, -0.009
195494.2, 2270, 35.17319775, 136.88277536, 42.136, -3809948.577, 3567435.789, 3653614.452, -1.797,  2.119, 335.124, -0.917,  2.039, -0.011
195494.4, 2270, 35.17320142, 136.88277330, 42.138, -3809948.279, 3567435.767, 3653614.786, -1.743,  2.159, 335.254, -0.909,  2.052,  0.006
195494.6, 2270, 35.17320510, 136.88277123, 42.139, -3809947.979, 3567435.745, 3653615.120, -1.775,  2.207, 335.385, -0.924,  2.043, -0.004
195494.8, 2270, 35.17320875, 136.88276917, 42.140, -3809947.681, 3567435.722, 3653615.451, -1.786,  2.257, 335.507, -0.894,  2.032, -0.003
195495.0, 2270, 35.17321241, 136.88276717, 42.142, -3809947.387, 3567435.696, 3653615.784, -1.701,  2.257, 335.660, -0.886,  2.046, -0.000
195495.2, 2270, 35.17321609, 136.88276520, 42.140, -3809947.091, 3567435.666, 3653616.117, -1.731,  2.155, 335.791, -0.905,  2.031, -0.006
195495.4, 2270, 35.17321975, 136.88276327, 42.140, -3809946.800, 3567435.635, 3653616.448, -1.665,  2.169, 335.920, -0.861,  2.018,  0.004
195495.6, 2270, 35.17322337, 136.88276142, 42.143, -3809946.518, 3567435.602, 3653616.779, -1.513,  2.286, 336.055, -0.847,  1.991,  0.019
195495.8, 2270, 35.17322694, 136.88275951, 42.145, -3809946.234, 3567435.574, 3653617.104, -1.628,  2.289, 336.201, -0.869,  1.970,  0.006
195496.0, 2270, 35.17323050, 136.88275762, 42.145, -3809945.950, 3567435.543, 3653617.427, -1.717,  2.193, 336.319, -0.846,  1.992,  0.001
195496.2, 2270, 35.17323412, 136.88275580, 42.145, -3809945.668, 3567435.506, 3653617.755, -1.567,  1.981, 336.463, -0.819,  2.006, -0.007
195496.4, 2270, 35.17323769, 136.88275401, 42.142, -3809945.388, 3567435.467, 3653618.077, -1.443,  2.068, 336.578, -0.834,  1.959, -0.029
195496.6, 2270, 35.17324123, 136.88275216, 42.138, -3809945.106, 3567435.434, 3653618.395, -1.561,  2.179, 336.698, -0.841,  1.962, -0.003
195496.8, 2270, 35.17324477, 136.88275035, 42.142, -3809944.830, 3567435.402, 3653618.719, -1.614,  2.088, 336.767, -0.810,  1.969,  0.048
195497.0, 2270, 35.17324827, 136.88274858, 42.148, -3809944.560, 3567435.370, 3653619.040, -1.620,  2.006, 336.824, -0.814,  1.906,  0.009
195497.2, 2270, 35.17325169, 136.88274685, 42.150, -3809944.294, 3567435.337, 3653619.351, -1.578,  2.107, 336.802, -0.785,  1.876, -0.017
195497.4, 2270, 35.17325501, 136.88274516, 42.143, -3809944.030, 3567435.300, 3653619.648, -1.594,  2.288, 336.827, -0.758,  1.808, -0.057
195497.6, 2270, 35.17325822, 136.88274354, 42.134, -3809943.774, 3567435.263, 3653619.935, -1.596,  2.356, 336.852, -0.716,  1.755, -0.006
195497.8, 2270, 35.17326125, 136.88274204, 42.138, -3809943.541, 3567435.232, 3653620.212, -1.517,  2.337, 336.866, -0.660,  1.598,  0.030
195498.0, 2270, 35.17326402, 136.88274063, 42.142, -3809943.327, 3567435.207, 3653620.465, -1.536,  2.339, 336.878, -0.619,  1.463,  0.008
195498.2, 2270, 35.17326653, 136.88273932, 42.141, -3809943.127, 3567435.184, 3653620.691, -1.685,  2.384, 336.912, -0.549,  1.324, -0.007
195498.4, 2270, 35.17326877, 136.88273817, 42.140, -3809942.950, 3567435.162, 3653620.894, -1.777,  2.409, 336.879, -0.497,  1.165,  0.005
195498.6, 2270, 35.17327073, 136.88273714, 42.142, -3809942.796, 3567435.146, 3653621.074, -1.885,  2.350, 336.927, -0.433,  1.009,  0.012
195498.8, 2270, 35.17327242, 136.88273630, 42.145, -3809942.667, 3567435.130, 3653621.228, -1.886,  2.267, 336.890, -0.344,  0.856,  0.011
195499.0, 2270, 35.17327380, 136.88273564, 42.146, -3809942.562, 3567435.115, 3653621.354, -1.812,  2.214, 336.946, -0.259,  0.678,  0.003
195499.2, 2270, 35.17327486, 136.88273512, 42.147, -3809942.481, 3567435.103, 3653621.450, -1.787,  2.191, 336.922, -0.210,  0.505,  0.004
195499.4, 2270, 35.17327563, 136.88273475, 42.148, -3809942.422, 3567435.095, 3653621.521, -1.770,  2.152, 336.947, -0.126,  0.351,  0.005
195499.6, 2270, 35.17327613, 136.88273453, 42.148, -3809942.386, 3567435.087, 3653621.566, -1.709,  2.149, 336.938, -0.073,  0.203, -0.000
195499.8, 2270, 35.17327636, 136.88273443, 42.148, -3809942.369, 3567435.084, 3653621.587, -1.694,  2.150, 336.951, -0.018,  0.061,  0.000
195500.0, 2270, 35.17327635, 136.88273443, 42.148, -3809942.369, 3567435.084, 3653621.587, -1.705,  2.179, 336.943,  0.019, -0.032, -0.005
195500.2, 2270, 35.17327634, 136.88273444, 42.149, -3809942.371, 3567435.085, 3653621.586, -1.704,  2.272, 336.942,  0.002,  0.017,  0.009
195500.4, 2270, 35.17327635, 136.88273444, 42.149, -3809942.370, 3567435.084, 3653621.587, -1.698,  2.230, 336.946,  0.006, -0.000, -0.007
195500.6, 2270, 35.17327634, 136.88273444, 42.149, -3809942.370, 3567435.085, 3653621.586, -1.704,  2.254, 336.940,  0.002,  0.009,  0.004
195500.8, 2270, 35.17327634, 136.88273444, 42.149, -3809942.370, 3567435.085, 3653621.586, -1.707,  2.247, 336.941,  0.007,  0.003, -0.001
195501.0, 2270, 35.17327634, 136.88273444, 42.149, -3809942.370, 3567435.085, 3653621.586, -1.710,  2.242, 336.943,  0.003,  0.008,  0.001
195501.2, 2270, 35.17327634, 136.88273444, 42.149, -3809942.370, 3567435.085, 3653621.586, -1.711,  2.243, 336.941,  0.004,  0.004,  0.001
195501.4, 2270, 35.17327634, 136.88273444, 42.149, -3809942.370, 3567435.085, 3653621.586, -1.705,  2.243, 336.941,  0.005,  0.006,  0.002
195501.6, 2270, 35.17327635, 136.88273444, 42.149, -3809942.370, 3567435.085, 3653621.586, -1.705,  2.239, 336.942,  0.003,  0.004, -0.001
195501.8, 2270, 35.17327634, 136.88273444, 42.149, -3809942.370, 3567435.085, 3653621.586, -1.707,  2.238, 336.941,  0.005,  0.003,  0.000
195502.0, 2270, 35.17327635, 136.88273444, 42.149, -3809942.370, 3567435.085, 3653621.586, -1.701,  2.237, 336.939,  0.003,  0.004,  0.000
195502.2, 2270, 35.17327635, 136.88273444, 42.149, -3809942.370, 3567435.085, 3653621.586, -1.705,  2.231, 336.940,  0.003,  0.002, -0.001
195502.4, 2270, 35.17327635, 136.88273444, 42.149, -3809942.370, 3567435.085, 3653621.587, -1.705,  2.226, 336.941,  0.004,  0.004, -0.001
195502.6, 2270, 35.17327635, 136.88273444, 42.149, -3809942.370, 3567435.084, 3653621.587, -1.702,  2.226, 336.939,  0.003,  0.004, -0.000
195502.8, 2270, 35.17327635, 136.88273444, 42.149, -3809942.370, 3567435.084, 3653621.587, -1.704,  2.223, 336.940,  0.004,  0.004, -0.000
195503.0, 2270, 35.17327635, 136.88273444, 42.149, -3809942.370, 3567435.084, 3653621.587, -1.702,  2.224, 336.940,  0.004,  0.005, -0.000
195503.2, 2270, 35.17327635, 136.88273444, 42.149, -3809942.370, 3567435.084, 3653621.587, -1.703,  2.221, 336.940,  0.002,  0.002, -0.001
195503.4, 2270, 35.17327635, 136.88273444, 42.149, -3809942.370, 3567435.084, 3653621.587, -1.703,  2.218, 336.940,  0.007,  0.004, -0.000
195503.6, 2270, 35.17327635, 136.88273444, 42.149, -3809942.370, 3567435.084, 3653621.587, -1.700,  2.219, 336.940,  0.003,  0.003, -0.001
195503.8, 2270, 35.17327635, 136.88273444, 42.149, -3809942.370, 3567435.084, 3653621.587, -1.703,  2.217, 336.938,  0.004,  0.003, -0.000
195504.0, 2270, 35.17327635, 136.88273445, 42.148, -3809942.370, 3567435.083, 3653621.587, -1.702,  2.219, 336.938,  0.006,  0.003, -0.001
195504.2, 2270, 35.17327635, 136.88273446, 42.147, -3809942.371, 3567435.081, 3653621.586, -1.701,  2.230, 336.939,  0.001,  0.011, -0.017
195504.4, 2270, 35.17327643, 136.88273445, 42.142, -3809942.363, 3567435.077, 3653621.590, -1.699,  2.360, 336.936, -0.030,  0.087, -0.017
195504.6, 2270, 35.17327666, 136.88273436, 42.141, -3809942.346, 3567435.072, 3653621.610, -1.682,  2.374, 336.939, -0.063,  0.169,  0.007
195504.8, 2270, 35.17327703, 136.88273419, 42.141, -3809942.318, 3567435.066, 3653621.644, -1.677,  2.355, 336.949, -0.103,  0.250, -0.004
195505.0, 2270, 35.17327757, 136.88273393, 42.137, -3809942.275, 3567435.058, 3653621.691, -1.704,  2.416, 336.961, -0.153,  0.361, -0.013
195505.2, 2270, 35.17327831, 136.88273357, 42.134, -3809942.216, 3567435.048, 3653621.756, -1.756,  2.439, 336.955, -0.185,  0.462, -0.001
195505.4, 2270, 35.17327920, 136.88273317, 42.133, -3809942.149, 3567435.034, 3653621.836, -1.718,  2.420, 336.919, -0.208,  0.535,  0.006
195505.6, 2270, 35.17328021, 136.88273272, 42.132, -3809942.073, 3567435.021, 3653621.927, -1.656,  2.355, 336.958, -0.232,  0.577,  0.005
195505.8, 2270, 35.17328123, 136.88273225, 42.130, -3809941.995, 3567435.006, 3653622.019, -1.654,  2.317, 336.921, -0.226,  0.569,  0.002
195506.0, 2270, 35.17328222, 136.88273176, 42.130, -3809941.918, 3567434.995, 3653622.108, -1.652,  2.246, 336.964, -0.232,  0.540,  0.015
195506.2, 2270, 35.17328311, 136.88273127, 42.132, -3809941.847, 3567434.990, 3653622.190, -1.672,  2.156, 336.967, -0.196,  0.485,  0.006
195506.4, 2270, 35.17328391, 136.88273082, 42.132, -3809941.782, 3567434.985, 3653622.263, -1.694,  2.135, 336.976, -0.177,  0.435, -0.003
195506.6, 2270, 35.17328464, 136.88273043, 42.131, -3809941.723, 3567434.979, 3653622.328, -1.659,  2.146, 336.973, -0.153,  0.396, -0.007
195506.8, 2270, 35.17328530, 136.88273006, 42.132, -3809941.670, 3567434.975, 3653622.389, -1.605,  2.129, 336.971, -0.143,  0.370,  0.006
195507.0, 2270, 35.17328589, 136.88272973, 42.135, -3809941.624, 3567434.973, 3653622.444, -1.572,  2.058, 336.976, -0.116,  0.302,  0.007
195507.2, 2270, 35.17328635, 136.88272945, 42.137, -3809941.586, 3567434.973, 3653622.487, -1.584,  2.000, 336.991, -0.099,  0.233,  0.002
195507.4, 2270, 35.17328669, 136.88272922, 42.139, -3809941.557, 3567434.974, 3653622.518, -1.596,  1.992, 336.990, -0.068,  0.171, -0.002
195507.6, 2270, 35.17328693, 136.88272904, 42.140, -3809941.536, 3567434.976, 3653622.541, -1.609,  1.968, 336.998, -0.044,  0.112, -0.002
195507.8, 2270, 35.17328706, 136.88272892, 42.142, -3809941.523, 3567434.979, 3653622.554, -1.615,  1.968, 336.992, -0.021,  0.059, -0.001
195508.0, 2270, 35.17328707, 136.88272892, 42.142, -3809941.522, 3567434.979, 3653622.555, -1.627,  1.969, 337.001,  0.003,  0.004,  0.000
195508.2, 2270, 35.17328706, 136.88272892, 42.142, -3809941.523, 3567434.980, 3653622.554, -1.626,  1.995, 336.995,  0.006, -0.003, -0.002
195508.4, 2270, 35.17328707, 136.88272892, 42.142, -3809941.522, 3567434.979, 3653622.555, -1.623,  1.980, 336.998,  0.002,  0.003, -0.001
195508.6, 2270, 35.17328706, 136.88272892, 42.142, -3809941.523, 3567434.980, 3653622.554, -1.628,  1.997, 336.998,  0.003,  0.002,  0.000
195508.8, 2270, 35.17328706, 136.88272892, 42.142, -3809941.522, 3567434.980, 3653622.555, -1.623,  1.987, 336.996,  0.004,  0.000, -0.002
195509.0, 2270, 35.17328706, 136.88272892, 42.142, -3809941.522, 3567434.980, 3653622.555, -1.624,  1.992, 336.997,  0.002,  0.002, -0.002
195509.2, 2270, 35.17328706, 136.88272892, 42.142, -3809941.522, 3567434.980, 3653622.555, -1.624,  1.987, 336.998,  0.004,  0.001, -0.001
195509.4, 2270, 35.17328706, 136.88272892, 42.142, -3809941.522, 3567434.980, 3653622.555, -1.621,  1.990, 336.998,  0.002,  0.003, -0.002
195509.6, 2270, 35.17328706, 136.88272892, 42.142, -3809941.522, 3567434.980, 3653622.555, -1.624,  1.988, 337.000,  0.004,  0.000, -0.001
195509.8, 2270, 35.17328706, 136.88272892, 42.142, -3809941.522, 3567434.980, 3653622.555, -1.623,  1.988, 337.001,  0.003,  0.002, -0.001
195510.0, 2270, 35.17328707, 136.88272892, 42.142, -3809941.522, 3567434.979, 3653622.555, -1.622,  1.983, 337.001,  0.003,  0.001, -0.001
195510.2, 2270, 35.17328707, 136.88272892, 42.142, -3809941.522, 3567434.979, 3653622.555, -1.621,  1.982, 337.002,  0.003,  0.002, -0.001
195510.4, 2270, 35.17328707, 136.88272892, 42.142, -3809941.522, 3567434.979, 3653622.555, -1.621,  1.978, 337.001,  0.004,  0.002, -0.001
195510.6, 2270, 35.17328707, 136.88272892, 42.142, -3809941.522, 3567434.979, 3653622.555, -1.623,  1.978, 337.002,  0.003,  0.002, -0.001
195510.8, 2270, 35.17328707, 136.88272892, 42.142, -3809941.522, 3567434.979, 3653622.555, -1.621,  1.977, 337.002,  0.004,  0.000, -0.002
195511.0, 2270, 35.17328707, 136.88272892, 42.142, -3809941.522, 3567434.979, 3653622.555, -1.622,  1.976, 337.000,  0.002,  0.002, -0.002
195511.2, 2270, 35.17328707, 136.88272892, 42.142, -3809941.522, 3567434.979, 3653622.555, -1.621,  1.977, 337.000,  0.004,  0.003, -0.001
195511.4, 2270, 35.17328707, 136.88272892, 42.142, -3809941.522, 3567434.979, 3653622.555, -1.623,  1.975, 337.002,  0.002,  0.001, -0.003
195511.6, 2270, 35.17328707, 136.88272892, 42.142, -3809941.522, 3567434.979, 3653622.555, -1.622,  1.974, 337.001,  0.004,  0.003, -0.001
195511.8, 2270, 35.17328707, 136.88272892, 42.142, -3809941.522, 3567434.979, 3653622.555, -1.620,  1.974, 337.001,  0.003,  0.002, -0.002
195512.0, 2270, 35.17328707, 136.88272892, 42.142, -3809941.522, 3567434.979, 3653622.555, -1.622,  1.974, 337.002,  0.003,  0.002, -0.002
195512.2, 2270, 35.17328707, 136.88272892, 42.142, -3809941.522, 3567434.979, 3653622.555, -1.621,  1.975, 337.003,  0.002,  0.002, -0.002
195512.4, 2270, 35.17328707, 136.88272892, 42.142, -3809941.522, 3567434.979, 3653622.555, -1.624,  1.975, 337.001,  0.003,  0.002, -0.001
195512.6, 2270, 35.17328707, 136.88272892, 42.142, -3809941.522, 3567434.979, 3653622.555, -1.623,  1.974, 337.004,  0.005,  0.004, -0.001
195512.8, 2270, 35.17328707, 136.88272892, 42.142, -3809941.522, 3567434.979, 3653622.555, -1.623,  1.975, 337.003,  0.003,  0.002, -0.002
195513.0, 2270, 35.17328707, 136.88272892, 42.142, -3809941.522, 3567434.979, 3653622.555, -1.626,  1.973, 337.004,  0.003,  0.002, -0.001
195513.2, 2270, 35.17328707, 136.88272892, 42.142, -3809941.522, 3567434.979, 3653622.555, -1.624,  1.974, 337.005,  0.004,  0.002, -0.001
195513.4, 2270, 35.17328707, 136.88272892, 42.142, -3809941.522, 3567434.979, 3653622.555, -1.623,  1.975, 337.006,  0.001,  0.001, -0.003
195513.6, 2270, 35.17328707, 136.88272892, 42.142, -3809941.522, 3567434.979, 3653622.555, -1.627,  1.972, 337.006,  0.001,  0.001, -0.001
195513.8, 2270, 35.17328707, 136.88272892, 42.142, -3809941.522, 3567434.979, 3653622.555, -1.626,  1.974, 337.004,  0.004,  0.001, -0.001
195514.0, 2270, 35.17328707, 136.88272892, 42.142, -3809941.522, 3567434.979, 3653622.555, -1.628,  1.966, 337.007,  0.003,  0.002, -0.003
195514.2, 2270, 35.17328707, 136.88272892, 42.142, -3809941.522, 3567434.979, 3653622.555, -1.622,  1.971, 337.005,  0.001,  0.002, -0.000
195514.4, 2270, 35.17328707, 136.88272892, 42.142, -3809941.522, 3567434.979, 3653622.555, -1.627,  1.969, 337.004,  0.003,  0.003, -0.001
195514.6, 2270, 35.17328707, 136.88272892, 42.142, -3809941.522, 3567434.979, 3653622.555, -1.625,  1.971, 337.008,  0.006,  0.002, -0.003
195514.8, 2270, 35.17328707, 136.88272892, 42.142, -3809941.522, 3567434.979, 3653622.555, -1.621,  1.967, 337.005,  0.002,  0.002,  0.000
195515.0, 2270, 35.17328707, 136.88272892, 42.142, -3809941.522, 3567434.979, 3653622.555, -1.622,  1.971, 337.004,  0.005,  0.001, -0.002
195515.2, 2270, 35.17328707, 136.88272892, 42.142, -3809941.522, 3567434.979, 3653622.555, -1.620,  1.967, 337.007,  0.003,  0.004, -0.001
195515.4, 2270, 35.17328707, 136.88272892, 42.142, -3809941.522, 3567434.979, 3653622.555, -1.622,  1.970, 337.005,  0.001, -0.001,  0.000
195515.6, 2270, 35.17328707, 136.88272892, 42.142, -3809941.522, 3567434.979, 3653622.555, -1.621,  1.969, 337.005,  0.005,  0.004, -0.002
195515.8, 2270, 35.17328707, 136.88272892, 42.142, -3809941.522, 3567434.979, 3653622.555, -1.618,  1.969, 337.007,  0.002,  0.001, -0.000
195516.0, 2270, 35.17328707, 136.88272892, 42.142, -3809941.522, 3567434.979, 3653622.555, -1.622,  1.969, 337.006,  0.003,  0.003, -0.001
195516.2, 2270, 35.17328707, 136.88272892, 42.142, -3809941.522, 3567434.979, 3653622.555, -1.619,  1.969, 337.007,  0.004,  0.002, -0.001
195516.4, 2270, 35.17328707, 136.88272892, 42.142, -3809941.522, 3567434.979, 3653622.555, -1.621,  1.969, 337.007,  0.002,  0.001,  0.000
195516.6, 2270, 35.17328707, 136.88272892, 42.142, -3809941.522, 3567434.979, 3653622.555, -1.620,  1.969, 337.006,  0.003,  0.002, -0.001
195516.8, 2270, 35.17328707, 136.88272892, 42.142, -3809941.522, 3567434.979, 3653622.555, -1.619,  1.969, 337.004,  0.003,  0.000, -0.001
195517.0, 2270, 35.17328707, 136.88272892, 42.142, -3809941.522, 3567434.979, 3653622.555, -1.621,  1.967, 337.006,  0.003,  0.002,  0.000
195517.2, 2270, 35.17328707, 136.88272892, 42.142, -3809941.522, 3567434.979, 3653622.555, -1.619,  1.970, 337.005,  0.004,  0.004, -0.002
195517.4, 2270, 35.17328707, 136.88272892, 42.142, -3809941.522, 3567434.979, 3653622.555, -1.620,  1.968, 337.005,  0.003,  0.002, -0.001
195517.6, 2270, 35.17328707, 136.88272892, 42.142, -3809941.522, 3567434.979, 3653622.555, -1.622,  1.970, 337.007,  0.003,  0.004, -0.001
195517.8, 2270, 35.17328707, 136.88272892, 42.142, -3809941.522, 3567434.979, 3653622.555, -1.621,  1.968, 337.005,  0.004,  0.001, -0.002
195518.0, 2270, 35.17328707, 136.88272892, 42.142, -3809941.522, 3567434.979, 3653622.555, -1.621,  1.969, 337.006,  0.002,  0.002, -0.000
195518.2, 2270, 35.17328707, 136.88272892, 42.142, -3809941.522, 3567434.979, 3653622.555, -1.621,  1.970, 337.006,  0.004,  0.003, -0.002
195518.4, 2270, 35.17328707, 136.88272892, 42.142, -3809941.522, 3567434.979, 3653622.555, -1.619,  1.969, 337.006,  0.002,  0.004, -0.002
195518.6, 2270, 35.17328707, 136.88272892, 42.142, -3809941.522, 3567434.979, 3653622.555, -1.621,  1.969, 337.007,  0.003,  0.003, -0.001
195518.8, 2270, 35.17328707, 136.88272892, 42.142, -3809941.522, 3567434.979, 3653622.555, -1.619,  1.968, 337.008,  0.004,  0.003, -0.001
195519.0, 2270, 35.17328707, 136.88272892, 42.142, -3809941.522, 3567434.979, 3653622.555, -1.620,  1.970, 337.009,  0.002,  0.002, -0.001
195519.2, 2270, 35.17328707, 136.88272892, 42.142, -3809941.522, 3567434.979, 3653622.555, -1.622,  1.970, 337.008,  0.004,  0.003, -0.001
195519.4, 2270, 35.17328707, 136.88272892, 42.142, -3809941.522, 3567434.979, 3653622.555, -1.615,  1.970, 337.008,  0.004,  0.005, -0.001
195519.6, 2270, 35.17328707, 136.88272892, 42.142, -3809941.522, 3567434.979, 3653622.555, -1.622,  1.972, 337.008,  0.000,  0.004, -0.001
195519.8, 2270, 35.17328707, 136.88272892, 42.142, -3809941.522, 3567434.979, 3653622.555, -1.624,  1.972, 337.007,  0.004,  0.002, -0.002
195520.0, 2270, 35.17328707, 136.88272892, 42.142, -3809941.522, 3567434.979, 3653622.555, -1.619,  1.974, 337.006,  0.001,  0.003, -0.001
195520.2, 2270, 35.17328707, 136.88272892, 42.142, -3809941.522, 3567434.979, 3653622.555, -1.624,  1.974, 337.007,  0.002,  0.001, -0.002
195520.4, 2270, 35.17328707, 136.88272892, 42.142, -3809941.522, 3567434.979, 3653622.555, -1.619,  1.974, 337.006,  0.002,  0.003, -0.003
195520.6, 2270, 35.17328707, 136.88272892, 42.142, -3809941.522, 3567434.979, 3653622.555, -1.622,  1.969, 337.006,  0.002,  0.002, -0.001
195520.8, 2270, 35.17328707, 136.88272892, 42.142, -3809941.522, 3567434.979, 3653622.555, -1.619,  1.974, 337.006,  0.004,  0.007, -0.001
195521.0, 2270, 35.17328707, 136.88272892, 42.142, -3809941.522, 3567434.979, 3653622.555, -1.621,  1.974, 337.008,  0.001, -0.001, -0.004
195521.2, 2270, 35.17328707, 136.88272892, 42.142, -3809941.522, 3567434.979, 3653622.555, -1.622,  1.972, 337.009,  0.003,  0.007,  0.002
195521.4, 2270, 35.17328707, 136.88272892, 42.142, -3809941.522, 3567434.979, 3653622.555, -1.619,  1.977, 337.006,  0.003,  0.000, -0.002
195521.6, 2270, 35.17328707, 136.88272892, 42.142, -3809941.522, 3567434.979, 3653622.555, -1.621,  1.974, 337.010,  0.005,  0.006,  0.001
195521.8, 2270, 35.17328707, 136.88272892, 42.142, -3809941.522, 3567434.979, 3653622.555, -1.614,  1.972, 337.006,  0.001, -0.000, -0.003
195522.0, 2270, 35.17328707, 136.88272892, 42.142, -3809941.522, 3567434.979, 3653622.555, -1.619,  1.970, 337.004,  0.001,  0.004, -0.003
195522.2, 2270, 35.17328707, 136.88272892, 42.142, -3809941.522, 3567434.979, 3653622.555, -1.619,  1.973, 337.006,  0.003,  0.001,  0.000
195522.4, 2270, 35.17328707, 136.88272892, 42.142, -3809941.522, 3567434.979, 3653622.555, -1.618,  1.971, 337.006,  0.003,  0.004, -0.002
195522.6, 2270, 35.17328707, 136.88272892, 42.142, -3809941.522, 3567434.979, 3653622.555, -1.619,  1.971, 337.006,  0.003,  0.001,  0.001
195522.8, 2270, 35.17328707, 136.88272892, 42.142, -3809941.522, 3567434.979, 3653622.555, -1.618,  1.972, 337.005,  0.001,  0.002, -0.001
195523.0, 2270, 35.17328707, 136.88272892, 42.142, -3809941.522, 3567434.979, 3653622.555, -1.619,  1.970, 337.006,  0.004,  0.002, -0.002
195523.2, 2270, 35.17328707, 136.88272892, 42.142, -3809941.522, 3567434.979, 3653622.555, -1.619,  1.971, 337.006,  0.001,  0.002,  0.002
195523.4, 2270, 35.17328707, 136.88272892, 42.142, -3809941.522, 3567434.979, 3653622.555, -1.624,  1.973, 337.007,  0.001,  0.001, -0.000
195523.6, 2270, 35.17328707, 136.88272892, 42.142, -3809941.522, 3567434.979, 3653622.555, -1.616,  1.970, 337.005,  0.003,  0.004, -0.002
195523.8, 2270, 35.17328707, 136.88272892, 42.142, -3809941.522, 3567434.979, 3653622.555, -1.616,  1.971, 337.007,  0.001, -0.001, -0.001
195524.0, 2270, 35.17328707, 136.88272892, 42.142, -3809941.522, 3567434.979, 3653622.555, -1.621,  1.968, 337.006,  0.002,  0.002, -0.001
195524.2, 2270, 35.17328707, 136.88272892, 42.142, -3809941.522, 3567434.979, 3653622.555, -1.616,  1.972, 337.006,  0.002,  0.001, -0.001
195524.4, 2270, 35.17328707, 136.88272892, 42.142, -3809941.522, 3567434.979, 3653622.555, -1.617,  1.969, 337.008,  0.003, -0.001,  0.001
195524.6, 2270, 35.17328707, 136.88272892, 42.142, -3809941.522, 3567434.979, 3653622.555, -1.618,  1.970, 337.007,  0.002,  0.004, -0.001
195524.8, 2270, 35.17328707, 136.88272892, 42.142, -3809941.522, 3567434.979, 3653622.555, -1.620,  1.968, 337.006,  0.003, -0.001, -0.000
195525.0, 2270, 35.17328707, 136.88272892, 42.142, -3809941.522, 3567434.979, 3653622.555, -1.621,  1.970, 337.007,  0.002,  0.002,  0.000
195525.2, 2270, 35.17328707, 136.88272892, 42.142, -3809941.522, 3567434.979, 3653622.555, -1.623,  1.969, 337.007,  0.003,  0.000, -0.002
195525.4, 2270, 35.17328707, 136.88272892, 42.142, -3809941.522, 3567434.979, 3653622.555, -1.619,  1.969, 337.007,  0.003,  0.001,  0.001
195525.6, 2270, 35.17328707, 136.88272892, 42.142, -3809941.522, 3567434.979, 3653622.555, -1.621,  1.971, 337.005,  0.002,  0.001, -0.002
195525.8, 2270, 35.17328707, 136.88272892, 42.142, -3809941.522, 3567434.979, 3653622.555, -1.618,  1.966, 337.007,  0.004,  0.002,  0.000
195526.0, 2270, 35.17328707, 136.88272892, 42.142, -3809941.522, 3567434.979, 3653622.555, -1.615,  1.975, 337.006,  0.002,  0.001,  0.001
195526.2, 2270, 35.17328707, 136.88272892, 42.142, -3809941.522, 3567434.979, 3653622.555, -1.622,  1.969, 337.004,  0.002, -0.000, -0.002
195526.4, 2270, 35.17328707, 136.88272892, 42.142, -3809941.522, 3567434.979, 3653622.555, -1.619,  1.969, 337.009,  0.004,  0.002,  0.000
195526.6, 2270, 35.17328707, 136.88272892, 42.142, -3809941.522, 3567434.979, 3653622.555, -1.616,  1.969, 337.003,  0.002,  0.001, -0.001
195526.8, 2270, 35.17328707, 136.88272892, 42.142, -3809941.522, 3567434.979, 3653622.555, -1.625,  1.971, 337.004,  0.000,  0.000, -0.001
195527.0, 2270, 35.17328707, 136.88272892, 42.142, -3809941.522, 3567434.979, 3653622.555, -1.621,  1.968, 337.006,  0.006,  0.003, -0.003
195527.2, 2270, 35.17328707, 136.88272892, 42.142, -3809941.522, 3567434.979, 3653622.555, -1.616,  1.972, 337.002, -0.000,  0.002,  0.001
195527.4, 2270, 35.17328707, 136.88272892, 42.142, -3809941.522, 3567434.979, 3653622.555, -1.620,  1.970, 337.005,  0.003,  0.001, -0.001
195527.6, 2270, 35.17328707, 136.88272892, 42.142, -3809941.522, 3567434.979, 3653622.555, -1.623,  1.969, 337.005,  0.001,  0.001, -0.004
195527.8, 2270, 35.17328707, 136.88272892, 42.142, -3809941.522, 3567434.979, 3653622.555, -1.614,  1.970, 337.004,  0.004,  0.004,  0.001
195528.0, 2270, 35.17328707, 136.88272892, 42.142, -3809941.522, 3567434.979, 3653622.555, -1.615,  1.969, 337.007,  0.002, -0.003, -0.004
195528.2, 2270, 35.17328707, 136.88272892, 42.142, -3809941.522, 3567434.979, 3653622.555, -1.619,  1.964, 337.004,  0.002,  0.004, -0.001
195528.4, 2270, 35.17328707, 136.88272892, 42.142, -3809941.522, 3567434.979, 3653622.555, -1.616,  1.973, 337.007,  0.003,  0.001, -0.001
195528.6, 2270, 35.17328707, 136.88272892, 42.142, -3809941.522, 3567434.979, 3653622.555, -1.617,  1.965, 337.009,  0.003,  0.001, -0.003
195528.8, 2270, 35.17328707, 136.88272892, 42.142, -3809941.522, 3567434.979, 3653622.555, -1.616,  1.970, 337.005,  0.001,  0.002, -0.001
195529.0, 2270, 35.17328707, 136.88272892, 42.142, -3809941.522, 3567434.979, 3653622.555, -1.617,  1.967, 337.008,  0.005,  0.001, -0.001
195529.2, 2270, 35.17328707, 136.88272892, 42.142, -3809941.522, 3567434.979, 3653622.555, -1.613,  1.969, 337.009,  0.001,  0.005, -0.002
195529.4, 2270, 35.17328707, 136.88272892, 42.142, -3809941.522, 3567434.979, 3653622.555, -1.617,  1.967, 337.009,  0.003, -0.002, -0.001
195529.6, 2270, 35.17328707, 136.88272892, 42.142, -3809941.522, 3567434.979, 3653622.555, -1.617,  1.967, 337.007,  0.001,  0.002, -0.000
195529.8, 2270, 35.17328707, 136.88272892, 42.142, -3809941.522, 3567434.979, 3653622.555, -1.620,  1.968, 337.008,  0.001,  0.000, -0.003
195530.0, 2270, 35.17328707, 136.88272892, 42.142, -3809941.522, 3567434.979, 3653622.555, -1.620,  1.965, 337.007,  0.002,  0.002,  0.000
195530.2, 2270, 35.17328707, 136.88272892, 42.142, -3809941.522, 3567434.979, 3653622.555, -1.622,  1.968, 337.007,  0.002,  0.001, -0.000
195530.4, 2270, 35.17328707, 136.88272892, 42.142, -3809941.522, 3567434.979, 3653622.555, -1.624,  1.966, 337.008,  0.003,  0.001, -0.001
195530.6, 2270, 35.17328707, 136.88272892, 42.142, -3809941.522, 3567434.979, 3653622.555, -1.620,  1.968, 337.007,  0.000,  0.000, -0.000
195530.8, 2270, 35.17328707, 136.88272892, 42.142, -3809941.522, 3567434.979, 3653622.555, -1.623,  1.967, 337.007,  0.001,  0.003, -0.001
195531.0, 2270, 35.17328707, 136.88272892, 42.142, -3809941.522, 3567434.979, 3653622.555, -1.621,  1.967, 337.008,  0.003,  0.002,  0.000
195531.2, 2270, 35.17328707, 136.88272892, 42.142, -3809941.522, 3567434.979, 3653622.555, -1.620,  1.967, 337.007,  0.000,  0.002, -0.000
195531.4, 2270, 35.17328707, 136.88272892, 42.142, -3809941.522, 3567434.979, 3653622.555, -1.622,  1.969, 337.006,  0.001,  0.001, -0.001
195531.6, 2270, 35.17328707, 136.88272892, 42.142, -3809941.522, 3567434.979, 3653622.555, -1.622,  1.969, 337.006,  0.000,  0.001, -0.001
195531.8, 2270, 35.17328707, 136.88272892, 42.142, -3809941.522, 3567434.979, 3653622.555, -1.621,  1.969, 337.008,  0.002,  0.000, -0.001
195532.0, 2270, 35.17328707, 136.88272892, 42.142, -3809941.522, 3567434.979, 3653622.555, -1.622,  1.968, 337.007,  0.001,  0.001, -0.001
195532.2, 2270, 35.17328707, 136.88272892, 42.142, -3809941.522, 3567434.979, 3653622.555, -1.622,  1.968, 337.006,  0.002,  0.003, -0.001
195532.4, 2270, 35.17328707, 136.88272892, 42.142, -3809941.522, 3567434.979, 3653622.555, -1.620,  1.968, 337.006,  0.001,  0.002, -0.001
195532.6, 2270, 35.17328707, 136.88272892, 42.142, -3809941.522, 3567434.979, 3653622.555, -1.621,  1.969, 337.006,  0.001,  0.000, -0.000
195532.8, 2270, 35.17328707, 136.88272892, 42.142, -3809941.522, 3567434.979, 3653622.555, -1.621,  1.970, 337.007,  0.001,  0.001, -0.001
195533.0, 2270, 35.17328707, 136.88272892, 42.142, -3809941.522, 3567434.979, 3653622.555, -1.621,  1.970, 337.008,  0.001,  0.001, -0.001
195533.2, 2270, 35.17328707, 136.88272892, 42.142, -3809941.522, 3567434.979, 3653622.555, -1.623,  1.970, 337.007,  0.002,  0.001, -0.002
195533.4, 2270, 35.17328707, 136.88272892, 42.142, -3809941.522, 3567434.979, 3653622.555, -1.621,  1.970, 337.006,  0.000,  0.001, -0.002
195533.6, 2270, 35.17328707, 136.88272892, 42.142, -3809941.522, 3567434.979, 3653622.555, -1.623,  1.969, 337.008,  0.001,  0.001, -0.002
195533.8, 2270, 35.17328707, 136.88272892, 42.142, -3809941.522, 3567434.979, 3653622.555, -1.621,  1.968, 337.006,  0.001,  0.001, -0.002
195534.0, 2270, 35.17328707, 136.88272892, 42.142, -3809941.522, 3567434.979, 3653622.555, -1.620,  1.967, 337.006,  0.001, -0.001, -0.001
195534.2, 2270, 35.17328707, 136.88272892, 42.142, -3809941.522, 3567434.979, 3653622.555, -1.620,  1.967, 337.006,  0.001,  0.001, -0.001
195534.4, 2270, 35.17328707, 136.88272892, 42.142, -3809941.522, 3567434.979, 3653622.555, -1.621,  1.967, 337.009,  0.000, -0.000, -0.002
195534.6, 2270, 35.17328707, 136.88272892, 42.142, -3809941.522, 3567434.979, 3653622.555, -1.620,  1.968, 337.008, -0.000, -0.001, -0.001
195534.8, 2270, 35.17328707, 136.88272892, 42.142, -3809941.522, 3567434.979, 3653622.555, -1.620,  1.968, 337.010,  0.001,  0.001, -0.001
195535.0, 2270, 35.17328707, 136.88272892, 42.142, -3809941.522, 3567434.979, 3653622.555, -1.618,  1.967, 337.010,  0.001, -0.000, -0.000
195535.2, 2270, 35.17328707, 136.88272892, 42.142, -3809941.522, 3567434.979, 3653622.555, -1.616,  1.967, 337.011,  0.000,  0.002,  0.001
195535.4, 2270, 35.17328707, 136.88272892, 42.142, -3809941.522, 3567434.979, 3653622.555, -1.620,  1.968, 337.011,  0.000,  0.001, -0.002
195535.6, 2270, 35.17328707, 136.88272892, 42.142, -3809941.522, 3567434.979, 3653622.555, -1.616,  1.966, 337.010,  0.002,  0.001, -0.002
195535.8, 2270, 35.17328707, 136.88272892, 42.142, -3809941.522, 3567434.979, 3653622.555, -1.618,  1.968, 337.012, -0.000,  0.000, -0.000
195536.0, 2270, 35.17328707, 136.88272892, 42.142, -3809941.522, 3567434.979, 3653622.555, -1.618,  1.965, 337.011, -0.001, -0.000, -0.003
195536.2, 2270, 35.17328707, 136.88272892, 42.142, -3809941.522, 3567434.979, 3653622.555, -1.617,  1.969, 337.011,  0.000,  0.001, -0.002
195536.4, 2270, 35.17328707, 136.88272892, 42.142, -3809941.522, 3567434.979, 3653622.555, -1.618,  1.967, 337.012, -0.000,  0.001, -0.002
195536.6, 2270, 35.17328707, 136.88272892, 42.142, -3809941.522, 3567434.979, 3653622.555, -1.617,  1.968, 337.012,  0.003,  0.003, -0.001
195536.8, 2270, 35.17328707, 136.88272892, 42.142, -3809941.522, 3567434.979, 3653622.555, -1.617,  1.966, 337.010, -0.001,  0.002, -0.002
195537.0, 2270, 35.17328707, 136.88272892, 42.142, -3809941.522, 3567434.979, 3653622.555, -1.618,  1.968, 337.011,  0.002,  0.001, -0.003
195537.2, 2270, 35.17328707, 136.88272892, 42.142, -3809941.522, 3567434.979, 3653622.555, -1.617,  1.966, 337.011,  0.001, -0.000, -0.002
195537.4, 2270, 35.17328707, 136.88272892, 42.142, -3809941.522, 3567434.979, 3653622.555, -1.619,  1.968, 337.010,  0.002,  0.002, -0.001
195537.6, 2270, 35.17328707, 136.88272892, 42.142, -3809941.522, 3567434.979, 3653622.555, -1.615,  1.966, 337.012,  0.001, -0.000, -0.003
195537.8, 2270, 35.17328707, 136.88272892, 42.142, -3809941.522, 3567434.979, 3653622.555, -1.620,  1.969, 337.010, -0.001,  0.001, -0.000
195538.0, 2270, 35.17328707, 136.88272892, 42.142, -3809941.522, 3567434.979, 3653622.555, -1.619,  1.968, 337.006,  0.005,  0.002, -0.002
195538.2, 2270, 35.17328707, 136.88272892, 42.142, -3809941.522, 3567434.979, 3653622.555, -1.617,  1.969, 337.009,  0.001,  0.000, -0.001
195538.4, 2270, 35.17328707, 136.88272892, 42.142, -3809941.522, 3567434.979, 3653622.555, -1.619,  1.969, 337.006, -0.000,  0.000, -0.002
195538.6, 2270, 35.17328707, 136.88272892, 42.142, -3809941.522, 3567434.979, 3653622.555, -1.616,  1.967, 337.006,  0.004,  0.004, -0.003
195538.8, 2270, 35.17328707, 136.88272892, 42.142, -3809941.522, 3567434.979, 3653622.555, -1.616,  1.966, 337.009,  0.002,  0.001, -0.002
195539.0, 2270, 35.17328707, 136.88272892, 42.142, -3809941.522, 3567434.979, 3653622.555, -1.622,  1.967, 337.007,  0.001,  0.001, -0.001
195539.2, 2270, 35.17328707, 136.88272892, 42.142, -3809941.522, 3567434.979, 3653622.555, -1.618,  1.966, 337.006,  0.005,  0.001, -0.002
195539.4, 2270, 35.17328707, 136.88272892, 42.142, -3809941.522, 3567434.979, 3653622.555, -1.615,  1.968, 337.006,  0.001,  0.002, -0.001
195539.6, 2270, 35.17328707, 136.88272892, 42.142, -3809941.522, 3567434.979, 3653622.555, -1.619,  1.967, 337.005,  0.004,  0.000, -0.003
195539.8, 2270, 35.17328707, 136.88272892, 42.142, -3809941.522, 3567434.979, 3653622.555, -1.612,  1.966, 337.006,  0.004,  0.002, -0.002
195540.0, 2270, 35.17328707, 136.88272892, 42.142, -3809941.522, 3567434.979, 3653622.555, -1.621,  1.964, 337.007,  0.002,  0.001, -0.002
195540.2, 2270, 35.17328707, 136.88272892, 42.142, -3809941.522, 3567434.979, 3653622.555, -1.615,  1.966, 337.005,  0.004,  0.000, -0.002
195540.4, 2270, 35.17328707, 136.88272892, 42.142, -3809941.522, 3567434.979, 3653622.555, -1.616,  1.965, 337.005,  0.002,  0.001, -0.002
195540.6, 2270, 35.17328707, 136.88272892, 42.142, -3809941.522, 3567434.979, 3653622.555, -1.622,  1.965, 337.007,  0.004,  0.002, -0.002
195540.8, 2270, 35.17328707, 136.88272892, 42.142, -3809941.522, 3567434.979, 3653622.555, -1.620,  1.964, 337.004,  0.002,  0.001, -0.003
195541.0, 2270, 35.17328707, 136.88272892, 42.142, -3809941.522, 3567434.979, 3653622.555, -1.616,  1.966, 337.003,  0.003,  0.002, -0.003
195541.2, 2270, 35.17328707, 136.88272892, 42.142, -3809941.522, 3567434.979, 3653622.555, -1.616,  1.966, 337.006,  0.004,  0.000, -0.001
195541.4, 2270, 35.17328707, 136.88272892, 42.142, -3809941.522, 3567434.979, 3653622.555, -1.614,  1.967, 337.002,  0.002,  0.001, -0.002
195541.6, 2270, 35.17328707, 136.88272892, 42.142, -3809941.522, 3567434.979, 3653622.555, -1.614,  1.967, 337.004,  0.006, -0.001, -0.003
195541.8, 2270, 35.17328707, 136.88272892, 42.142, -3809941.522, 3567434.979, 3653622.555, -1.614,  1.965, 337.003,  0.003,  0.002, -0.001
195542.0, 2270, 35.17328707, 136.88272892, 42.142, -3809941.522, 3567434.979, 3653622.555, -1.614,  1.968, 337.004,  0.004, -0.000, -0.004
195542.2, 2270, 35.17328707, 136.88272892, 42.142, -3809941.522, 3567434.979, 3653622.555, -1.614,  1.964, 337.003,  0.002,  0.002, -0.001
195542.4, 2270, 35.17328707, 136.88272892, 42.142, -3809941.522, 3567434.979, 3653622.555, -1.614,  1.967, 337.002,  0.004,  0.000, -0.002
195542.6, 2270, 35.17328707, 136.88272892, 42.142, -3809941.522, 3567434.979, 3653622.555, -1.613,  1.965, 337.003,  0.003, -0.001, -0.003
195542.8, 2270, 35.17328707, 136.88272892, 42.142, -3809941.522, 3567434.979, 3653622.555, -1.615,  1.967, 337.003,  0.004,  0.001, -0.001
195543.0, 2270, 35.17328707, 136.88272892, 42.142, -3809941.522, 3567434.979, 3653622.555, -1.613,  1.967, 337.005,  0.005, -0.001, -0.003
195543.2, 2270, 35.17328707, 136.88272892, 42.142, -3809941.522, 3567434.979, 3653622.555, -1.614,  1.964, 337.004,  0.004,  0.002, -0.002
195543.4, 2270, 35.17328707, 136.88272892, 42.142, -3809941.522, 3567434.979, 3653622.555, -1.613,  1.968, 337.002,  0.004,  0.001, -0.003
195543.6, 2270, 35.17328707, 136.88272892, 42.142, -3809941.522, 3567434.979, 3653622.555, -1.614,  1.962, 337.003,  0.005,  0.001, -0.002
195543.8, 2270, 35.17328707, 136.88272892, 42.142, -3809941.522, 3567434.979, 3653622.555, -1.617,  1.967, 337.002,  0.003,  0.001, -0.003
195544.0, 2270, 35.17328707, 136.88272892, 42.142, -3809941.522, 3567434.979, 3653622.555, -1.615,  1.964, 337.001,  0.004,  0.001, -0.003
195544.2, 2270, 35.17328707, 136.88272892, 42.142, -3809941.522, 3567434.979, 3653622.555, -1.621,  1.965, 337.002,  0.004,  0.001, -0.002
195544.4, 2270, 35.17328707, 136.88272892, 42.142, -3809941.522, 3567434.979, 3653622.555, -1.616,  1.967, 337.004,  0.007,  0.001, -0.003
195544.6, 2270, 35.17328707, 136.88272892, 42.142, -3809941.522, 3567434.979, 3653622.555, -1.617,  1.966, 337.003,  0.003,  0.003, -0.002
195544.8, 2270, 35.17328707, 136.88272892, 42.142, -3809941.522, 3567434.979, 3653622.555, -1.625,  1.966, 337.000,  0.006,  0.003, -0.004
195545.0, 2270, 35.17328707, 136.88272892, 42.142, -3809941.522, 3567434.979, 3653622.555, -1.620,  1.966, 337.003,  0.007, -0.000, -0.002
195545.2, 2270, 35.17328707, 136.88272892, 42.142, -3809941.522, 3567434.979, 3653622.555, -1.623,  1.967, 337.000,  0.004,  0.001, -0.002
195545.4, 2270, 35.17328707, 136.88272892, 42.142, -3809941.522, 3567434.979, 3653622.555, -1.618,  1.967, 337.001,  0.007,  0.001, -0.003
195545.6, 2270, 35.17328707, 136.88272892, 42.142, -3809941.522, 3567434.979, 3653622.555, -1.622,  1.966, 337.002,  0.003, -0.001, -0.003
195545.8, 2270, 35.17328707, 136.88272892, 42.142, -3809941.522, 3567434.979, 3653622.555, -1.616,  1.970, 336.999,  0.005,  0.000, -0.003
195546.0, 2270, 35.17328707, 136.88272892, 42.142, -3809941.522, 3567434.979, 3653622.555, -1.625,  1.961, 337.001,  0.006, -0.003, -0.004
195546.2, 2270, 35.17328707, 136.88272892, 42.142, -3809941.522, 3567434.979, 3653622.555, -1.619,  1.966, 337.003,  0.009, -0.000, -0.001
195546.4, 2270, 35.17328707, 136.88272891, 42.142, -3809941.522, 3567434.979, 3653622.555, -1.627,  1.962, 337.001,  0.002,  0.000, -0.003
195546.6, 2270, 35.17328707, 136.88272891, 42.142, -3809941.522, 3567434.979, 3653622.555, -1.628,  1.965, 337.000,  0.011,  0.004, -0.001
195546.8, 2270, 35.17328707, 136.88272892, 42.142, -3809941.522, 3567434.979, 3653622.555, -1.624,  1.964, 336.999,  0.003, -0.000, -0.002
195547.0, 2270, 35.17328707, 136.88272891, 42.142, -3809941.522, 3567434.980, 3653622.555, -1.635,  1.963, 336.998,  0.008, -0.001, -0.003
195547.2, 2270, 35.17328707, 136.88272892, 42.142, -3809941.522, 3567434.979, 3653622.555, -1.621,  1.963, 337.003,  0.007,  0.002, -0.001
195547.4, 2270, 35.17328707, 136.88272892, 42.142, -3809941.522, 3567434.979, 3653622.555, -1.626,  1.966, 337.001,  0.003, -0.002, -0.003
195547.6, 2270, 35.17328707, 136.88272892, 42.142, -3809941.522, 3567434.979, 3653622.555, -1.623,  1.960, 337.000,  0.012, -0.003, -0.002
195547.8, 2270, 35.17328707, 136.88272892, 42.142, -3809941.522, 3567434.979, 3653622.555, -1.622,  1.963, 337.003,  0.002,  0.002, -0.002
195548.0, 2270, 35.17328707, 136.88272892, 42.142, -3809941.522, 3567434.979, 3653622.555, -1.624,  1.965, 336.998,  0.010, -0.002, -0.001
195548.2, 2270, 35.17328707, 136.88272892, 42.142, -3809941.522, 3567434.979, 3653622.555, -1.617,  1.963, 336.999,  0.004, -0.000, -0.003
195548.4, 2270, 35.17328707, 136.88272892, 42.142, -3809941.522, 3567434.979, 3653622.555, -1.627,  1.966, 337.001,  0.001, -0.003, -0.006
195548.6, 2270, 35.17328707, 136.88272891, 42.142, -3809941.522, 3567434.979, 3653622.555, -1.628,  1.962, 336.996,  0.008, -0.001, -0.002
195548.8, 2270, 35.17328707, 136.88272892, 42.142, -3809941.522, 3567434.979, 3653622.555, -1.624,  1.967, 336.999,  0.004, -0.001, -0.001
195549.0, 2270, 35.17328707, 136.88272892, 42.142, -3809941.522, 3567434.979, 3653622.555, -1.626,  1.963, 336.999,  0.005, -0.001, -0.004
195549.2, 2270, 35.17328707, 136.88272892, 42.142, -3809941.522, 3567434.979, 3653622.555, -1.622,  1.965, 336.999,  0.003,  0.002, -0.001
195549.4, 2270, 35.17328707, 136.88272892, 42.142, -3809941.522, 3567434.979, 3653622.555, -1.623,  1.967, 336.999,  0.004,  0.001, -0.004
195549.6, 2270, 35.17328707, 136.88272892, 42.142, -3809941.522, 3567434.979, 3653622.555, -1.624,  1.965, 337.000,  0.004,  0.003, -0.003
195549.8, 2270, 35.17328707, 136.88272892, 42.142, -3809941.522, 3567434.979, 3653622.555, -1.624,  1.967, 337.001,  0.005, -0.003, -0.004
195550.0, 2270, 35.17328707, 136.88272892, 42.142, -3809941.522, 3567434.979, 3653622.555, -1.625,  1.962, 336.999,  0.005,  0.003, -0.000
195550.2, 2270, 35.17328707, 136.88272892, 42.142, -3809941.522, 3567434.979, 3653622.555, -1.622,  1.969, 336.999,  0.006,  0.001, -0.002
195550.4, 2270, 35.17328707, 136.88272892, 42.142, -3809941.522, 3567434.979, 3653622.555, -1.621,  1.963, 337.003,  0.007,  0.000, -0.002
195550.6, 2270, 35.17328707, 136.88272892, 42.142, -3809941.522, 3567434.979, 3653622.555, -1.625,  1.966, 336.999,  0.004,  0.001, -0.000
195550.8, 2270, 35.17328707, 136.88272892, 42.142, -3809941.522, 3567434.979, 3653622.555, -1.623,  1.966, 336.998,  0.008,  0.001, -0.001
195551.0, 2270, 35.17328707, 136.88272892, 42.142, -3809941.522, 3567434.979, 3653622.555, -1.617,  1.966, 337.001,  0.003,  0.003, -0.001
195551.2, 2270, 35.17328707, 136.88272892, 42.142, -3809941.522, 3567434.979, 3653622.555, -1.623,  1.967, 337.000,  0.002, -0.002, -0.004
195551.4, 2270, 35.17328707, 136.88272892, 42.142, -3809941.522, 3567434.979, 3653622.555, -1.619,  1.965, 336.999,  0.005,  0.001, -0.001
195551.6, 2270, 35.17328707, 136.88272892, 42.142, -3809941.522, 3567434.979, 3653622.555, -1.615,  1.970, 337.002,  0.004, -0.001, -0.002
195551.8, 2270, 35.17328707, 136.88272892, 42.142, -3809941.522, 3567434.979, 3653622.555, -1.625,  1.965, 336.998,  0.004,  0.000, -0.002
195552.0, 2270, 35.17328707, 136.88272892, 42.142, -3809941.522, 3567434.979, 3653622.555, -1.619,  1.967, 336.998,  0.008,  0.002, -0.001
195552.2, 2270, 35.17328707, 136.88272892, 42.142, -3809941.522, 3567434.979, 3653622.555, -1.621,  1.966, 337.000,  0.001, -0.003, -0.003
195552.4, 2270, 35.17328707, 136.88272892, 42.142, -3809941.522, 3567434.979, 3653622.555, -1.624,  1.966, 336.998,  0.007,  0.003, -0.002
195552.6, 2270, 35.17328707, 136.88272892, 42.142, -3809941.522, 3567434.979, 3653622.555, -1.614,  1.967, 336.997,  0.003, -0.002, -0.002
195552.8, 2270, 35.17328707, 136.88272891, 42.142, -3809941.522, 3567434.979, 3653622.555, -1.630,  1.968, 336.999,  0.002,  0.001, -0.002
195553.0, 2270, 35.17328707, 136.88272892, 42.142, -3809941.522, 3567434.979, 3653622.555, -1.619,  1.967, 336.997,  0.008,  0.000, -0.002
195553.2, 2270, 35.17328707, 136.88272892, 42.142, -3809941.522, 3567434.979, 3653622.555, -1.622,  1.968, 336.998,  0.001,  0.001, -0.002
195553.4, 2270, 35.17328707, 136.88272892, 42.142, -3809941.522, 3567434.979, 3653622.555, -1.625,  1.968, 336.999,  0.007, -0.001, -0.002
195553.6, 2270, 35.17328707, 136.88272892, 42.142, -3809941.522, 3567434.979, 3653622.555, -1.619,  1.966, 336.998,  0.005,  0.001, -0.002
195553.8, 2270, 35.17328707, 136.88272892, 42.142, -3809941.522, 3567434.979, 3653622.555, -1.621,  1.968, 336.998,  0.005,  0.000, -0.002
195554.0, 2270, 35.17328707, 136.88272892, 42.142, -3809941.522, 3567434.979, 3653622.555, -1.620,  1.966, 336.998,  0.006, -0.000, -0.001
195554.2, 2270, 35.17328707, 136.88272892, 42.142, -3809941.522, 3567434.979, 3653622.555, -1.619,  1.967, 337.000,  0.006,  0.000, -0.002
195554.4, 2270, 35.17328707, 136.88272892, 42.142, -3809941.522, 3567434.979, 3653622.555, -1.621,  1.967, 336.999,  0.005, -0.002, -0.002
195554.6, 2270, 35.17328707, 136.88272892, 42.142, -3809941.522, 3567434.979, 3653622.555, -1.618,  1.966, 336.998,  0.005,  0.000, -0.002
195554.8, 2270, 35.17328707, 136.88272892, 42.142, -3809941.522, 3567434.979, 3653622.555, -1.618,  1.967, 336.999,  0.004, -0.002, -0.003
195555.0, 2270, 35.17328707, 136.88272892, 42.142, -3809941.522, 3567434.979, 3653622.555, -1.619,  1.965, 336.998,  0.005, -0.000, -0.002
195555.2, 2270, 35.17328707, 136.88272892, 42.142, -3809941.522, 3567434.979, 3653622.555, -1.620,  1.966, 336.998,  0.005, -0.002, -0.002
195555.4, 2270, 35.17328707, 136.88272892, 42.142, -3809941.522, 3567434.979, 3653622.555, -1.620,  1.966, 336.998,  0.007,  0.001, -0.002
195555.6, 2270, 35.17328707, 136.88272892, 42.142, -3809941.522, 3567434.979, 3653622.555, -1.619,  1.967, 336.998,  0.003, -0.001, -0.004
195555.8, 2270, 35.17328707, 136.88272892, 42.142, -3809941.522, 3567434.979, 3653622.555, -1.622,  1.965, 336.999,  0.005, -0.001, -0.004
195556.0, 2270, 35.17328707, 136.88272892, 42.142, -3809941.522, 3567434.979, 3653622.555, -1.617,  1.965, 337.000,  0.006,  0.000, -0.001
195556.2, 2270, 35.17328707, 136.88272892, 42.142, -3809941.522, 3567434.979, 3653622.555, -1.621,  1.966, 336.997,  0.005, -0.001, -0.004
195556.4, 2270, 35.17328707, 136.88272892, 42.142, -3809941.522, 3567434.979, 3653622.555, -1.618,  1.966, 337.000,  0.009,  0.000, -0.002
195556.6, 2270, 35.17328707, 136.88272892, 42.142, -3809941.522, 3567434.979, 3653622.555, -1.616,  1.967, 336.999,  0.004,  0.001, -0.004
195556.8, 2270, 35.17328707, 136.88272892, 42.142, -3809941.522, 3567434.979, 3653622.555, -1.622,  1.966, 337.001,  0.006, -0.003, -0.004
195557.0, 2270, 35.17328707, 136.88272892, 42.142, -3809941.522, 3567434.979, 3653622.555, -1.618,  1.966, 336.999,  0.006,  0.001, -0.003
195557.2, 2270, 35.17328707, 136.88272892, 42.142, -3809941.522, 3567434.979, 3653622.555, -1.619,  1.967, 337.000,  0.004, -0.004, -0.005
195557.4, 2270, 35.17328707, 136.88272892, 42.142, -3809941.522, 3567434.979, 3653622.555, -1.619,  1.966, 336.999,  0.009, -0.001, -0.002
195557.6, 2270, 35.17328707, 136.88272892, 42.142, -3809941.522, 3567434.979, 3653622.555, -1.616,  1.969, 337.001,  0.005, -0.002, -0.004
195557.8, 2270, 35.17328707, 136.88272892, 42.142, -3809941.522, 3567434.979, 3653622.555, -1.619,  1.968, 336.998,  0.008, -0.002, -0.002
195558.0, 2270, 35.17328707, 136.88272892, 42.142, -3809941.522, 3567434.979, 3653622.555, -1.617,  1.968, 337.000,  0.009, -0.002, -0.004
195558.2, 2270, 35.17328707, 136.88272892, 42.142, -3809941.522, 3567434.979, 3653622.555, -1.619,  1.968, 336.999,  0.006, -0.003, -0.003
195558.4, 2270, 35.17328707, 136.88272892, 42.142, -3809941.522, 3567434.979, 3653622.555, -1.616,  1.969, 336.999,  0.011,  0.000, -0.002
195558.6, 2270, 35.17328707, 136.88272892, 42.142, -3809941.522, 3567434.979, 3653622.555, -1.615,  1.968, 337.000,  0.008, -0.004, -0.004
195558.8, 2270, 35.17328707, 136.88272892, 42.142, -3809941.522, 3567434.979, 3653622.555, -1.617,  1.968, 337.000,  0.010, -0.000, -0.003
195559.0, 2270, 35.17328707, 136.88272892, 42.142, -3809941.522, 3567434.979, 3653622.555, -1.616,  1.968, 337.000,  0.010, -0.003, -0.003
195559.2, 2270, 35.17328707, 136.88272892, 42.142, -3809941.522, 3567434.979, 3653622.555, -1.617,  1.968, 336.999,  0.008, -0.000, -0.005
195559.4, 2270, 35.17328707, 136.88272892, 42.142, -3809941.522, 3567434.979, 3653622.555, -1.617,  1.969, 336.999,  0.010, -0.003, -0.003
195559.6, 2270, 35.17328707, 136.88272892, 42.142, -3809941.522, 3567434.979, 3653622.555, -1.618,  1.969, 336.997,  0.010, -0.003, -0.003
195559.8, 2270, 35.17328707, 136.88272892, 42.142, -3809941.522, 3567434.979, 3653622.555, -1.617,  1.968, 336.998,  0.012, -0.003, -0.005
195560.0, 2270, 35.17328707, 136.88272892, 42.142, -3809941.522, 3567434.979, 3653622.555, -1.616,  1.968, 336.998,  0.010, -0.003, -0.004
195560.2, 2270, 35.17328707, 136.88272892, 42.142, -3809941.522, 3567434.979, 3653622.555, -1.617,  1.968, 336.998,  0.012, -0.000, -0.005
195560.4, 2270, 35.17328707, 136.88272892, 42.142, -3809941.522, 3567434.979, 3653622.555, -1.616,  1.967, 336.997,  0.010, -0.003, -0.004
195560.6, 2270, 35.17328707, 136.88272892, 42.142, -3809941.522, 3567434.979, 3653622.555, -1.618,  1.967, 336.998,  0.012, -0.002, -0.004
195560.8, 2270, 35.17328707, 136.88272892, 42.142, -3809941.522, 3567434.979, 3653622.555, -1.617,  1.966, 336.998,  0.012, -0.001, -0.005
195561.0, 2270, 35.17328707, 136.88272892, 42.142, -3809941.522, 3567434.979, 3653622.555, -1.617,  1.967, 336.999,  0.010, -0.002, -0.005
195561.2, 2270, 35.17328707, 136.88272892, 42.142, -3809941.522, 3567434.979, 3653622.555, -1.615,  1.966, 336.999,  0.012, -0.002, -0.005
195561.4, 2270, 35.17328707, 136.88272892, 42.142, -3809941.522, 3567434.979, 3653622.555, -1.617,  1.966, 337.000,  0.011, -0.001, -0.004
195561.6, 2270, 35.17328707, 136.88272892, 42.142, -3809941.522, 3567434.979, 3653622.555, -1.616,  1.966, 336.998,  0.012, -0.002, -0.006
195561.8, 2270, 35.17328707, 136.88272892, 42.142, -3809941.522, 3567434.979, 3653622.555, -1.615,  1.964, 336.997,  0.013, -0.002, -0.003
195562.0, 2270, 35.17328707, 136.88272892, 42.142, -3809941.522, 3567434.979, 3653622.555, -1.617,  1.965, 336.997,  0.013, -0.001, -0.006
195562.2, 2270, 35.17328707, 136.88272892, 42.142, -3809941.522, 3567434.979, 3653622.555, -1.614,  1.965, 336.995,  0.012, -0.003, -0.006
195562.4, 2270, 35.17328707, 136.88272892, 42.142, -3809941.522, 3567434.979, 3653622.555, -1.617,  1.965, 336.994,  0.013, -0.000, -0.005
195562.6, 2270, 35.17328707, 136.88272892, 42.142, -3809941.522, 3567434.979, 3653622.555, -1.616,  1.965, 336.994,  0.012, -0.002, -0.007
195562.8, 2270, 35.17328707, 136.88272892, 42.142, -3809941.522, 3567434.979, 3653622.555, -1.617,  1.964, 336.995,  0.013, -0.001, -0.006
195563.0, 2270, 35.17328707, 136.88272892, 42.142, -3809941.522, 3567434.979, 3653622.555, -1.617,  1.964, 336.995,  0.013,  0.000, -0.006
195563.2, 2270, 35.17328707, 136.88272892, 42.142, -3809941.522, 3567434.979, 3653622.555, -1.618,  1.964, 336.996,  0.013, -0.001, -0.007
195563.4, 2270, 35.17328707, 136.88272892, 42.142, -3809941.522, 3567434.979, 3653622.555, -1.617,  1.963, 336.996,  0.013, -0.002, -0.006
195563.6, 2270, 35.17328707, 136.88272892, 42.142, -3809941.522, 3567434.979, 3653622.555, -1.617,  1.964, 336.996,  0.012, -0.000, -0.007
195563.8, 2270, 35.17328707, 136.88272892, 42.142, -3809941.522, 3567434.979, 3653622.555, -1.618,  1.965, 336.995,  0.013, -0.001, -0.006
195564.0, 2270, 35.17328707, 136.88272892, 42.142, -3809941.522, 3567434.979, 3653622.555, -1.618,  1.964, 336.995,  0.013,  0.000, -0.006
195564.2, 2270, 35.17328707, 136.88272892, 42.142, -3809941.522, 3567434.979, 3653622.555, -1.618,  1.965, 336.996,  0.012, -0.001, -0.007
195564.4, 2270, 35.17328707, 136.88272892, 42.142, -3809941.522, 3567434.979, 3653622.555, -1.619,  1.965, 336.996,  0.014,  0.001, -0.007
195564.6, 2270, 35.17328707, 136.88272892, 42.142, -3809941.522, 3567434.979, 3653622.555, -1.620,  1.965, 336.996,  0.014,  0.003, -0.006
195564.8, 2270, 35.17328707, 136.88272892, 42.142, -3809941.522, 3567434.979, 3653622.555, -1.620,  1.965, 336.997,  0.012, -0.001, -0.006
195565.0, 2270, 35.17328707, 136.88272892, 42.142, -3809941.522, 3567434.979, 3653622.555, -1.623,  1.965, 336.997,  0.012,  0.000, -0.007
195565.2, 2270, 35.17328707, 136.88272892, 42.142, -3809941.522, 3567434.979, 3653622.555, -1.621,  1.966, 336.997,  0.012, -0.000, -0.006
195565.4, 2270, 35.17328707, 136.88272892, 42.142, -3809941.522, 3567434.979, 3653622.555, -1.621,  1.965, 336.997,  0.011, -0.001, -0.007
195565.6, 2270, 35.17328707, 136.88272892, 42.142, -3809941.522, 3567434.979, 3653622.555, -1.620,  1.967, 336.997,  0.013,  0.001, -0.006
195565.8, 2270, 35.17328707, 136.88272892, 42.142, -3809941.522, 3567434.979, 3653622.555, -1.622,  1.965, 336.997,  0.011, -0.000, -0.007
195566.0, 2270, 35.17328707, 136.88272892, 42.142, -3809941.522, 3567434.979, 3653622.555, -1.620,  1.965, 336.998,  0.012,  0.002, -0.007
195566.2, 2270, 35.17328707, 136.88272892, 42.142, -3809941.522, 3567434.979, 3653622.555, -1.622,  1.966, 336.997,  0.011,  0.000, -0.007
195566.4, 2270, 35.17328707, 136.88272892, 42.142, -3809941.522, 3567434.979, 3653622.555, -1.620,  1.966, 336.996,  0.009, -0.001, -0.006
195566.6, 2270, 35.17328707, 136.88272892, 42.142, -3809941.522, 3567434.979, 3653622.555, -1.624,  1.965, 336.998,  0.010, -0.001, -0.008
195566.8, 2270, 35.17328707, 136.88272892, 42.142, -3809941.522, 3567434.979, 3653622.555, -1.618,  1.964, 336.997,  0.010,  0.002, -0.008
195567.0, 2270, 35.17328707, 136.88272892, 42.142, -3809941.522, 3567434.979, 3653622.555, -1.624,  1.964, 336.995,  0.010, -0.001, -0.007
195567.2, 2270, 35.17328707, 136.88272892, 42.142, -3809941.522, 3567434.979, 3653622.555, -1.621,  1.964, 336.997,  0.010,  0.001, -0.007
195567.4, 2270, 35.17328707, 136.88272892, 42.142, -3809941.522, 3567434.979, 3653622.555, -1.620,  1.963, 336.997,  0.008, -0.000, -0.007
195567.6, 2270, 35.17328707, 136.88272892, 42.142, -3809941.522, 3567434.979, 3653622.555, -1.620,  1.965, 336.996,  0.009,  0.001, -0.006
195567.8, 2270, 35.17328707, 136.88272892, 42.142, -3809941.522, 3567434.979, 3653622.555, -1.621,  1.964, 336.997,  0.009,  0.001, -0.009
195568.0, 2270, 35.17328707, 136.88272892, 42.142, -3809941.522, 3567434.979, 3653622.555, -1.623,  1.964, 336.995,  0.006,  0.003, -0.007
195568.2, 2270, 35.17328707, 136.88272892, 42.142, -3809941.522, 3567434.979, 3653622.555, -1.622,  1.966, 336.996,  0.008, -0.001, -0.008
195568.4, 2270, 35.17328707, 136.88272892, 42.142, -3809941.522, 3567434.979, 3653622.555, -1.622,  1.963, 336.997,  0.007,  0.002, -0.008
195568.6, 2270, 35.17328707, 136.88272892, 42.142, -3809941.522, 3567434.979, 3653622.555, -1.621,  1.963, 336.998,  0.008,  0.000, -0.007
195568.8, 2270, 35.17328707, 136.88272892, 42.142, -3809941.522, 3567434.979, 3653622.555, -1.624,  1.961, 336.998,  0.009,  0.002, -0.007
195569.0, 2270, 35.17328707, 136.88272892, 42.141, -3809941.522, 3567434.978, 3653622.554, -1.624,  1.963, 336.997,  0.007, -0.001, -0.008
195569.2, 2270, 35.17328707, 136.88272894, 42.140, -3809941.522, 3567434.976, 3653622.554, -1.623,  1.961, 336.998,  0.007, -0.000, -0.007
195569.4, 2270, 35.17328709, 136.88272895, 42.137, -3809941.520, 3567434.973, 3653622.554, -1.627,  1.997, 337.003, -0.007,  0.030, -0.019
195569.6, 2270, 35.17328722, 136.88272890, 42.133, -3809941.509, 3567434.969, 3653622.563, -1.642,  2.064, 336.995, -0.037,  0.110, -0.013
195569.8, 2270, 35.17328749, 136.88272879, 42.131, -3809941.488, 3567434.964, 3653622.587, -1.648,  2.061, 336.995, -0.069,  0.185, -0.005
195570.0, 2270, 35.17328787, 136.88272860, 42.131, -3809941.459, 3567434.959, 3653622.621, -1.642,  2.044, 337.002, -0.094,  0.245, -0.000
195570.2, 2270, 35.17328834, 136.88272833, 42.132, -3809941.420, 3567434.957, 3653622.665, -1.645,  2.014, 336.993, -0.114,  0.298, -0.003
195570.4, 2270, 35.17328891, 136.88272799, 42.133, -3809941.373, 3567434.956, 3653622.716, -1.658,  2.006, 337.008, -0.143,  0.358, -0.006
195570.6, 2270, 35.17328958, 136.88272758, 42.133, -3809941.317, 3567434.953, 3653622.778, -1.700,  1.984, 337.009, -0.168,  0.419, -0.010
195570.8, 2270, 35.17329038, 136.88272713, 42.133, -3809941.251, 3567434.949, 3653622.850, -1.717,  1.960, 337.016, -0.199,  0.490, -0.006
195571.0, 2270, 35.17329130, 136.88272661, 42.135, -3809941.177, 3567434.944, 3653622.935, -1.706,  1.908, 337.027, -0.218,  0.551,  0.002
195571.2, 2270, 35.17329232, 136.88272606, 42.136, -3809941.095, 3567434.937, 3653623.028, -1.693,  1.875, 337.041, -0.243,  0.602, -0.012
195571.4, 2270, 35.17329344, 136.88272545, 42.136, -3809941.005, 3567434.928, 3653623.129, -1.695,  1.871, 337.056, -0.259,  0.653, -0.010
195571.6, 2270, 35.17329467, 136.88272479, 42.135, -3809940.907, 3567434.918, 3653623.240, -1.673,  1.883, 337.062, -0.287,  0.731, -0.014
195571.8, 2270, 35.17329603, 136.88272407, 42.134, -3809940.797, 3567434.905, 3653623.363, -1.623,  1.904, 337.075, -0.317,  0.804, -0.015
195572.0, 2270, 35.17329755, 136.88272328, 42.132, -3809940.676, 3567434.891, 3653623.499, -1.591,  1.960, 337.097, -0.358,  0.902, -0.020
195572.2, 2270, 35.17329928, 136.88272244, 42.127, -3809940.540, 3567434.868, 3653623.654, -1.561,  2.006, 337.120, -0.406,  1.025, -0.016
195572.4, 2270, 35.17330126, 136.88272149, 42.124, -3809940.387, 3567434.844, 3653623.831, -1.508,  2.003, 337.156, -0.467,  1.170, -0.014
195572.6, 2270, 35.17330350, 136.88272040, 42.120, -3809940.213, 3567434.816, 3653624.032, -1.443,  2.039, 337.187, -0.522,  1.318, -0.016
195572.8, 2270, 35.17330602, 136.88271918, 42.117, -3809940.017, 3567434.785, 3653624.259, -1.372,  2.068, 337.215, -0.593,  1.475, -0.014
195573.0, 2270, 35.17330880, 136.88271780, 42.111, -3809939.798, 3567434.752, 3653624.508, -1.405,  2.205, 337.181, -0.668,  1.608, -0.040
195573.2, 2270, 35.17331188, 136.88271626, 42.104, -3809939.554, 3567434.716, 3653624.783, -1.450,  2.388, 337.147, -0.742,  1.824, -0.019
195573.4, 2270, 35.17331535, 136.88271458, 42.100, -3809939.285, 3567434.674, 3653625.096, -1.281,  2.286, 337.131, -0.783,  2.012, -0.017
195573.6, 2270, 35.17331915, 136.88271275, 42.096, -3809938.992, 3567434.627, 3653625.438, -1.091,  2.370, 337.118, -0.880,  2.208, -0.010
195573.8, 2270, 35.17332329, 136.88271070, 42.094, -3809938.669, 3567434.581, 3653625.812, -1.033,  2.356, 337.105, -0.985,  2.390, -0.014
195574.0, 2270, 35.17332775, 136.88270846, 42.089, -3809938.319, 3567434.533, 3653626.213, -1.086,  2.351, 337.066, -1.057,  2.553, -0.028
195574.2, 2270, 35.17333250, 136.88270604, 42.086, -3809937.945, 3567434.485, 3653626.643, -1.190,  2.294, 337.037, -1.151,  2.733,  0.011
195574.4, 2270, 35.17333757, 136.88270347, 42.082, -3809937.546, 3567434.431, 3653627.100, -1.254,  2.230, 337.004, -1.187,  2.890, -0.044
195574.6, 2270, 35.17334293, 136.88270080, 42.074, -3809937.125, 3567434.371, 3653627.582, -1.218,  2.332, 336.983, -1.262,  3.059, -0.025
195574.8, 2270, 35.17334857, 136.88269794, 42.070, -3809936.681, 3567434.312, 3653628.091, -1.311,  2.443, 336.984, -1.350,  3.191, -0.022
195575.0, 2270, 35.17335447, 136.88269491, 42.067, -3809936.215, 3567434.254, 3653628.624, -1.498,  2.587, 337.020, -1.414,  3.345, -0.021
195575.2, 2270, 35.17336064, 136.88269179, 42.060, -3809935.730, 3567434.189, 3653629.179, -1.575,  2.843, 337.048, -1.449,  3.500, -0.035
195575.4, 2270, 35.17336709, 136.88268854, 42.056, -3809935.224, 3567434.121, 3653629.762, -1.628,  2.857, 337.163, -1.511,  3.650,  0.014
195575.6, 2270, 35.17337378, 136.88268519, 42.061, -3809934.706, 3567434.054, 3653630.372, -1.703,  2.590, 337.312, -1.533,  3.762,  0.040
195575.8, 2270, 35.17338061, 136.88268181, 42.067, -3809934.181, 3567433.984, 3653630.995, -1.725,  2.421, 337.494, -1.541,  3.828,  0.038
195576.0, 2270, 35.17338753, 136.88267841, 42.072, -3809933.649, 3567433.910, 3653631.625, -1.756,  2.307, 337.671, -1.543,  3.846,  0.012
195576.2, 2270, 35.17339442, 136.88267499, 42.071, -3809933.114, 3567433.836, 3653632.250, -1.781,  2.251, 337.829, -1.507,  3.828, -0.025
195576.4, 2270, 35.17340127, 136.88267165, 42.069, -3809932.585, 3567433.757, 3653632.869, -1.715,  2.293, 337.990, -1.489,  3.806, -0.002
195576.6, 2270, 35.17340807, 136.88266836, 42.073, -3809932.065, 3567433.682, 3653633.489, -1.663,  2.324, 338.111, -1.477,  3.781,  0.023
195576.8, 2270, 35.17341485, 136.88266503, 42.075, -3809931.544, 3567433.608, 3653634.104, -1.791,  2.216, 338.211, -1.470,  3.741, -0.008
195577.0, 2270, 35.17342155, 136.88266184, 42.074, -3809931.032, 3567433.527, 3653634.711, -1.656,  2.454, 338.275, -1.422,  3.727, -0.011
195577.2, 2270, 35.17342826, 136.88265870, 42.074, -3809930.523, 3567433.443, 3653635.320, -1.595,  2.435, 338.286, -1.457,  3.728,  0.024
195577.4, 2270, 35.17343494, 136.88265551, 42.073, -3809930.012, 3567433.363, 3653635.925, -1.687,  2.375, 338.300, -1.468,  3.690, -0.032
195577.6, 2270, 35.17344160, 136.88265237, 42.073, -3809929.506, 3567433.281, 3653636.529, -1.684,  2.259, 338.295, -1.426,  3.687,  0.022
195577.8, 2270, 35.17344823, 136.88264928, 42.078, -3809929.007, 3567433.199, 3653637.133, -1.568,  2.131, 338.318, -1.398,  3.667,  0.024
195578.0, 2270, 35.17345477, 136.88264621, 42.077, -3809928.510, 3567433.117, 3653637.726, -1.535,  2.019, 338.325, -1.386,  3.598, -0.019
195578.2, 2270, 35.17346120, 136.88264319, 42.070, -3809928.018, 3567433.033, 3653638.305, -1.529,  2.154, 338.358, -1.376,  3.551, -0.022
195578.4, 2270, 35.17346758, 136.88264014, 42.067, -3809927.529, 3567432.955, 3653638.882, -1.681,  2.055, 338.364, -1.385,  3.528, -0.002
195578.6, 2270, 35.17347389, 136.88263718, 42.064, -3809927.048, 3567432.875, 3653639.452, -1.689,  2.046, 338.401, -1.330,  3.470, -0.023
195578.8, 2270, 35.17348011, 136.88263430, 42.061, -3809926.577, 3567432.794, 3653640.014, -1.611,  2.083, 338.428, -1.299,  3.427,  0.001
195579.0, 2270, 35.17348619, 136.88263146, 42.059, -3809926.116, 3567432.716, 3653640.565, -1.618,  2.054, 338.465, -1.295,  3.319, -0.019
195579.2, 2270, 35.17349208, 136.88262866, 42.053, -3809925.663, 3567432.641, 3653641.096, -1.755,  2.244, 338.515, -1.264,  3.237, -0.029
195579.4, 2270, 35.17349787, 136.88262595, 42.050, -3809925.222, 3567432.566, 3653641.619, -1.823,  2.323, 338.525, -1.230,  3.187, -0.003
195579.6, 2270, 35.17350356, 136.88262330, 42.048, -3809924.790, 3567432.493, 3653642.134, -1.832,  2.379, 338.552, -1.190,  3.124, -0.013
195579.8, 2270, 35.17350917, 136.88262070, 42.046, -3809924.366, 3567432.420, 3653642.641, -1.810,  2.384, 338.568, -1.172,  3.093,  0.006
195580.0, 2270, 35.17351469, 136.88261815, 42.048, -3809923.951, 3567432.350, 3653643.143, -1.762,  2.307, 338.561, -1.158,  3.035,  0.016
195580.2, 2270, 35.17352009, 136.88261557, 42.051, -3809923.540, 3567432.287, 3653643.634, -1.782,  2.274, 338.578, -1.150,  2.991, -0.001
195580.4, 2270, 35.17352542, 136.88261301, 42.052, -3809923.132, 3567432.225, 3653644.118, -1.847,  2.197, 338.576, -1.130,  2.950,  0.001
195580.6, 2270, 35.17353068, 136.88261050, 42.053, -3809922.731, 3567432.162, 3653644.596, -1.835,  2.157, 338.565, -1.115,  2.921, -0.013
195580.8, 2270, 35.17353589, 136.88260802, 42.052, -3809922.333, 3567432.100, 3653645.068, -1.835,  2.100, 338.568, -1.108,  2.881, -0.007
195581.0, 2270, 35.17354102, 136.88260557, 42.054, -3809921.942, 3567432.039, 3653645.535, -1.833,  2.070, 338.560, -1.086,  2.848,  0.000
195581.2, 2270, 35.17354612, 136.88260320, 42.052, -3809921.556, 3567431.973, 3653645.996, -1.825,  2.026, 338.547, -1.067,  2.813, -0.012
195581.4, 2270, 35.17355112, 136.88260090, 42.049, -3809921.178, 3567431.906, 3653646.448, -1.736,  2.047, 338.553, -1.033,  2.737, -0.006
195581.6, 2270, 35.17355598, 136.88259866, 42.047, -3809920.811, 3567431.841, 3653646.887, -1.680,  2.106, 338.558, -1.011,  2.645, -0.018
195581.8, 2270, 35.17356068, 136.88259646, 42.043, -3809920.452, 3567431.780, 3653647.311, -1.733,  2.175, 338.539, -0.993,  2.579, -0.011
195582.0, 2270, 35.17356525, 136.88259432, 42.040, -3809920.103, 3567431.721, 3653647.724, -1.770,  2.207, 338.545, -0.966,  2.492, -0.017
195582.2, 2270, 35.17356968, 136.88259222, 42.040, -3809919.766, 3567431.667, 3653648.125, -1.685,  2.269, 338.535, -0.912,  2.442, -0.005
195582.4, 2270, 35.17357402, 136.88259017, 42.041, -3809919.436, 3567431.614, 3653648.520, -1.608,  2.150, 338.536, -0.909,  2.387, -0.002
195582.6, 2270, 35.17357823, 136.88258814, 42.042, -3809919.114, 3567431.566, 3653648.902, -1.620,  2.013, 338.525, -0.890,  2.301, -0.002
195582.8, 2270, 35.17358230, 136.88258616, 42.044, -3809918.802, 3567431.520, 3653649.272, -1.660,  1.928, 338.535, -0.857,  2.231, -0.005
195583.0, 2270, 35.17358624, 136.88258429, 42.044, -3809918.502, 3567431.473, 3653649.630, -1.605,  1.899, 338.526, -0.812,  2.148,  0.001
195583.2, 2270, 35.17359001, 136.88258255, 42.045, -3809918.218, 3567431.425, 3653649.972, -1.566,  1.804, 338.531, -0.774,  2.031,  0.004
195583.4, 2270, 35.17359356, 136.88258092, 42.043, -3809917.950, 3567431.378, 3653650.293, -1.507,  1.776, 338.519, -0.719,  1.904, -0.017
195583.6, 2270, 35.17359686, 136.88257938, 42.038, -3809917.697, 3567431.333, 3653650.588, -1.537,  1.835, 338.535, -0.682,  1.755, -0.035
195583.8, 2270, 35.17359994, 136.88257792, 42.031, -3809917.459, 3567431.291, 3653650.864, -1.604,  1.893, 338.521, -0.647,  1.678, -0.026
195584.0, 2270, 35.17360293, 136.88257655, 42.027, -3809917.231, 3567431.249, 3653651.133, -1.540,  1.936, 338.509, -0.611,  1.645, -0.021
195584.2, 2270, 35.17360585, 136.88257515, 42.025, -3809917.007, 3567431.213, 3653651.397, -1.516,  1.933, 338.463, -0.630,  1.616, -0.013
195584.4, 2270, 35.17360872, 136.88257372, 42.024, -3809916.784, 3567431.183, 3653651.657, -1.622,  1.885, 338.402, -0.625,  1.582, -0.015
195584.6, 2270, 35.17361153, 136.88257234, 42.023, -3809916.565, 3567431.151, 3653651.911, -1.679,  1.890, 338.346, -0.596,  1.555, -0.017
195584.8, 2270, 35.17361430, 136.88257100, 42.023, -3809916.353, 3567431.120, 3653652.161, -1.659,  1.863, 338.286, -0.589,  1.527, -0.007
195585.0, 2270, 35.17361698, 136.88256968, 42.023, -3809916.145, 3567431.090, 3653652.405, -1.674,  1.815, 338.198, -0.569,  1.456, -0.007
195585.2, 2270, 35.17361948, 136.88256844, 42.024, -3809915.952, 3567431.064, 3653652.632, -1.685,  1.791, 338.119, -0.521,  1.330, -0.013
195585.4, 2270, 35.17362176, 136.88256730, 42.023, -3809915.775, 3567431.040, 3653652.838, -1.710,  1.801, 338.027, -0.479,  1.216, -0.020
195585.6, 2270, 35.17362381, 136.88256627, 42.022, -3809915.614, 3567431.018, 3653653.024, -1.724,  1.825, 337.952, -0.415,  1.078, -0.012
195585.8, 2270, 35.17362559, 136.88256537, 42.022, -3809915.474, 3567431.000, 3653653.186, -1.725,  1.870, 337.880, -0.362,  0.925, -0.013
195586.0, 2270, 35.17362712, 136.88256458, 42.021, -3809915.354, 3567430.985, 3653653.323, -1.755,  1.933, 337.814, -0.315,  0.792, -0.019
195586.2, 2270, 35.17362845, 136.88256394, 42.018, -3809915.250, 3567430.968, 3653653.442, -1.751,  1.964, 337.769, -0.268,  0.687, -0.014
195586.4, 2270, 35.17362960, 136.88256340, 42.015, -3809915.161, 3567430.952, 3653653.545, -1.752,  1.983, 337.719, -0.231,  0.586, -0.013
195586.6, 2270, 35.17363056, 136.88256293, 42.013, -3809915.085, 3567430.940, 3653653.631, -1.777,  2.000, 337.676, -0.194,  0.489, -0.011
195586.8, 2270, 35.17363136, 136.88256255, 42.010, -3809915.023, 3567430.929, 3653653.702, -1.788,  2.021, 337.639, -0.153,  0.398, -0.010
195587.0, 2270, 35.17363199, 136.88256224, 42.008, -3809914.973, 3567430.921, 3653653.758, -1.803,  2.042, 337.614, -0.121,  0.308, -0.009
195587.2, 2270, 35.17363246, 136.88256195, 42.009, -3809914.934, 3567430.920, 3653653.801, -1.822,  2.050, 337.590, -0.089,  0.228, -0.009
195587.4, 2270, 35.17363278, 136.88256174, 42.009, -3809914.906, 3567430.921, 3653653.830, -1.826,  2.060, 337.576, -0.052,  0.150, -0.006
195587.6, 2270, 35.17363296, 136.88256159, 42.010, -3809914.889, 3567430.923, 3653653.847, -1.831,  2.061, 337.563, -0.024,  0.069, -0.008
195587.8, 2270, 35.17363303, 136.88256151, 42.010, -3809914.881, 3567430.926, 3653653.853, -1.834,  2.099, 337.558, -0.002,  0.029, -0.008
195588.0, 2270, 35.17363303, 136.88256150, 42.010, -3809914.880, 3567430.926, 3653653.853, -1.837,  2.101, 337.554,  0.008, -0.007, -0.006
195588.2, 2270, 35.17363302, 136.88256150, 42.011, -3809914.881, 3567430.926, 3653653.853, -1.839,  2.128, 337.554,  0.006,  0.004, -0.004
195588.4, 2270, 35.17363303, 136.88256150, 42.011, -3809914.881, 3567430.926, 3653653.853, -1.839,  2.116, 337.555,  0.006, -0.002, -0.010
195588.6, 2270, 35.17363303, 136.88256150, 42.011, -3809914.881, 3567430.926, 3653653.853, -1.837,  2.123, 337.555,  0.005,  0.004, -0.004
195588.8, 2270, 35.17363303, 136.88256150, 42.011, -3809914.881, 3567430.926, 3653653.853, -1.836,  2.123, 337.556,  0.008,  0.001, -0.007
195589.0, 2270, 35.17363303, 136.88256150, 42.011, -3809914.881, 3567430.926, 3653653.853, -1.835,  2.121, 337.556,  0.004,  0.003, -0.005
195589.2, 2270, 35.17363303, 136.88256150, 42.011, -3809914.881, 3567430.926, 3653653.853, -1.838,  2.120, 337.557,  0.009,  0.001, -0.003
195589.4, 2270, 35.17363303, 136.88256150, 42.011, -3809914.881, 3567430.926, 3653653.853, -1.829,  2.120, 337.559,  0.005,  0.005, -0.006
195589.6, 2270, 35.17363303, 136.88256150, 42.011, -3809914.880, 3567430.926, 3653653.853, -1.835,  2.112, 337.556,  0.009, -0.002, -0.004
195589.8, 2270, 35.17363303, 136.88256150, 42.010, -3809914.880, 3567430.926, 3653653.853, -1.838,  2.112, 337.560,  0.007,  0.005, -0.004
195590.0, 2270, 35.17363303, 136.88256150, 42.011, -3809914.881, 3567430.926, 3653653.853, -1.833,  2.115, 337.559,  0.008, -0.000, -0.005
195590.2, 2270, 35.17363303, 136.88256150, 42.010, -3809914.880, 3567430.926, 3653653.853, -1.841,  2.108, 337.558,  0.002,  0.002, -0.006
195590.4, 2270, 35.17363303, 136.88256150, 42.011, -3809914.881, 3567430.926, 3653653.853, -1.834,  2.112, 337.558,  0.010,  0.003, -0.004
195590.6, 2270, 35.17363303, 136.88256150, 42.010, -3809914.880, 3567430.926, 3653653.853, -1.837,  2.108, 337.559,  0.006,  0.001, -0.006
195590.8, 2270, 35.17363303, 136.88256150, 42.010, -3809914.880, 3567430.926, 3653653.853, -1.840,  2.108, 337.558,  0.006,  0.001, -0.005
195591.0, 2270, 35.17363303, 136.88256150, 42.010, -3809914.880, 3567430.926, 3653653.853, -1.834,  2.103, 337.556,  0.006,  0.001, -0.003
195591.2, 2270, 35.17363303, 136.88256150, 42.010, -3809914.880, 3567430.926, 3653653.853, -1.841,  2.103, 337.559,  0.006,  0.002, -0.004
195591.4, 2270, 35.17363303, 136.88256150, 42.010, -3809914.880, 3567430.926, 3653653.853, -1.841,  2.103, 337.560,  0.007,  0.003, -0.005
195591.6, 2270, 35.17363303, 136.88256150, 42.010, -3809914.880, 3567430.926, 3653653.853, -1.836,  2.102, 337.558,  0.005,  0.004, -0.005
195591.8, 2270, 35.17363303, 136.88256150, 42.010, -3809914.880, 3567430.926, 3653653.853, -1.843,  2.103, 337.561,  0.006,  0.001, -0.004
195592.0, 2270, 35.17363303, 136.88256150, 42.010, -3809914.880, 3567430.926, 3653653.853, -1.840,  2.100, 337.558,  0.008,  0.002, -0.004
195592.2, 2270, 35.17363303, 136.88256150, 42.010, -3809914.880, 3567430.926, 3653653.853, -1.839,  2.103, 337.559,  0.004,  0.003, -0.005
195592.4, 2270, 35.17363303, 136.88256150, 42.010, -3809914.880, 3567430.926, 3653653.853, -1.842,  2.102, 337.560,  0.007,  0.003, -0.004
195592.6, 2270, 35.17363303, 136.88256150, 42.010, -3809914.880, 3567430.926, 3653653.853, -1.836,  2.102, 337.559,  0.006,  0.004, -0.004
195592.8, 2270, 35.17363303, 136.88256150, 42.010, -3809914.880, 3567430.926, 3653653.853, -1.841,  2.102, 337.559,  0.005, -0.001, -0.004
195593.0, 2270, 35.17363303, 136.88256150, 42.010, -3809914.880, 3567430.926, 3653653.853, -1.840,  2.100, 337.561,  0.008,  0.004, -0.004
195593.2, 2270, 35.17363303, 136.88256150, 42.010, -3809914.880, 3567430.926, 3653653.853, -1.840,  2.102, 337.558,  0.003,  0.002, -0.005
195593.4, 2270, 35.17363303, 136.88256150, 42.010, -3809914.880, 3567430.926, 3653653.853, -1.839,  2.100, 337.559,  0.007,  0.006, -0.004
195593.6, 2270, 35.17363303, 136.88256150, 42.010, -3809914.880, 3567430.926, 3653653.853, -1.830,  2.101, 337.560,  0.003,  0.003, -0.005
195593.8, 2270, 35.17363303, 136.88256150, 42.010, -3809914.880, 3567430.926, 3653653.853, -1.843,  2.099, 337.561,  0.003,  0.001, -0.006
195594.0, 2270, 35.17363303, 136.88256150, 42.010, -3809914.880, 3567430.926, 3653653.853, -1.840,  2.099, 337.560,  0.006,  0.005, -0.004
195594.2, 2270, 35.17363303, 136.88256150, 42.010, -3809914.880, 3567430.926, 3653653.853, -1.841,  2.100, 337.559, -0.000, -0.001, -0.007
195594.4, 2270, 35.17363303, 136.88256150, 42.010, -3809914.880, 3567430.926, 3653653.853, -1.847,  2.097, 337.560,  0.005,  0.007, -0.003
195594.6, 2270, 35.17363303, 136.88256150, 42.010, -3809914.880, 3567430.926, 3653653.853, -1.835,  2.099, 337.559,  0.003,  0.001, -0.006
195594.8, 2270, 35.17363303, 136.88256150, 42.010, -3809914.880, 3567430.926, 3653653.853, -1.849,  2.095, 337.562,  0.004,  0.002, -0.003
195595.0, 2270, 35.17363303, 136.88256150, 42.010, -3809914.880, 3567430.926, 3653653.853, -1.839,  2.099, 337.560,  0.005,  0.004, -0.004
195595.2, 2270, 35.17363303, 136.88256150, 42.010, -3809914.880, 3567430.926, 3653653.853, -1.838,  2.099, 337.559,  0.001,  0.002, -0.004
195595.4, 2270, 35.17363303, 136.88256150, 42.010, -3809914.880, 3567430.926, 3653653.853, -1.840,  2.099, 337.559,  0.004,  0.003, -0.003
195595.6, 2270, 35.17363303, 136.88256150, 42.010, -3809914.880, 3567430.925, 3653653.853, -1.837,  2.099, 337.559,  0.001,  0.003, -0.006
195595.8, 2270, 35.17363304, 136.88256151, 42.009, -3809914.880, 3567430.924, 3653653.853, -1.839,  2.098, 337.558,  0.000,  0.001, -0.005
195596.0, 2270, 35.17363306, 136.88256150, 42.007, -3809914.877, 3567430.922, 3653653.855, -1.834,  2.144, 337.551, -0.011,  0.038, -0.017
195596.2, 2270, 35.17363321, 136.88256144, 42.004, -3809914.865, 3567430.918, 3653653.866, -1.826,  2.218, 337.546, -0.046,  0.122, -0.011
195596.4, 2270, 35.17363354, 136.88256129, 42.002, -3809914.838, 3567430.913, 3653653.894, -1.824,  2.292, 337.522, -0.096,  0.248, -0.011
195596.6, 2270, 35.17363413, 136.88256100, 41.999, -3809914.791, 3567430.905, 3653653.946, -1.837,  2.378, 337.484, -0.165,  0.414, -0.008
195596.8, 2270, 35.17363503, 136.88256057, 41.998, -3809914.721, 3567430.894, 3653654.027, -1.840,  2.403, 337.418, -0.233,  0.578, -0.005
195597.0, 2270, 35.17363622, 136.88255997, 41.996, -3809914.628, 3567430.880, 3653654.135, -1.828,  2.438, 337.343, -0.300,  0.749, -0.007
195597.2, 2270, 35.17363770, 136.88255917, 41.996, -3809914.509, 3567430.869, 3653654.269, -1.850,  2.469, 337.234, -0.376,  0.906, -0.008
195597.4, 2270, 35.17363945, 136.88255822, 41.997, -3809914.368, 3567430.856, 3653654.427, -1.878,  2.491, 337.114, -0.433,  1.049, -0.007
195597.6, 2270, 35.17364143, 136.88255716, 41.998, -3809914.211, 3567430.840, 3653654.608, -1.833,  2.543, 336.977, -0.478,  1.176,  0.004
195597.8, 2270, 35.17364364, 136.88255601, 42.001, -3809914.038, 3567430.822, 3653654.810, -1.707,  2.556, 336.849, -0.519,  1.289,  0.004
195598.0, 2270, 35.17364602, 136.88255474, 42.002, -3809913.848, 3567430.803, 3653655.026, -1.676,  2.574, 336.669, -0.588,  1.367, -0.012
195598.2, 2270, 35.17364854, 136.88255331, 42.002, -3809913.642, 3567430.788, 3653655.255, -1.836,  2.595, 336.396, -0.669,  1.444, -0.011
195598.4, 2270, 35.17365123, 136.88255177, 42.002, -3809913.420, 3567430.773, 3653655.499, -1.996,  2.608, 336.037, -0.696,  1.566, -0.018
195598.6, 2270, 35.17365417, 136.88255008, 41.999, -3809913.176, 3567430.756, 3653655.764, -2.145,  2.594, 335.584, -0.767,  1.697, -0.009
195598.8, 2270, 35.17365731, 136.88254826, 42.000, -3809912.917, 3567430.740, 3653656.050, -2.164,  2.586, 335.012, -0.821,  1.806,  0.011
195599.0, 2270, 35.17366062, 136.88254643, 42.009, -3809912.654, 3567430.722, 3653656.354, -1.811,  2.615, 334.337, -0.826,  1.856,  0.040
195599.2, 2270, 35.17366393, 136.88254449, 42.016, -3809912.383, 3567430.711, 3653656.659, -1.585,  2.631, 333.568, -0.886,  1.836,  0.018
195599.4, 2270, 35.17366724, 136.88254243, 42.019, -3809912.102, 3567430.704, 3653656.961, -1.443,  2.619, 332.645, -0.930,  1.866,  0.002
195599.6, 2270, 35.17367062, 136.88254027, 42.022, -3809911.812, 3567430.702, 3653657.268, -1.252,  2.607, 331.691, -0.993,  1.890,  0.006
195599.8, 2270, 35.17367404, 136.88253792, 42.024, -3809911.506, 3567430.710, 3653657.580, -1.220,  2.476, 330.617, -1.083,  1.942,  0.004
195600.0, 2270, 35.17367747, 136.88253536, 42.018, -3809911.184, 3567430.727, 3653657.888, -1.487,  2.560, 329.530, -1.137,  1.897, -0.031
195600.2, 2270, 35.17368094, 136.88253277, 42.023, -3809910.864, 3567430.750, 3653658.205, -1.428,  2.655, 328.267, -1.189,  1.985,  0.059
195600.4, 2270, 35.17368449, 136.88253004, 42.036, -3809910.536, 3567430.785, 3653658.535, -1.182,  2.326, 327.008, -1.244,  1.965,  0.040
195600.6, 2270, 35.17368794, 136.88252718, 42.038, -3809910.198, 3567430.825, 3653658.849, -1.126,  2.485, 325.507, -1.310,  1.905, -0.023
195600.8, 2270, 35.17369138, 136.88252420, 42.038, -3809909.852, 3567430.872, 3653659.161, -0.938,  2.748, 323.839, -1.359,  1.946,  0.005
195601.0, 2270, 35.17369484, 136.88252104, 42.037, -3809909.493, 3567430.931, 3653659.475, -0.738,  2.944, 322.039, -1.498,  1.902, -0.019
195601.2, 2270, 35.17369825, 136.88251751, 42.038, -3809909.114, 3567431.018, 3653659.784, -0.956,  2.995, 320.206, -1.634,  1.926,  0.015
195601.4, 2270, 35.17370177, 136.88251379, 42.041, -3809908.721, 3567431.113, 3653660.105, -0.821,  3.087, 318.278, -1.720,  2.007,  0.009
195601.6, 2270, 35.17370542, 136.88250981, 42.049, -3809908.308, 3567431.222, 3653660.441, -0.353,  2.941, 316.312, -1.881,  2.046,  0.046
195601.8, 2270, 35.17370900, 136.88250535, 42.057, -3809907.868, 3567431.367, 3653660.769, -0.576,  2.726, 314.252, -2.105,  1.939,  0.009
195602.0, 2270, 35.17371245, 136.88250054, 42.062, -3809907.410, 3567431.539, 3653661.085, -1.077,  2.704, 312.018, -2.251,  1.921,  0.001
195602.2, 2270, 35.17371591, 136.88249550, 42.065, -3809906.936, 3567431.725, 3653661.401, -1.260,  2.720, 309.686, -2.278,  1.962,  0.021
195602.4, 2270, 35.17371949, 136.88249045, 42.077, -3809906.462, 3567431.911, 3653661.732, -0.285,  3.142, 307.265, -2.338,  1.988,  0.030
195602.6, 2270, 35.17372294, 136.88248493, 42.087, -3809905.964, 3567432.133, 3653662.051,  0.220,  3.176, 304.745, -2.657,  1.854,  0.039
195602.8, 2270, 35.17372601, 136.88247877, 42.081, -3809905.434, 3567432.405, 3653662.326, -0.526,  3.050, 302.249, -2.867,  1.649, -0.047
195603.0, 2270, 35.17372897, 136.88247234, 42.081, -3809904.895, 3567432.703, 3653662.594, -1.057,  3.172, 299.711, -2.955,  1.697,  0.042
195603.2, 2270, 35.17373203, 136.88246563, 42.105, -3809904.349, 3567433.029, 3653662.886, -0.667,  2.704, 297.158, -3.106,  1.729,  0.161
195603.4, 2270, 35.17373492, 136.88245862, 42.116, -3809903.784, 3567433.376, 3653663.154, -0.309,  2.567, 294.696, -3.257,  1.504, -0.044
195603.6, 2270, 35.17373746, 136.88245119, 42.108, -3809903.198, 3567433.754, 3653663.379, -0.618,  2.637, 292.316, -3.471,  1.363, -0.022
195603.8, 2270, 35.17373983, 136.88244333, 42.113, -3809902.601, 3567434.176, 3653663.598, -1.017,  2.152, 290.033, -3.630,  1.286,  0.018
195604.0, 2270, 35.17374203, 136.88243519, 42.114, -3809901.992, 3567434.622, 3653663.798, -1.416,  1.911, 288.111, -3.724,  1.225, -0.011
195604.2, 2270, 35.17374426, 136.88242689, 42.109, -3809901.369, 3567435.074, 3653663.997, -1.190,  1.976, 286.716, -3.845,  1.248, -0.016
195604.4, 2270, 35.17374645, 136.88241831, 42.104, -3809900.730, 3567435.546, 3653664.193, -0.900,  1.772, 285.727, -3.956,  1.142, -0.047
195604.6, 2270, 35.17374835, 136.88240962, 42.090, -3809900.091, 3567436.032, 3653664.357, -1.351,  1.849, 285.088, -3.965,  0.995, -0.087
195604.8, 2270, 35.17375026, 136.88240094, 42.085, -3809899.459, 3567436.523, 3653664.528, -1.439,  1.869, 284.717, -3.917,  1.117, -0.002
195605.0, 2270, 35.17375230, 136.88239242, 42.082, -3809898.831, 3567436.999, 3653664.710, -0.968,  2.204, 284.491, -3.878,  1.124, -0.028
195605.2, 2270, 35.17375427, 136.88238383, 42.075, -3809898.200, 3567437.481, 3653664.886, -0.598,  2.331, 284.224, -3.958,  1.072, -0.023
195605.4, 2270, 35.17375613, 136.88237516, 42.070, -3809897.571, 3567437.973, 3653665.051, -0.636,  2.356, 283.917, -3.936,  0.989, -0.020
195605.6, 2270, 35.17375782, 136.88236649, 42.070, -3809896.952, 3567438.475, 3653665.205, -1.130,  2.325, 283.551, -3.970,  0.906,  0.032
195605.8, 2270, 35.17375948, 136.88235782, 42.071, -3809896.335, 3567438.980, 3653665.356, -1.511,  1.940, 283.162, -3.920,  0.944, -0.037
195606.0, 2270, 35.17376121, 136.88234933, 42.062, -3809895.721, 3567439.464, 3653665.507, -1.426,  1.943, 282.783, -3.830,  0.935, -0.028
195606.2, 2270, 35.17376289, 136.88234090, 42.065, -3809895.119, 3567439.952, 3653665.662, -1.173,  1.941, 282.492, -3.834,  0.879,  0.015
195606.4, 2270, 35.17376445, 136.88233245, 42.061, -3809894.518, 3567440.444, 3653665.801, -1.244,  1.952, 282.263, -3.876,  0.835, -0.069
195606.6, 2270, 35.17376598, 136.88232394, 42.044, -3809893.906, 3567440.934, 3653665.929, -1.411,  1.971, 282.111, -3.874,  0.875, -0.065
195606.8, 2270, 35.17376758, 136.88231541, 42.039, -3809893.298, 3567441.428, 3653666.072, -1.294,  1.994, 282.050, -3.890,  0.893,  0.007
195607.0, 2270, 35.17376924, 136.88230684, 42.045, -3809892.691, 3567441.929, 3653666.226, -1.006,  1.965, 282.129, -3.929,  0.934,  0.010
195607.2, 2270, 35.17377087, 136.88229817, 42.037, -3809892.069, 3567442.430, 3653666.369, -0.870,  2.149, 282.290, -3.989,  0.918, -0.097
195607.4, 2270, 35.17377248, 136.88228929, 42.023, -3809891.434, 3567442.942, 3653666.507, -1.048,  2.293, 282.534, -4.093,  0.911, -0.043
195607.6, 2270, 35.17377416, 136.88228019, 42.026, -3809890.791, 3567443.475, 3653666.661, -1.186,  2.081, 282.893, -4.167,  0.995,  0.027
195607.8, 2270, 35.17377598, 136.88227104, 42.031, -3809890.138, 3567444.007, 3653666.829, -1.110,  1.776, 283.299, -4.148,  1.056, -0.020
195608.0, 2270, 35.17377781, 136.88226199, 42.024, -3809889.485, 3567444.525, 3653666.991, -1.162,  1.740, 283.694, -4.098,  1.013, -0.046
195608.2, 2270, 35.17377959, 136.88225303, 42.018, -3809888.841, 3567445.040, 3653667.149, -1.470,  1.827, 284.080, -4.044,  1.039, -0.030
195608.4, 2270, 35.17378149, 136.88224420, 42.014, -3809888.200, 3567445.542, 3653667.319, -1.368,  1.911, 284.409, -3.984,  1.109, -0.048
195608.6, 2270, 35.17378343, 136.88223545, 42.006, -3809887.560, 3567446.034, 3653667.490, -1.237,  2.088, 284.628, -3.982,  1.086, -0.051
195608.8, 2270, 35.17378534, 136.88222664, 42.001, -3809886.919, 3567446.534, 3653667.660, -1.309,  2.262, 284.716, -4.032,  1.115, -0.013
195609.0, 2270, 35.17378734, 136.88221764, 42.000, -3809886.265, 3567447.045, 3653667.841, -1.221,  2.469, 284.629, -4.158,  1.153, -0.011
195609.2, 2270, 35.17378945, 136.88220836, 41.998, -3809885.588, 3567447.568, 3653668.031, -0.994,  2.535, 284.420, -4.301,  1.168, -0.014
195609.4, 2270, 35.17379155, 136.88219877, 41.997, -3809884.892, 3567448.114, 3653668.221, -0.932,  2.539, 284.107, -4.436,  1.176,  0.007
195609.6, 2270, 35.17379368, 136.88218887, 41.999, -3809884.178, 3567448.680, 3653668.415, -0.843,  2.521, 283.773, -4.579,  1.178,  0.013
195609.8, 2270, 35.17379581, 136.88217867, 41.999, -3809883.443, 3567449.265, 3653668.609, -0.745,  2.484, 283.366, -4.721,  1.169, -0.015
195610.0, 2270, 35.17379790, 136.88216814, 41.997, -3809882.689, 3567449.873, 3653668.797, -0.827,  2.414, 282.931, -4.866,  1.168, -0.007
195610.2, 2270, 35.17379994, 136.88215728, 41.999, -3809881.918, 3567450.507, 3653668.984, -0.879,  2.292, 282.492, -5.008,  1.154, -0.001
195610.4, 2270, 35.17380199, 136.88214613, 42.000, -3809881.129, 3567451.160, 3653669.170, -0.844,  2.258, 282.106, -5.144,  1.155, -0.019
195610.6, 2270, 35.17380401, 136.88213467, 41.997, -3809880.319, 3567451.832, 3653669.351, -0.905,  2.303, 281.777, -5.279,  1.148, -0.037
195610.8, 2270, 35.17380606, 136.88212291, 41.995, -3809879.490, 3567452.523, 3653669.536, -0.810,  2.373, 281.523, -5.424,  1.172, -0.011
195611.0, 2270, 35.17380814, 136.88211083, 41.995, -3809878.641, 3567453.236, 3653669.725, -0.747,  2.366, 281.305, -5.569,  1.186, -0.011
195611.2, 2270, 35.17381026, 136.88209840, 41.992, -3809877.767, 3567453.967, 3653669.916, -0.735,  2.249, 281.113, -5.746,  1.175, -0.021
195611.4, 2270, 35.17381241, 136.88208561, 41.989, -3809876.868, 3567454.723, 3653670.108, -0.759,  2.066, 280.958, -5.911,  1.214, -0.011
195611.6, 2270, 35.17381460, 136.88207248, 41.982, -3809875.944, 3567455.497, 3653670.303, -0.735,  2.005, 280.838, -6.051,  1.214, -0.058
195611.8, 2270, 35.17381681, 136.88205901, 41.970, -3809874.996, 3567456.289, 3653670.496, -0.774,  2.120, 280.816, -6.221,  1.244, -0.064
195612.0, 2270, 35.17381912, 136.88204519, 41.961, -3809874.022, 3567457.101, 3653670.700, -0.626,  2.237, 280.825, -6.369,  1.315, -0.031
195612.2, 2270, 35.17382143, 136.88203100, 41.957, -3809873.028, 3567457.942, 3653670.908, -0.544,  2.156, 280.779, -6.552,  1.322, -0.028
195612.4, 2270, 35.17382375, 136.88201646, 41.953, -3809872.012, 3567458.805, 3653671.117, -0.468,  2.060, 280.568, -6.683,  1.322, -0.034
195612.6, 2270, 35.17382605, 136.88200162, 41.947, -3809870.977, 3567459.688, 3653671.321, -0.485,  2.226, 280.329, -6.834,  1.290, -0.068
195612.8, 2270, 35.17382832, 136.88198642, 41.938, -3809869.920, 3567460.594, 3653671.522, -0.635,  2.303, 280.016, -7.005,  1.303, -0.024
195613.0, 2270, 35.17383059, 136.88197090, 41.936, -3809868.847, 3567461.527, 3653671.727, -0.680,  2.385, 279.695, -7.122,  1.270, -0.017
195613.2, 2270, 35.17383280, 136.88195508, 41.934, -3809867.757, 3567462.481, 3653671.926, -0.844,  2.442, 279.421, -7.294,  1.247, -0.027
195613.4, 2270, 35.17383502, 136.88193894, 41.937, -3809866.650, 3567463.459, 3653672.129, -0.846,  2.320, 279.249, -7.412,  1.278,  0.013
195613.6, 2270, 35.17383727, 136.88192256, 41.937, -3809865.525, 3567464.450, 3653672.333, -0.770,  2.332, 279.152, -7.526,  1.293, -0.026
195613.8, 2270, 35.17383956, 136.88190589, 41.938, -3809864.381, 3567465.459, 3653672.541, -0.633,  2.233, 279.108, -7.650,  1.319, -0.002
195614.0, 2270, 35.17384188, 136.88188897, 41.937, -3809863.218, 3567466.482, 3653672.751, -0.539,  2.216, 279.062, -7.767,  1.318, -0.030
195614.2, 2270, 35.17384425, 136.88187175, 41.930, -3809862.033, 3567467.520, 3653672.962, -0.565,  2.042, 279.014, -7.911,  1.305, -0.039
195614.4, 2270, 35.17384659, 136.88185428, 41.921, -3809860.830, 3567468.574, 3653673.169, -0.769,  1.786, 278.965, -8.004,  1.308, -0.064
195614.6, 2270, 35.17384895, 136.88183666, 41.905, -3809859.613, 3567469.633, 3653673.374, -0.939,  1.819, 278.896, -8.065,  1.306, -0.097
195614.8, 2270, 35.17385130, 136.88181884, 41.885, -3809858.381, 3567470.705, 3653673.576, -1.177,  1.869, 278.848, -8.171,  1.307, -0.087
195615.0, 2270, 35.17385367, 136.88180084, 41.870, -3809857.142, 3567471.790, 3653673.782, -1.380,  1.845, 278.842, -8.215,  1.322, -0.079
195615.2, 2270, 35.17385601, 136.88178273, 41.857, -3809855.897, 3567472.884, 3653673.987, -1.566,  2.015, 278.806, -8.290,  1.334, -0.069
195615.4, 2270, 35.17385838, 136.88176444, 41.848, -3809854.643, 3567473.992, 3653674.196, -1.697,  1.998, 278.764, -8.378,  1.349, -0.044
195615.6, 2270, 35.17386074, 136.88174597, 41.841, -3809853.379, 3567475.113, 3653674.406, -1.871,  1.884, 278.716, -8.441,  1.349, -0.051
195615.8, 2270, 35.17386311, 136.88172741, 41.831, -3809852.106, 3567476.238, 3653674.615, -1.976,  1.990, 278.656, -8.488,  1.355, -0.064
195616.0, 2270, 35.17386550, 136.88170872, 41.823, -3809850.826, 3567477.372, 3653674.828, -1.988,  2.036, 278.596, -8.548,  1.356, -0.042
195616.2, 2270, 35.17386792, 136.88168991, 41.819, -3809849.540, 3567478.515, 3653675.044, -1.897,  1.965, 278.529, -8.559,  1.375, -0.020
195616.4, 2270, 35.17387031, 136.88167111, 41.813, -3809848.254, 3567479.657, 3653675.258, -1.831,  2.183, 278.453, -8.583,  1.352, -0.043
195616.6, 2270, 35.17387269, 136.88165221, 41.810, -3809846.964, 3567480.808, 3653675.471, -1.825,  2.191, 278.388, -8.615,  1.340, -0.007
195616.8, 2270, 35.17387504, 136.88163324, 41.809, -3809845.673, 3567481.966, 3653675.685, -1.834,  2.096, 278.311, -8.649,  1.333, -0.014
195617.0, 2270, 35.17387739, 136.88161426, 41.810, -3809844.382, 3567483.126, 3653675.898, -1.779,  1.935, 278.248, -8.608,  1.329, -0.021
195617.2, 2270, 35.17387972, 136.88159540, 41.804, -3809843.095, 3567484.276, 3653676.106, -1.686,  2.133, 278.178, -8.584,  1.312, -0.036
195617.4, 2270, 35.17388205, 136.88157657, 41.805, -3809841.815, 3567485.426, 3653676.318, -1.456,  2.070, 278.124, -8.536,  1.335,  0.013
195617.6, 2270, 35.17388436, 136.88155790, 41.807, -3809840.546, 3567486.568, 3653676.529, -1.223,  2.151, 278.083, -8.455,  1.306, -0.001
195617.8, 2270, 35.17388665, 136.88153937, 41.810, -3809839.287, 3567487.702, 3653676.738, -0.961,  2.290, 278.051, -8.408,  1.276, -0.002
195618.0, 2270, 35.17388890, 136.88152095, 41.816, -3809838.039, 3567488.832, 3653676.945, -0.832,  2.309, 278.038, -8.352,  1.275,  0.034
195618.2, 2270, 35.17389117, 136.88150271, 41.823, -3809836.801, 3567489.949, 3653677.156, -0.676,  2.182, 278.021, -8.260,  1.256,  0.034
195618.4, 2270, 35.17389340, 136.88148471, 41.827, -3809835.579, 3567491.051, 3653677.360, -0.621,  2.039, 278.027, -8.127,  1.225,  0.001
195618.6, 2270, 35.17389559, 136.88146698, 41.825, -3809834.372, 3567492.133, 3653677.558, -0.566,  2.065, 278.043, -8.019,  1.216, -0.023
195618.8, 2270, 35.17389779, 136.88144946, 41.825, -3809833.178, 3567493.201, 3653677.757, -0.383,  1.826, 278.080, -7.908,  1.213, -0.002
195619.0, 2270, 35.17389992, 136.88143224, 41.820, -3809832.003, 3567494.251, 3653677.947, -0.444,  1.774, 278.100, -7.779,  1.163, -0.042
195619.2, 2270, 35.17390197, 136.88141528, 41.811, -3809830.846, 3567495.284, 3653678.128, -0.504,  1.890, 278.096, -7.661,  1.153, -0.049
195619.4, 2270, 35.17390398, 136.88139857, 41.805, -3809829.709, 3567496.304, 3653678.307, -0.585,  2.049, 278.111, -7.554,  1.119, -0.038
195619.6, 2270, 35.17390595, 136.88138207, 41.802, -3809828.588, 3567497.314, 3653678.483, -0.745,  1.954, 278.109, -7.465,  1.114, -0.008
195619.8, 2270, 35.17390787, 136.88136579, 41.800, -3809827.483, 3567498.311, 3653678.657, -0.973,  1.693, 278.063, -7.326,  1.077, -0.029
195620.0, 2270, 35.17390975, 136.88134986, 41.793, -3809826.399, 3567499.284, 3653678.823, -1.123,  1.769, 277.956, -7.182,  1.052, -0.057
195620.2, 2270, 35.17391161, 136.88133425, 41.782, -3809825.334, 3567500.235, 3653678.985, -1.234,  1.874, 277.860, -7.038,  1.019, -0.037
195620.4, 2270, 35.17391343, 136.88131901, 41.778, -3809824.298, 3567501.166, 3653679.148, -1.233,  1.813, 277.754, -6.851,  0.999, -0.009
195620.6, 2270, 35.17391519, 136.88130425, 41.777, -3809823.296, 3567502.070, 3653679.307, -1.151,  1.693, 277.624, -6.583,  0.958, -0.004
195620.8, 2270, 35.17391684, 136.88129008, 41.772, -3809822.334, 3567502.938, 3653679.454, -1.177,  1.868, 277.498, -6.340,  0.884, -0.043
195621.0, 2270, 35.17391841, 136.88127638, 41.765, -3809821.404, 3567503.776, 3653679.592, -1.141,  1.784, 277.390, -6.111,  0.853, -0.029
195621.2, 2270, 35.17391992, 136.88126321, 41.764, -3809820.513, 3567504.586, 3653679.729, -1.049,  1.893, 277.285, -5.896,  0.809, -0.004
195621.4, 2270, 35.17392133, 136.88125046, 41.760, -3809819.651, 3567505.369, 3653679.854, -1.094,  2.090, 277.181, -5.723,  0.773, -0.028
195621.6, 2270, 35.17392270, 136.88123809, 41.757, -3809818.815, 3567506.131, 3653679.977, -1.055,  2.091, 277.072, -5.555,  0.742,  0.000
195621.8, 2270, 35.17392402, 136.88122610, 41.759, -3809818.008, 3567506.872, 3653680.098, -0.958,  1.966, 276.982, -5.363,  0.729,  0.020
195622.0, 2270, 35.17392527, 136.88121449, 41.762, -3809817.228, 3567507.590, 3653680.212, -0.962,  1.778, 276.865, -5.217,  0.669,  0.002
195622.2, 2270, 35.17392639, 136.88120324, 41.759, -3809816.474, 3567508.288, 3653680.312, -1.034,  1.513, 276.778, -5.011,  0.629, -0.038
195622.4, 2270, 35.17392747, 136.88119247, 41.756, -3809815.751, 3567508.955, 3653680.408, -1.052,  1.448, 276.704, -4.796,  0.617, -0.015
195622.6, 2270, 35.17392852, 136.88118221, 41.753, -3809815.061, 3567509.590, 3653680.502, -0.883,  1.556, 276.701, -4.549,  0.602, -0.045
195622.8, 2270, 35.17392950, 136.88117243, 41.744, -3809814.401, 3567510.191, 3653680.586, -0.892,  1.782, 276.673, -4.351,  0.544, -0.053
195623.0, 2270, 35.17393040, 136.88116310, 41.737, -3809813.774, 3567510.770, 3653680.664, -1.009,  1.859, 276.654, -4.144,  0.512, -0.029
195623.2, 2270, 35.17393126, 136.88115421, 41.737, -3809813.181, 3567511.323, 3653680.742, -1.056,  1.800, 276.631, -3.935,  0.506, -0.001
195623.4, 2270, 35.17393208, 136.88114579, 41.739, -3809812.619, 3567511.848, 3653680.817, -1.078,  1.677, 276.652, -3.729,  0.460, -0.012
195623.6, 2270, 35.17393283, 136.88113784, 41.737, -3809812.088, 3567512.343, 3653680.884, -1.170,  1.675, 276.677, -3.522,  0.446, -0.034
195623.8, 2270, 35.17393359, 136.88113025, 41.732, -3809811.577, 3567512.812, 3653680.950, -1.138,  1.760, 276.688, -3.399,  0.450, -0.029
195624.0, 2270, 35.17393432, 136.88112294, 41.731, -3809811.087, 3567513.265, 3653681.016, -1.054,  1.756, 276.665, -3.260,  0.417, -0.014
195624.2, 2270, 35.17393503, 136.88111596, 41.727, -3809810.617, 3567513.696, 3653681.078, -1.129,  1.771, 276.605, -3.105,  0.381, -0.025
195624.4, 2270, 35.17393572, 136.88110929, 41.723, -3809810.167, 3567514.107, 3653681.138, -1.143,  1.636, 276.531, -2.961,  0.381, -0.020
195624.6, 2270, 35.17393638, 136.88110297, 41.718, -3809809.740, 3567514.496, 3653681.195, -1.141,  1.520, 276.466, -2.801,  0.343, -0.027
195624.8, 2270, 35.17393698, 136.88109700, 41.714, -3809809.338, 3567514.864, 3653681.247, -1.157,  1.458, 276.412, -2.632,  0.334, -0.010
195625.0, 2270, 35.17393759, 136.88109141, 41.712, -3809808.960, 3567515.209, 3653681.301, -1.039,  1.442, 276.365, -2.477,  0.321, -0.011
195625.2, 2270, 35.17393814, 136.88108614, 41.710, -3809808.605, 3567515.533, 3653681.349, -0.960,  1.385, 276.320, -2.310,  0.286, -0.023
195625.4, 2270, 35.17393861, 136.88108125, 41.702, -3809808.274, 3567515.834, 3653681.388, -1.032,  1.488, 276.251, -2.161,  0.253, -0.042
195625.6, 2270, 35.17393906, 136.88107667, 41.694, -3809807.963, 3567516.114, 3653681.424, -1.091,  1.551, 276.201, -2.006,  0.245, -0.036
195625.8, 2270, 35.17393949, 136.88107246, 41.688, -3809807.677, 3567516.372, 3653681.460, -1.037,  1.646, 276.135, -1.830,  0.242, -0.026
195626.0, 2270, 35.17393987, 136.88106861, 41.683, -3809807.416, 3567516.608, 3653681.491, -1.056,  1.654, 276.033, -1.677,  0.184, -0.023
195626.2, 2270, 35.17394014, 136.88106511, 41.682, -3809807.185, 3567516.828, 3653681.515, -1.114,  1.641, 275.851, -1.504,  0.168, -0.015
195626.4, 2270, 35.17394040, 136.88106199, 41.681, -3809806.979, 3567517.024, 3653681.538, -1.068,  1.646, 275.704, -1.316,  0.167, -0.017
195626.6, 2270, 35.17394061, 136.88105928, 41.679, -3809806.799, 3567517.195, 3653681.556, -1.051,  1.686, 275.511, -1.149,  0.131, -0.018
195626.8, 2270, 35.17394078, 136.88105694, 41.679, -3809806.645, 3567517.343, 3653681.571, -1.016,  1.728, 275.379, -0.978,  0.119, -0.010
195627.0, 2270, 35.17394091, 136.88105497, 41.679, -3809806.517, 3567517.467, 3653681.583, -1.005,  1.712, 275.262, -0.799,  0.086, -0.013
195627.2, 2270, 35.17394097, 136.88105338, 41.677, -3809806.414, 3567517.570, 3653681.588, -1.064,  1.720, 275.164, -0.636,  0.062, -0.017
195627.4, 2270, 35.17394101, 136.88105215, 41.676, -3809806.335, 3567517.649, 3653681.591, -1.098,  1.718, 275.093, -0.471,  0.058, -0.007
195627.6, 2270, 35.17394103, 136.88105129, 41.675, -3809806.280, 3567517.705, 3653681.592, -1.097,  1.715, 275.042, -0.304,  0.036, -0.011
195627.8, 2270, 35.17394101, 136.88105079, 41.675, -3809806.249, 3567517.739, 3653681.590, -1.113,  1.716, 275.012, -0.139,  0.023, -0.009
195628.0, 2270, 35.17394098, 136.88105065, 41.675, -3809806.241, 3567517.750, 3653681.587, -1.112,  1.720, 275.003,  0.021,  0.014, -0.006
195628.2, 2270, 35.17394096, 136.88105072, 41.675, -3809806.248, 3567517.746, 3653681.585, -1.093,  1.809, 275.005,  0.033,  0.011, -0.009
195628.4, 2270, 35.17394096, 136.88105074, 41.676, -3809806.249, 3567517.745, 3653681.585, -1.096,  1.856, 275.004, -0.017,  0.013, -0.006
195628.6, 2270, 35.17394095, 136.88105073, 41.675, -3809806.248, 3567517.746, 3653681.585, -1.105,  1.822, 275.003,  0.008,  0.011, -0.009
195628.8, 2270, 35.17394095, 136.88105073, 41.675, -3809806.248, 3567517.746, 3653681.585, -1.106,  1.831, 275.004, -0.004,  0.015, -0.003
195629.0, 2270, 35.17394095, 136.88105073, 41.675, -3809806.248, 3567517.746, 3653681.585, -1.104,  1.833, 275.003,  0.003,  0.013, -0.004
195629.2, 2270, 35.17394095, 136.88105073, 41.675, -3809806.248, 3567517.746, 3653681.585, -1.102,  1.830, 275.002, -0.000,  0.012, -0.006
195629.4, 2270, 35.17394095, 136.88105073, 41.675, -3809806.248, 3567517.746, 3653681.585, -1.106,  1.831, 275.006,  0.004,  0.016, -0.004
195629.6, 2270, 35.17394096, 136.88105073, 41.675, -3809806.248, 3567517.746, 3653681.585, -1.100,  1.829, 275.004,  0.000,  0.014, -0.005
195629.8, 2270, 35.17394095, 136.88105073, 41.675, -3809806.248, 3567517.746, 3653681.585, -1.105,  1.832, 275.003,  0.002,  0.013, -0.005
195630.0, 2270, 35.17394096, 136.88105073, 41.675, -3809806.248, 3567517.746, 3653681.585, -1.102,  1.828, 275.006,  0.004,  0.016, -0.005
195630.2, 2270, 35.17394096, 136.88105073, 41.675, -3809806.248, 3567517.746, 3653681.585, -1.097,  1.828, 275.004,  0.001,  0.012, -0.006
195630.4, 2270, 35.17394095, 136.88105073, 41.675, -3809806.248, 3567517.746, 3653681.585, -1.105,  1.832, 275.006,  0.002,  0.013, -0.006
195630.6, 2270, 35.17394096, 136.88105073, 41.675, -3809806.248, 3567517.746, 3653681.585, -1.102,  1.828, 275.004,  0.002,  0.016, -0.005
195630.8, 2270, 35.17394096, 136.88105073, 41.675, -3809806.248, 3567517.746, 3653681.585, -1.101,  1.830, 275.004,  0.001,  0.014, -0.006
195631.0, 2270, 35.17394096, 136.88105073, 41.675, -3809806.248, 3567517.746, 3653681.585, -1.102,  1.827, 275.003,  0.004,  0.015, -0.004
195631.2, 2270, 35.17394096, 136.88105073, 41.675, -3809806.248, 3567517.746, 3653681.585, -1.102,  1.829, 275.002,  0.000,  0.014, -0.005
195631.4, 2270, 35.17394095, 136.88105073, 41.675, -3809806.248, 3567517.746, 3653681.585, -1.103,  1.829, 275.002,  0.004,  0.014, -0.006
195631.6, 2270, 35.17394096, 136.88105073, 41.675, -3809806.248, 3567517.746, 3653681.585, -1.100,  1.829, 275.003,  0.003,  0.014, -0.005
195631.8, 2270, 35.17394095, 136.88105073, 41.675, -3809806.248, 3567517.746, 3653681.585, -1.104,  1.830, 275.003,  0.002,  0.010, -0.007
195632.0, 2270, 35.17394096, 136.88105073, 41.675, -3809806.248, 3567517.746, 3653681.585, -1.101,  1.828, 275.002,  0.002,  0.016, -0.005
195632.2, 2270, 35.17394096, 136.88105073, 41.675, -3809806.248, 3567517.746, 3653681.585, -1.099,  1.829, 275.004,  0.002,  0.011, -0.006
195632.4, 2270, 35.17394095, 136.88105073, 41.675, -3809806.248, 3567517.746, 3653681.585, -1.103,  1.828, 275.003,  0.002,  0.014, -0.005
195632.6, 2270, 35.17394096, 136.88105073, 41.675, -3809806.248, 3567517.746, 3653681.585, -1.099,  1.831, 275.004,  0.003,  0.015, -0.005
195632.8, 2270, 35.17394096, 136.88105073, 41.675, -3809806.248, 3567517.746, 3653681.585, -1.099,  1.829, 275.004,  0.002,  0.015, -0.005
195633.0, 2270, 35.17394096, 136.88105073, 41.675, -3809806.248, 3567517.746, 3653681.585, -1.096,  1.831, 275.004,  0.002,  0.015, -0.004
195633.2, 2270, 35.17394096, 136.88105073, 41.675, -3809806.248, 3567517.746, 3653681.585, -1.095,  1.828, 275.001,  0.001,  0.014, -0.005
195633.4, 2270, 35.17394096, 136.88105073, 41.675, -3809806.248, 3567517.746, 3653681.585, -1.093,  1.833, 275.002,  0.004,  0.014, -0.006
195633.6, 2270, 35.17394096, 136.88105073, 41.675, -3809806.248, 3567517.746, 3653681.585, -1.097,  1.830, 275.004,  0.003,  0.016, -0.005
195633.8, 2270, 35.17394096, 136.88105073, 41.675, -3809806.248, 3567517.746, 3653681.585, -1.094,  1.832, 275.003,  0.002,  0.017, -0.004
195634.0, 2270, 35.17394096, 136.88105073, 41.675, -3809806.248, 3567517.746, 3653681.585, -1.095,  1.831, 275.005,  0.003,  0.016, -0.007
195634.2, 2270, 35.17394096, 136.88105073, 41.675, -3809806.248, 3567517.746, 3653681.585, -1.097,  1.832, 275.005,  0.001,  0.016, -0.005
195634.4, 2270, 35.17394096, 136.88105073, 41.675, -3809806.248, 3567517.746, 3653681.585, -1.098,  1.833, 275.003,  0.003,  0.015, -0.006
195634.6, 2270, 35.17394096, 136.88105073, 41.675, -3809806.248, 3567517.746, 3653681.585, -1.098,  1.832, 275.004,  0.001,  0.016, -0.006
195634.8, 2270, 35.17394096, 136.88105073, 41.675, -3809806.248, 3567517.746, 3653681.585, -1.099,  1.832, 275.006,  0.003,  0.016, -0.006
195635.0, 2270, 35.17394096, 136.88105073, 41.675, -3809806.248, 3567517.746, 3653681.585, -1.098,  1.831, 275.006,  0.002,  0.017, -0.006
195635.2, 2270, 35.17394096, 136.88105073, 41.675, -3809806.248, 3567517.746, 3653681.585, -1.097,  1.831, 275.006,  0.002,  0.015, -0.005
195635.4, 2270, 35.17394096, 136.88105073, 41.675, -3809806.248, 3567517.746, 3653681.585, -1.098,  1.833, 275.006,  0.002,  0.017, -0.006
195635.6, 2270, 35.17394096, 136.88105073, 41.675, -3809806.248, 3567517.746, 3653681.585, -1.096,  1.833, 275.006,  0.002,  0.017, -0.005
195635.8, 2270, 35.17394096, 136.88105073, 41.675, -3809806.248, 3567517.746, 3653681.585, -1.096,  1.834, 275.007,  0.002,  0.016, -0.005
195636.0, 2270, 35.17394096, 136.88105073, 41.675, -3809806.248, 3567517.746, 3653681.585, -1.097,  1.833, 275.007,  0.002,  0.017, -0.006
195636.2, 2270, 35.17394096, 136.88105073, 41.675, -3809806.248, 3567517.746, 3653681.585, -1.096,  1.832, 275.009,  0.001,  0.016, -0.006
195636.4, 2270, 35.17394096, 136.88105073, 41.675, -3809806.248, 3567517.746, 3653681.585, -1.094,  1.834, 275.008,  0.003,  0.017, -0.007
195636.6, 2270, 35.17394096, 136.88105073, 41.675, -3809806.248, 3567517.746, 3653681.585, -1.093,  1.832, 275.009,  0.002,  0.017, -0.006
195636.8, 2270, 35.17394096, 136.88105073, 41.675, -3809806.248, 3567517.746, 3653681.585, -1.096,  1.832, 275.011,  0.002,  0.017, -0.006
195637.0, 2270, 35.17394096, 136.88105073, 41.675, -3809806.248, 3567517.746, 3653681.585, -1.096,  1.833, 275.011,  0.003,  0.016, -0.007
195637.2, 2270, 35.17394096, 136.88105073, 41.675, -3809806.248, 3567517.746, 3653681.585, -1.096,  1.832, 275.011,  0.003,  0.015, -0.006
195637.4, 2270, 35.17394096, 136.88105073, 41.675, -3809806.248, 3567517.746, 3653681.585, -1.097,  1.831, 275.011,  0.002,  0.016, -0.005
195637.6, 2270, 35.17394096, 136.88105073, 41.675, -3809806.248, 3567517.746, 3653681.585, -1.095,  1.832, 275.010,  0.002,  0.016, -0.006
195637.8, 2270, 35.17394096, 136.88105073, 41.675, -3809806.248, 3567517.746, 3653681.585, -1.094,  1.833, 275.010,  0.004,  0.014, -0.005
195638.0, 2270, 35.17394096, 136.88105073, 41.675, -3809806.248, 3567517.746, 3653681.585, -1.097,  1.835, 275.010,  0.005,  0.018, -0.005
195638.2, 2270, 35.17394096, 136.88105073, 41.675, -3809806.248, 3567517.746, 3653681.585, -1.094,  1.832, 275.012,  0.004,  0.017, -0.006
195638.4, 2270, 35.17394096, 136.88105073, 41.675, -3809806.248, 3567517.746, 3653681.585, -1.096,  1.832, 275.011,  0.003,  0.017, -0.006
195638.6, 2270, 35.17394096, 136.88105073, 41.675, -3809806.248, 3567517.746, 3653681.585, -1.099,  1.830, 275.015,  0.001,  0.015, -0.005
195638.8, 2270, 35.17394096, 136.88105073, 41.675, -3809806.248, 3567517.746, 3653681.585, -1.095,  1.837, 275.010,  0.003,  0.017, -0.005
195639.0, 2270, 35.17394096, 136.88105073, 41.675, -3809806.248, 3567517.746, 3653681.585, -1.098,  1.832, 275.013,  0.003,  0.017, -0.006
195639.2, 2270, 35.17394096, 136.88105073, 41.675, -3809806.248, 3567517.746, 3653681.585, -1.096,  1.835, 275.016,  0.002,  0.017, -0.005
195639.4, 2270, 35.17394096, 136.88105073, 41.675, -3809806.248, 3567517.746, 3653681.585, -1.094,  1.833, 275.011,  0.005,  0.012, -0.006
195639.6, 2270, 35.17394096, 136.88105073, 41.675, -3809806.248, 3567517.746, 3653681.585, -1.096,  1.831, 275.014,  0.005,  0.019, -0.006
195639.8, 2270, 35.17394096, 136.88105073, 41.675, -3809806.248, 3567517.746, 3653681.585, -1.097,  1.828, 275.017,  0.003,  0.015, -0.006
195640.0, 2270, 35.17394096, 136.88105073, 41.675, -3809806.248, 3567517.746, 3653681.585, -1.099,  1.831, 275.014,  0.000,  0.014, -0.005
195640.2, 2270, 35.17394096, 136.88105073, 41.675, -3809806.248, 3567517.746, 3653681.585, -1.099,  1.830, 275.016,  0.003,  0.017, -0.005
195640.4, 2270, 35.17394098, 136.88105073, 41.674, -3809806.247, 3567517.744, 3653681.587, -1.101,  1.831, 275.018,  0.001,  0.017, -0.004
195640.6, 2270, 35.17394101, 136.88105074, 41.673, -3809806.245, 3567517.742, 3653681.589, -1.095,  1.838, 275.012,  0.000,  0.016, -0.009
195640.8, 2270, 35.17394105, 136.88105068, 41.669, -3809806.237, 3567517.742, 3653681.590, -1.084,  1.938, 275.007, -0.068,  0.023, -0.026
195641.0, 2270, 35.17394110, 136.88105039, 41.665, -3809806.215, 3567517.756, 3653681.592, -1.081,  2.035, 274.986, -0.199,  0.034, -0.015
195641.2, 2270, 35.17394112, 136.88104977, 41.666, -3809806.175, 3567517.797, 3653681.595, -1.095,  2.071, 274.947, -0.357,  0.046, -0.004
195641.4, 2270, 35.17394116, 136.88104881, 41.667, -3809806.114, 3567517.860, 3653681.599, -1.095,  2.084, 274.907, -0.512,  0.061, -0.006
195641.6, 2270, 35.17394123, 136.88104751, 41.668, -3809806.031, 3567517.944, 3653681.606, -1.106,  2.062, 274.851, -0.649,  0.071, -0.001
195641.8, 2270, 35.17394131, 136.88104599, 41.671, -3809805.934, 3567518.043, 3653681.615, -1.118,  1.985, 274.788, -0.721,  0.078,  0.003
195642.0, 2270, 35.17394141, 136.88104435, 41.673, -3809805.828, 3567518.149, 3653681.625, -1.075,  1.980, 274.715, -0.768,  0.089, -0.007
195642.2, 2270, 35.17394153, 136.88104259, 41.675, -3809805.714, 3567518.262, 3653681.636, -1.008,  1.981, 274.617, -0.827,  0.090, -0.004
195642.4, 2270, 35.17394163, 136.88104068, 41.674, -3809805.590, 3567518.384, 3653681.645, -1.013,  2.022, 274.501, -0.918,  0.081, -0.028
195642.6, 2270, 35.17394172, 136.88103850, 41.669, -3809805.447, 3567518.522, 3653681.651, -1.075,  2.163, 274.338, -1.071,  0.088, -0.030
195642.8, 2270, 35.17394185, 136.88103595, 41.669, -3809805.282, 3567518.686, 3653681.663, -1.088,  2.177, 274.143, -1.238,  0.109, -0.002
195643.0, 2270, 35.17394200, 136.88103305, 41.669, -3809805.095, 3567518.872, 3653681.677, -1.080,  2.168, 273.932, -1.394,  0.110, -0.015
195643.2, 2270, 35.17394220, 136.88102981, 41.666, -3809804.882, 3567519.077, 3653681.693, -1.093,  2.188, 273.672, -1.560,  0.114, -0.016
195643.4, 2270, 35.17394243, 136.88102618, 41.665, -3809804.645, 3567519.308, 3653681.713, -1.038,  2.179, 273.383, -1.750,  0.134, -0.001
195643.6, 2270, 35.17394266, 136.88102213, 41.663, -3809804.380, 3567519.566, 3653681.733, -0.996,  2.192, 273.077, -1.942,  0.121, -0.024
195643.8, 2270, 35.17394288, 136.88101766, 41.658, -3809804.089, 3567519.851, 3653681.750, -1.004,  2.218, 272.728, -2.134,  0.115, -0.021
195644.0, 2270, 35.17394310, 136.88101275, 41.656, -3809803.772, 3567520.167, 3653681.768, -1.001,  2.174, 272.366, -2.338,  0.120, -0.011
195644.2, 2270, 35.17394326, 136.88100738, 41.656, -3809803.430, 3567520.517, 3653681.783, -0.969,  2.163, 271.987, -2.553,  0.117, -0.007
195644.4, 2270, 35.17394341, 136.88100156, 41.655, -3809803.060, 3567520.897, 3653681.796, -0.916,  2.104, 271.589, -2.745,  0.100, -0.020
195644.6, 2270, 35.17394352, 136.88099532, 41.653, -3809802.666, 3567521.306, 3653681.805, -0.949,  2.065, 271.178, -2.925,  0.074, -0.026
195644.8, 2270, 35.17394359, 136.88098870, 41.650, -3809802.248, 3567521.741, 3653681.809, -1.003,  2.073, 270.750, -3.099,  0.059, -0.026
195645.0, 2270, 35.17394364, 136.88098172, 41.647, -3809801.809, 3567522.202, 3653681.813, -1.008,  2.127, 270.365, -3.259,  0.045, -0.020
195645.2, 2270, 35.17394369, 136.88097437, 41.642, -3809801.346, 3567522.685, 3653681.814, -1.058,  2.185, 269.981, -3.440,  0.021, -0.032
195645.4, 2270, 35.17394372, 136.88096662, 41.635, -3809800.858, 3567523.195, 3653681.812, -1.089,  2.200, 269.658, -3.616, -0.005, -0.039
195645.6, 2270, 35.17394368, 136.88095849, 41.629, -3809800.350, 3567523.734, 3653681.806, -1.220,  2.250, 269.445, -3.795, -0.019, -0.021
195645.8, 2270, 35.17394363, 136.88094997, 41.626, -3809799.820, 3567524.301, 3653681.799, -1.382,  2.192, 269.331, -3.967, -0.037, -0.013
195646.0, 2270, 35.17394357, 136.88094107, 41.622, -3809799.266, 3567524.893, 3653681.792, -1.499,  2.153, 269.383, -4.136, -0.017, -0.034
195646.2, 2270, 35.17394353, 136.88093179, 41.618, -3809798.689, 3567525.510, 3653681.785, -1.501,  2.113, 269.571, -4.312,  0.008, -0.026
195646.4, 2270, 35.17394351, 136.88092214, 41.617, -3809798.088, 3567526.152, 3653681.783, -1.467,  2.069, 269.878, -4.481,  0.027, -0.015
195646.6, 2270, 35.17394352, 136.88091212, 41.615, -3809797.462, 3567526.817, 3653681.783, -1.547,  2.043, 270.229, -4.648,  0.055, -0.031
195646.8, 2270, 35.17394362, 136.88090174, 41.610, -3809796.808, 3567527.500, 3653681.789, -1.523,  2.096, 270.623, -4.805,  0.102, -0.040
195647.0, 2270, 35.17394378, 136.88089100, 41.605, -3809796.129, 3567528.204, 3653681.801, -1.510,  2.134, 271.066, -4.971,  0.144, -0.027
195647.2, 2270, 35.17394402, 136.88087993, 41.603, -3809795.427, 3567528.928, 3653681.821, -1.501,  2.174, 271.558, -5.130,  0.172, -0.025
195647.4, 2270, 35.17394433, 136.88086851, 41.599, -3809794.699, 3567529.672, 3653681.847, -1.550,  2.112, 272.121, -5.258,  0.222, -0.032
195647.6, 2270, 35.17394476, 136.88085691, 41.600, -3809793.957, 3567530.425, 3653681.887, -1.489,  2.031, 272.694, -5.297,  0.296,  0.011
195647.8, 2270, 35.17394529, 136.88084530, 41.600, -3809793.210, 3567531.174, 3653681.934, -1.495,  1.913, 273.282, -5.268,  0.344, -0.039
195648.0, 2270, 35.17394590, 136.88083377, 41.595, -3809792.461, 3567531.912, 3653681.987, -1.517,  1.889, 273.810, -5.241,  0.383, -0.026
195648.2, 2270, 35.17394663, 136.88082233, 41.592, -3809791.712, 3567532.639, 3653682.052, -1.520,  1.847, 274.259, -5.170,  0.452, -0.005
195648.4, 2270, 35.17394745, 136.88081110, 41.588, -3809790.973, 3567533.347, 3653682.123, -1.447,  2.229, 274.618, -5.076,  0.450, -0.026
195648.6, 2270, 35.17394831, 136.88079999, 41.584, -3809790.238, 3567534.046, 3653682.200, -1.270,  2.523, 274.927, -5.050,  0.493, -0.016
195648.8, 2270, 35.17394926, 136.88078897, 41.586, -3809789.509, 3567534.739, 3653682.287, -0.941,  2.716, 275.179, -5.001,  0.560,  0.050
195649.0, 2270, 35.17395026, 136.88077800, 41.601, -3809788.788, 3567535.432, 3653682.386, -0.487,  2.755, 275.404, -4.988,  0.561,  0.077
195649.2, 2270, 35.17395126, 136.88076705, 41.610, -3809788.065, 3567536.122, 3653682.482, -0.187,  2.798, 275.440, -5.003,  0.562,  0.031
195649.4, 2270, 35.17395225, 136.88075598, 41.617, -3809787.334, 3567536.819, 3653682.576, -0.021,  2.570, 275.570, -5.080,  0.546,  0.051
195649.6, 2270, 35.17395323, 136.88074479, 41.626, -3809786.597, 3567537.525, 3653682.670, -0.027,  2.172, 275.690, -5.118,  0.547,  0.033
195649.8, 2270, 35.17395424, 136.88073348, 41.629, -3809785.848, 3567538.235, 3653682.763, -0.039,  1.859, 275.881, -5.175,  0.586, -0.008
195650.0, 2270, 35.17395533, 136.88072203, 41.623, -3809785.080, 3567538.945, 3653682.858,  0.054,  1.719, 276.095, -5.259,  0.598, -0.058
195650.2, 2270, 35.17395635, 136.88071041, 41.613, -3809784.303, 3567539.668, 3653682.945, -0.105,  1.737, 276.312, -5.329,  0.576, -0.077
195650.4, 2270, 35.17395737, 136.88069860, 41.601, -3809783.513, 3567540.402, 3653683.030, -0.439,  1.983, 276.464, -5.417,  0.625, -0.075
195650.6, 2270, 35.17395850, 136.88068655, 41.590, -3809782.703, 3567541.148, 3653683.127, -0.555,  1.989, 276.606, -5.544,  0.694, -0.059
195650.8, 2270, 35.17395967, 136.88067427, 41.584, -3809781.881, 3567541.909, 3653683.229, -0.678,  1.833, 276.726, -5.621,  0.676, -0.018
195651.0, 2270, 35.17396085, 136.88066179, 41.581, -3809781.046, 3567542.686, 3653683.335, -0.853,  1.602, 276.818, -5.706,  0.714, -0.050
195651.2, 2270, 35.17396210, 136.88064920, 41.566, -3809780.196, 3567543.461, 3653683.439, -0.902,  1.726, 276.838, -5.768,  0.732, -0.078
195651.4, 2270, 35.17396337, 136.88063644, 41.554, -3809779.335, 3567544.246, 3653683.548, -0.858,  1.915, 276.813, -5.852,  0.730, -0.073
195651.6, 2270, 35.17396466, 136.88062349, 41.545, -3809778.462, 3567545.046, 3653683.661, -0.813,  1.996, 276.774, -5.963,  0.753, -0.048
195651.8, 2270, 35.17396599, 136.88061023, 41.540, -3809777.572, 3567545.867, 3653683.777, -0.729,  1.566, 276.756, -6.094,  0.766, -0.035
195652.0, 2270, 35.17396729, 136.88059687, 41.533, -3809776.675, 3567546.694, 3653683.892, -0.801,  1.453, 276.779, -6.037,  0.734, -0.063
195652.2, 2270, 35.17396864, 136.88058357, 41.515, -3809775.773, 3567547.510, 3653684.004, -0.897,  2.196, 276.801, -6.087,  0.779, -0.112
195652.4, 2270, 35.17397006, 136.88057009, 41.496, -3809774.856, 3567548.333, 3653684.121, -0.829,  2.596, 276.871, -6.211,  0.795, -0.013
195652.6, 2270, 35.17397150, 136.88055638, 41.503, -3809773.940, 3567549.186, 3653684.256, -0.754,  2.161, 276.814, -6.252,  0.793,  0.033
195652.8, 2270, 35.17397285, 136.88054259, 41.505, -3809773.019, 3567550.045, 3653684.379, -1.033,  1.769, 276.566, -6.279,  0.712, -0.027
195653.0, 2270, 35.17397414, 136.88052879, 41.495, -3809772.094, 3567550.901, 3653684.490, -1.296,  1.815, 276.351, -6.306,  0.720, -0.075
195653.2, 2270, 35.17397543, 136.88051489, 41.477, -3809771.158, 3567551.759, 3653684.597, -1.410,  1.949, 276.157, -6.363,  0.716, -0.077
195653.4, 2270, 35.17397673, 136.88050086, 41.468, -3809770.218, 3567552.630, 3653684.710, -1.347,  1.936, 276.009, -6.418,  0.733, -0.020
195653.6, 2270, 35.17397801, 136.88048669, 41.460, -3809769.271, 3567553.512, 3653684.821, -1.377,  2.075, 275.867, -6.490,  0.701, -0.046
195653.8, 2270, 35.17397930, 136.88047230, 41.452, -3809768.310, 3567554.408, 3653684.933, -1.312,  2.010, 275.780, -6.608,  0.722, -0.035
195654.0, 2270, 35.17398058, 136.88045770, 41.445, -3809767.337, 3567555.318, 3653685.045, -1.323,  1.920, 275.717, -6.698,  0.707, -0.031
195654.2, 2270, 35.17398179, 136.88044289, 41.434, -3809766.353, 3567556.244, 3653685.149, -1.470,  2.027, 275.649, -6.789,  0.695, -0.073
195654.4, 2270, 35.17398301, 136.88042782, 41.425, -3809765.352, 3567557.188, 3653685.255, -1.554,  2.033, 275.607, -6.918,  0.712, -0.048
195654.6, 2270, 35.17398425, 136.88041253, 41.419, -3809764.338, 3567558.147, 3653685.364, -1.602,  1.935, 275.564, -7.002,  0.719, -0.034
195654.8, 2270, 35.17398549, 136.88039708, 41.412, -3809763.313, 3567559.116, 3653685.472, -1.679,  1.927, 275.523, -7.072,  0.728, -0.052
195655.0, 2270, 35.17398677, 136.88038147, 41.402, -3809762.277, 3567560.093, 3653685.582, -1.691,  1.976, 275.519, -7.137,  0.740, -0.051
195655.2, 2270, 35.17398811, 136.88036572, 41.393, -3809761.228, 3567561.076, 3653685.699, -1.636,  2.053, 275.548, -7.211,  0.755, -0.051
195655.4, 2270, 35.17398948, 136.88034981, 41.385, -3809760.168, 3567562.070, 3653685.819, -1.557,  2.109, 275.563, -7.274,  0.770, -0.030
195655.6, 2270, 35.17399090, 136.88033378, 41.380, -3809759.101, 3567563.071, 3653685.944, -1.382,  2.255, 275.588, -7.340,  0.779, -0.031
195655.8, 2270, 35.17399230, 136.88031757, 41.376, -3809758.023, 3567564.086, 3653686.069, -1.373,  2.285, 275.641, -7.420,  0.781, -0.011
195656.0, 2270, 35.17399371, 136.88030123, 41.375, -3809756.940, 3567565.110, 3653686.196, -1.435,  2.230, 275.716, -7.452,  0.784, -0.003
195656.2, 2270, 35.17399513, 136.88028484, 41.372, -3809755.852, 3567566.136, 3653686.324, -1.541,  2.150, 275.794, -7.462,  0.783, -0.020
195656.4, 2270, 35.17399658, 136.88026845, 41.369, -3809754.762, 3567567.161, 3653686.453, -1.597,  2.241, 275.890, -7.465,  0.812, -0.015
195656.6, 2270, 35.17399807, 136.88025204, 41.366, -3809753.669, 3567568.186, 3653686.586, -1.596,  2.352, 276.006, -7.493,  0.830, -0.005
195656.8, 2270, 35.17399958, 136.88023557, 41.367, -3809752.573, 3567569.215, 3653686.724, -1.622,  2.286, 276.118, -7.513,  0.859,  0.014
195657.0, 2270, 35.17400114, 136.88021911, 41.370, -3809751.477, 3567570.242, 3653686.867, -1.562,  2.340, 276.227, -7.469,  0.875,  0.018
195657.2, 2270, 35.17400273, 136.88020274, 41.372, -3809750.385, 3567571.263, 3653687.013, -1.465,  2.389, 276.302, -7.447,  0.871,  0.005
195657.4, 2270, 35.17400431, 136.88018646, 41.377, -3809749.300, 3567572.279, 3653687.159, -1.425,  2.381, 276.354, -7.385,  0.875,  0.027
195657.6, 2270, 35.17400591, 136.88017033, 41.382, -3809748.225, 3567573.285, 3653687.306, -1.276,  2.470, 276.294, -7.315,  0.882,  0.034
195657.8, 2270, 35.17400744, 136.88015431, 41.388, -3809747.160, 3567574.286, 3653687.449, -1.294,  2.435, 276.215, -7.279,  0.829,  0.032
195658.0, 2270, 35.17400893, 136.88013839, 41.394, -3809746.102, 3567575.283, 3653687.587, -1.358,  2.268, 276.169, -7.213,  0.825,  0.032
195658.2, 2270, 35.17401039, 136.88012270, 41.399, -3809745.059, 3567576.266, 3653687.723, -1.414,  2.260, 276.119, -7.075,  0.801,  0.008
195658.4, 2270, 35.17401183, 136.88010729, 41.400, -3809744.035, 3567577.228, 3653687.854, -1.451,  2.315, 276.092, -6.959,  0.775,  0.003
195658.6, 2270, 35.17401322, 136.88009221, 41.404, -3809743.033, 3567578.173, 3653687.982, -1.487,  2.378, 276.094, -6.782,  0.774,  0.042
195658.8, 2270, 35.17401461, 136.88007751, 41.412, -3809742.057, 3567579.093, 3653688.112, -1.437,  2.601, 276.099, -6.608,  0.758,  0.033
195659.0, 2270, 35.17401596, 136.88006319, 41.421, -3809741.107, 3567579.992, 3653688.241, -1.364,  2.583, 276.120, -6.430,  0.750,  0.067
195659.2, 2270, 35.17401729, 136.88004932, 41.436, -3809740.191, 3567580.864, 3653688.370, -1.281,  2.412, 276.126, -6.198,  0.699,  0.071
195659.4, 2270, 35.17401852, 136.88003600, 41.447, -3809739.311, 3567581.703, 3653688.488, -1.386,  2.314, 276.132, -5.932,  0.669,  0.048
195659.6, 2270, 35.17401970, 136.88002327, 41.453, -3809738.467, 3567582.500, 3653688.599, -1.442,  2.356, 276.132, -5.672,  0.639,  0.020
195659.8, 2270, 35.17402081, 136.88001111, 41.457, -3809737.661, 3567583.263, 3653688.701, -1.642,  2.325, 276.157, -5.397,  0.597,  0.023
195660.0, 2270, 35.17402189, 136.87999956, 41.465, -3809736.896, 3567583.988, 3653688.804, -1.704,  2.418, 276.249, -5.128,  0.612,  0.053
195660.2, 2270, 35.17402296, 136.87998861, 41.472, -3809736.168, 3567584.673, 3653688.905, -1.658,  2.503, 276.358, -4.855,  0.572,  0.021
195660.4, 2270, 35.17402397, 136.87997825, 41.477, -3809735.479, 3567585.321, 3653688.999, -1.688,  2.585, 276.450, -4.577,  0.549,  0.045
195660.6, 2270, 35.17402494, 136.87996849, 41.487, -3809734.832, 3567585.933, 3653689.094, -1.654,  2.542, 276.529, -4.308,  0.544,  0.058
195660.8, 2270, 35.17402591, 136.87995936, 41.498, -3809734.225, 3567586.503, 3653689.187, -1.446,  2.510, 276.520, -4.008,  0.521,  0.044
195661.0, 2270, 35.17402678, 136.87995086, 41.506, -3809733.659, 3567587.035, 3653689.271, -1.374,  2.494, 276.502, -3.734,  0.442,  0.036
195661.2, 2270, 35.17402755, 136.87994301, 41.513, -3809733.139, 3567587.528, 3653689.344, -1.412,  2.446, 276.472, -3.404,  0.416,  0.033
195661.4, 2270, 35.17402828, 136.87993591, 41.519, -3809732.666, 3567587.971, 3653689.414, -1.286,  2.478, 276.430, -3.071,  0.385,  0.030
195661.6, 2270, 35.17402892, 136.87992956, 41.524, -3809732.244, 3567588.368, 3653689.476, -1.214,  2.432, 276.413, -2.701,  0.328,  0.024
195661.8, 2270, 35.17402947, 136.87992404, 41.527, -3809731.877, 3567588.714, 3653689.527, -1.223,  2.442, 276.386, -2.341,  0.276,  0.013
195662.0, 2270, 35.17402993, 136.87991926, 41.529, -3809731.558, 3567589.012, 3653689.570, -1.221,  2.500, 276.286, -2.018,  0.235,  0.004
195662.2, 2270, 35.17403032, 136.87991511, 41.530, -3809731.283, 3567589.271, 3653689.605, -1.238,  2.545, 276.181, -1.754,  0.202,  0.010
195662.4, 2270, 35.17403067, 136.87991154, 41.532, -3809731.046, 3567589.495, 3653689.638, -1.200,  2.589, 276.071, -1.511,  0.178,  0.011
195662.6, 2270, 35.17403096, 136.87990845, 41.533, -3809730.840, 3567589.688, 3653689.665, -1.184,  2.585, 275.996, -1.308,  0.146, -0.001
195662.8, 2270, 35.17403121, 136.87990580, 41.533, -3809730.663, 3567589.853, 3653689.688, -1.176,  2.629, 275.907, -1.113,  0.130, -0.000
195663.0, 2270, 35.17403141, 136.87990354, 41.533, -3809730.513, 3567589.994, 3653689.706, -1.177,  2.659, 275.854, -0.946,  0.102,  0.001
195663.2, 2270, 35.17403158, 136.87990163, 41.532, -3809730.386, 3567590.114, 3653689.721, -1.207,  2.698, 275.781, -0.800,  0.080, -0.007
195663.4, 2270, 35.17403172, 136.87990000, 41.530, -3809730.277, 3567590.215, 3653689.733, -1.239,  2.771, 275.741, -0.685,  0.075, -0.005
195663.6, 2270, 35.17403185, 136.87989861, 41.530, -3809730.184, 3567590.302, 3653689.744, -1.238,  2.790, 275.693, -0.579,  0.061, -0.002
195663.8, 2270, 35.17403195, 136.87989745, 41.529, -3809730.106, 3567590.374, 3653689.753, -1.235,  2.820, 275.663, -0.482,  0.056, -0.005
195664.0, 2270, 35.17403204, 136.87989649, 41.528, -3809730.042, 3567590.433, 3653689.760, -1.246,  2.836, 275.633, -0.392,  0.040, -0.007
195664.2, 2270, 35.17403211, 136.87989572, 41.527, -3809729.990, 3567590.481, 3653689.766, -1.260,  2.853, 275.609, -0.308,  0.035, -0.005
195664.4, 2270, 35.17403216, 136.87989513, 41.526, -3809729.950, 3567590.517, 3653689.770, -1.275,  2.860, 275.592, -0.231,  0.026, -0.005
195664.6, 2270, 35.17403220, 136.87989470, 41.524, -3809729.921, 3567590.543, 3653689.773, -1.282,  2.864, 275.580, -0.157,  0.019, -0.007
195664.8, 2270, 35.17403223, 136.87989444, 41.523, -3809729.902, 3567590.559, 3653689.775, -1.287,  2.865, 275.572, -0.082,  0.013, -0.007
195665.0, 2270, 35.17403224, 136.87989435, 41.522, -3809729.896, 3567590.564, 3653689.775, -1.286,  2.870, 275.569, -0.014,  0.005, -0.008
195665.2, 2270, 35.17403224, 136.87989435, 41.522, -3809729.896, 3567590.563, 3653689.775, -1.292,  2.899, 275.571,  0.014,  0.001, -0.010
195665.4, 2270, 35.17403224, 136.87989436, 41.522, -3809729.896, 3567590.563, 3653689.775, -1.294,  2.921, 275.569, -0.009,  0.005, -0.002
195665.6, 2270, 35.17403224, 136.87989436, 41.522, -3809729.896, 3567590.563, 3653689.775, -1.284,  2.918, 275.569,  0.002,  0.001, -0.010
195665.8, 2270, 35.17403224, 136.87989436, 41.522, -3809729.896, 3567590.563, 3653689.775, -1.296,  2.917, 275.570, -0.006,  0.002, -0.006
195666.0, 2270, 35.17403224, 136.87989436, 41.522, -3809729.896, 3567590.563, 3653689.775, -1.289,  2.919, 275.570,  0.001,  0.005, -0.005
195666.2, 2270, 35.17403224, 136.87989436, 41.522, -3809729.896, 3567590.563, 3653689.775, -1.289,  2.916, 275.568, -0.005, -0.001, -0.007
195666.4, 2270, 35.17403224, 136.87989436, 41.522, -3809729.896, 3567590.563, 3653689.775, -1.296,  2.915, 275.569, -0.001,  0.004, -0.005
195666.6, 2270, 35.17403224, 136.87989436, 41.522, -3809729.896, 3567590.563, 3653689.775, -1.289,  2.915, 275.567, -0.003,  0.003, -0.006
195666.8, 2270, 35.17403224, 136.87989436, 41.522, -3809729.896, 3567590.563, 3653689.775, -1.292,  2.913, 275.568, -0.003,  0.002, -0.006
195667.0, 2270, 35.17403224, 136.87989436, 41.522, -3809729.896, 3567590.563, 3653689.775, -1.289,  2.912, 275.567, -0.003,  0.004, -0.005
195667.2, 2270, 35.17403224, 136.87989435, 41.521, -3809729.895, 3567590.563, 3653689.775, -1.294,  2.910, 275.566, -0.002,  0.002, -0.006
195667.4, 2270, 35.17403224, 136.87989436, 41.520, -3809729.895, 3567590.561, 3653689.774, -1.292,  2.906, 275.565,  0.011,  0.002, -0.008
195667.6, 2270, 35.17403226, 136.87989432, 41.516, -3809729.890, 3567590.561, 3653689.773, -1.280,  3.015, 275.561, -0.051,  0.007, -0.022
195667.8, 2270, 35.17403228, 136.87989412, 41.513, -3809729.874, 3567590.572, 3653689.773, -1.278,  3.049, 275.557, -0.138,  0.015, -0.007
195668.0, 2270, 35.17403231, 136.87989369, 41.512, -3809729.845, 3567590.598, 3653689.776, -1.289,  3.088, 275.544, -0.253,  0.028, -0.005
195668.2, 2270, 35.17403238, 136.87989300, 41.511, -3809729.798, 3567590.641, 3653689.781, -1.287,  3.105, 275.524, -0.381,  0.040, -0.007
195668.4, 2270, 35.17403246, 136.87989201, 41.509, -3809729.732, 3567590.702, 3653689.788, -1.315,  3.150, 275.496, -0.523,  0.051, -0.005
195668.6, 2270, 35.17403257, 136.87989073, 41.509, -3809729.648, 3567590.783, 3653689.798, -1.336,  3.111, 275.483, -0.623,  0.063,  0.013
195668.8, 2270, 35.17403269, 136.87988933, 41.512, -3809729.556, 3567590.872, 3653689.810, -1.342,  3.032, 275.474, -0.655,  0.069,  0.008
195669.0, 2270, 35.17403282, 136.87988786, 41.511, -3809729.458, 3567590.964, 3653689.821, -1.341,  3.043, 275.470, -0.686,  0.073, -0.008
195669.2, 2270, 35.17403295, 136.87988633, 41.510, -3809729.356, 3567591.059, 3653689.833, -1.339,  3.046, 275.464, -0.699,  0.076,  0.002
195669.4, 2270, 35.17403308, 136.87988481, 41.511, -3809729.256, 3567591.154, 3653689.845, -1.341,  3.007, 275.459, -0.682,  0.072,  0.005
195669.6, 2270, 35.17403321, 136.87988335, 41.511, -3809729.159, 3567591.247, 3653689.857, -1.345,  2.975, 275.460, -0.652,  0.069, -0.000
195669.8, 2270, 35.17403333, 136.87988195, 41.510, -3809729.066, 3567591.334, 3653689.868, -1.352,  2.970, 275.459, -0.623,  0.063, -0.003
195670.0, 2270, 35.17403345, 136.87988061, 41.509, -3809728.976, 3567591.417, 3653689.877, -1.367,  2.975, 275.453, -0.596,  0.061, -0.004
195670.2, 2270, 35.17403356, 136.87987933, 41.508, -3809728.891, 3567591.497, 3653689.887, -1.371,  2.985, 275.452, -0.572,  0.061, -0.003
195670.4, 2270, 35.17403367, 136.87987812, 41.507, -3809728.810, 3567591.572, 3653689.896, -1.369,  2.976, 275.449, -0.522,  0.054, -0.004
195670.6, 2270, 35.17403376, 136.87987703, 41.506, -3809728.737, 3567591.640, 3653689.904, -1.380,  2.977, 275.448, -0.471,  0.048, -0.005
195670.8, 2270, 35.17403384, 136.87987606, 41.505, -3809728.672, 3567591.700, 3653689.911, -1.398,  2.956, 275.442, -0.407,  0.042, -0.002
195671.0, 2270, 35.17403391, 136.87987526, 41.504, -3809728.618, 3567591.750, 3653689.916, -1.410,  2.941, 275.441, -0.325,  0.035, -0.005
195671.2, 2270, 35.17403397, 136.87987462, 41.502, -3809728.575, 3567591.789, 3653689.921, -1.415,  2.937, 275.435, -0.256,  0.028, -0.007
195671.4, 2270, 35.17403401, 136.87987412, 41.501, -3809728.541, 3567591.819, 3653689.924, -1.426,  2.937, 275.438, -0.194,  0.020, -0.008
195671.6, 2270, 35.17403405, 136.87987376, 41.499, -3809728.516, 3567591.840, 3653689.925, -1.433,  2.935, 275.434, -0.134,  0.013, -0.008
195671.8, 2270, 35.17403407, 136.87987354, 41.496, -3809728.499, 3567591.853, 3653689.926, -1.434,  2.936, 275.435, -0.070,  0.011, -0.010
195672.0, 2270, 35.17403408, 136.87987345, 41.494, -3809728.492, 3567591.857, 3653689.926, -1.434,  2.937, 275.433, -0.014,  0.002, -0.011
195672.2, 2270, 35.17403409, 136.87987346, 41.491, -3809728.490, 3567591.855, 3653689.925, -1.439,  2.960, 275.433,  0.004,  0.002, -0.013
195672.4, 2270, 35.17403410, 136.87987341, 41.488, -3809728.485, 3567591.856, 3653689.924, -1.431,  2.996, 275.434, -0.049,  0.009, -0.015
195672.6, 2270, 35.17403412, 136.87987324, 41.485, -3809728.471, 3567591.864, 3653689.925, -1.427,  3.011, 275.431, -0.105,  0.013, -0.010
195672.8, 2270, 35.17403415, 136.87987293, 41.482, -3809728.449, 3567591.882, 3653689.926, -1.431,  3.042, 275.432, -0.187,  0.020, -0.018
195673.0, 2270, 35.17403420, 136.87987237, 41.478, -3809728.409, 3567591.915, 3653689.928, -1.441,  3.141, 275.429, -0.328,  0.036, -0.015
195673.2, 2270, 35.17403428, 136.87987147, 41.476, -3809728.349, 3567591.970, 3653689.934, -1.453,  3.154, 275.428, -0.484,  0.051, -0.000
195673.4, 2270, 35.17403439, 136.87987025, 41.475, -3809728.267, 3567592.046, 3653689.943, -1.476,  3.142, 275.429, -0.628,  0.062, -0.002
195673.6, 2270, 35.17403451, 136.87986872, 41.475, -3809728.166, 3567592.142, 3653689.954, -1.507,  3.126, 275.413, -0.770,  0.075,  0.002
195673.8, 2270, 35.17403467, 136.87986686, 41.475, -3809728.043, 3567592.259, 3653689.968, -1.528,  3.129, 275.365, -0.920,  0.091,  0.003
195674.0, 2270, 35.17403484, 136.87986465, 41.475, -3809727.897, 3567592.398, 3653689.984, -1.555,  3.130, 275.265, -1.095,  0.101,  0.001
195674.2, 2270, 35.17403504, 136.87986206, 41.474, -3809727.726, 3567592.562, 3653690.002, -1.594,  3.151, 275.062, -1.269,  0.117,  0.005
195674.4, 2270, 35.17403527, 136.87985906, 41.476, -3809727.529, 3567592.752, 3653690.023, -1.591,  3.158, 274.785, -1.460,  0.135,  0.011
195674.6, 2270, 35.17403551, 136.87985565, 41.476, -3809727.306, 3567592.969, 3653690.046, -1.573,  3.146, 274.320, -1.651,  0.130,  0.006
195674.8, 2270, 35.17403574, 136.87985182, 41.477, -3809727.057, 3567593.213, 3653690.067, -1.587,  3.145, 273.716, -1.822,  0.132,  0.007
195675.0, 2270, 35.17403599, 136.87984765, 41.479, -3809726.787, 3567593.481, 3653690.090, -1.451,  3.294, 273.045, -2.002,  0.120,  0.012
195675.2, 2270, 35.17403619, 136.87984305, 41.482, -3809726.493, 3567593.779, 3653690.110, -1.442,  3.236, 272.306, -2.178,  0.083,  0.005
195675.4, 2270, 35.17403627, 136.87983808, 41.480, -3809726.179, 3567594.105, 3653690.117, -1.689,  3.252, 271.486, -2.342,  0.032,  0.004
195675.6, 2270, 35.17403636, 136.87983278, 41.483, -3809725.847, 3567594.456, 3653690.127, -1.673,  3.342, 270.622, -2.482,  0.066,  0.033
195675.8, 2270, 35.17403647, 136.87982715, 41.490, -3809725.496, 3567594.829, 3653690.140, -1.402,  3.391, 269.748, -2.638,  0.031,  0.030
195676.0, 2270, 35.17403645, 136.87982123, 41.493, -3809725.129, 3567595.225, 3653690.141, -1.282,  3.497, 268.799, -2.762, -0.044,  0.019
195676.2, 2270, 35.17403633, 136.87981500, 41.502, -3809724.752, 3567595.650, 3653690.134, -1.265,  3.393, 267.812, -2.901, -0.093,  0.046
195676.4, 2270, 35.17403609, 136.87980852, 41.507, -3809724.362, 3567596.094, 3653690.116, -1.285,  3.437, 266.834, -3.010, -0.167,  0.020
195676.6, 2270, 35.17403578, 136.87980176, 41.515, -3809723.961, 3567596.561, 3653690.092, -1.231,  3.370, 265.841, -3.141, -0.189,  0.062
195676.8, 2270, 35.17403540, 136.87979473, 41.528, -3809723.548, 3567597.053, 3653690.065, -0.975,  3.194, 264.966, -3.257, -0.232,  0.062
195677.0, 2270, 35.17403490, 136.87978748, 41.536, -3809723.126, 3567597.561, 3653690.024, -0.872,  3.134, 264.151, -3.350, -0.325,  0.028
195677.2, 2270, 35.17403425, 136.87978001, 41.542, -3809722.694, 3567598.090, 3653689.969, -0.926,  3.116, 263.389, -3.459, -0.398,  0.039
195677.4, 2270, 35.17403351, 136.87977229, 41.550, -3809722.253, 3567598.640, 3653689.906, -0.928,  3.046, 262.750, -3.571, -0.431,  0.036
195677.6, 2270, 35.17403269, 136.87976434, 41.554, -3809721.798, 3567599.207, 3653689.835, -0.909,  2.974, 262.153, -3.676, -0.470,  0.024
195677.8, 2270, 35.17403178, 136.87975617, 41.560, -3809721.336, 3567599.793, 3653689.755, -0.932,  2.900, 261.603, -3.762, -0.541,  0.034
195678.0, 2270, 35.17403076, 136.87974782, 41.567, -3809720.868, 3567600.396, 3653689.667, -0.987,  2.799, 261.034, -3.834, -0.586,  0.041
195678.2, 2270, 35.17402968, 136.87973941, 41.574, -3809720.399, 3567601.007, 3653689.573, -1.019,  2.643, 260.510, -3.816, -0.618,  0.025
195678.4, 2270, 35.17402855, 136.87973111, 41.577, -3809719.936, 3567601.610, 3653689.472, -1.042,  2.667, 260.052, -3.747, -0.643,  0.007
195678.6, 2270, 35.17402737, 136.87972295, 41.579, -3809719.485, 3567602.205, 3653689.366, -1.158,  2.735, 259.684, -3.679, -0.659,  0.026
195678.8, 2270, 35.17402619, 136.87971501, 41.586, -3809719.049, 3567602.788, 3653689.263, -1.194,  2.710, 259.422, -3.540, -0.642,  0.039
195679.0, 2270, 35.17402507, 136.87970748, 41.592, -3809718.636, 3567603.341, 3653689.166, -1.175,  2.691, 259.244, -3.304, -0.604,  0.031
195679.2, 2270, 35.17402396, 136.87970056, 41.601, -3809718.262, 3567603.855, 3653689.069, -1.257,  2.765, 259.151, -3.003, -0.560,  0.041
195679.4, 2270, 35.17402295, 136.87969435, 41.610, -3809717.929, 3567604.317, 3653688.983, -1.328,  2.686, 259.150, -2.642, -0.490,  0.039
195679.6, 2270, 35.17402209, 136.87968902, 41.616, -3809717.640, 3567604.713, 3653688.909, -1.363,  2.633, 259.215, -2.229, -0.407,  0.007
195679.8, 2270, 35.17402136, 136.87968455, 41.618, -3809717.398, 3567605.043, 3653688.844, -1.442,  2.731, 259.321, -1.852, -0.341,  0.001
195680.0, 2270, 35.17402077, 136.87968079, 41.621, -3809717.192, 3567605.320, 3653688.792, -1.388,  2.856, 259.370, -1.596, -0.269,  0.004
195680.2, 2270, 35.17402030, 136.87967747, 41.622, -3809717.008, 3567605.562, 3653688.749, -1.314,  2.937, 259.363, -1.440, -0.258,  0.005
195680.4, 2270, 35.17401983, 136.87967443, 41.623, -3809716.841, 3567605.785, 3653688.708, -1.388,  2.915, 259.266, -1.338, -0.259,  0.013
195680.6, 2270, 35.17401938, 136.87967153, 41.625, -3809716.683, 3567605.998, 3653688.668, -1.449,  2.912, 259.208, -1.307, -0.234,  0.011
195680.8, 2270, 35.17401896, 136.87966869, 41.627, -3809716.526, 3567606.207, 3653688.631, -1.410,  2.881, 259.160, -1.288, -0.229,  0.006
195681.0, 2270, 35.17401855, 136.87966588, 41.628, -3809716.372, 3567606.412, 3653688.594, -1.396,  2.856, 259.111, -1.265, -0.238,  0.003
195681.2, 2270, 35.17401812, 136.87966318, 41.629, -3809716.224, 3567606.611, 3653688.556, -1.472,  2.758, 259.075, -1.178, -0.234,  0.004
195681.4, 2270, 35.17401773, 136.87966076, 41.629, -3809716.091, 3567606.789, 3653688.520, -1.546,  2.695, 259.035, -1.032, -0.199, -0.002
195681.6, 2270, 35.17401740, 136.87965865, 41.629, -3809715.975, 3567606.944, 3653688.491, -1.566,  2.630, 259.019, -0.876, -0.160,  0.003
195681.8, 2270, 35.17401714, 136.87965692, 41.629, -3809715.880, 3567607.070, 3653688.467, -1.569,  2.587, 258.995, -0.702, -0.136,  0.001
195682.0, 2270, 35.17401692, 136.87965555, 41.629, -3809715.805, 3567607.170, 3653688.448, -1.579,  2.544, 258.982, -0.547, -0.101, -0.005
195682.2, 2270, 35.17401677, 136.87965451, 41.628, -3809715.747, 3567607.246, 3653688.433, -1.573,  2.522, 258.964, -0.402, -0.075, -0.005
195682.4, 2270, 35.17401666, 136.87965379, 41.627, -3809715.707, 3567607.298, 3653688.423, -1.570,  2.492, 258.958, -0.248, -0.045, -0.006
195682.6, 2270, 35.17401660, 136.87965340, 41.625, -3809715.684, 3567607.325, 3653688.416, -1.577,  2.516, 258.954, -0.121, -0.024, -0.015
195682.8, 2270, 35.17401658, 136.87965325, 41.623, -3809715.674, 3567607.335, 3653688.413, -1.580,  2.520, 258.948, -0.025, -0.003, -0.010
195683.0, 2270, 35.17401658, 136.87965326, 41.623, -3809715.675, 3567607.335, 3653688.413, -1.578,  2.556, 258.950,  0.023,  0.008, -0.012
195683.2, 2270, 35.17401658, 136.87965327, 41.623, -3809715.675, 3567607.334, 3653688.414, -1.584,  2.594, 258.946, -0.010, -0.004, -0.004
195683.4, 2270, 35.17401658, 136.87965326, 41.623, -3809715.675, 3567607.334, 3653688.413, -1.589,  2.580, 258.948,  0.007,  0.004, -0.013
195683.6, 2270, 35.17401658, 136.87965326, 41.623, -3809715.675, 3567607.334, 3653688.413, -1.584,  2.576, 258.949, -0.004,  0.001, -0.007
195683.8, 2270, 35.17401658, 136.87965326, 41.623, -3809715.675, 3567607.334, 3653688.413, -1.581,  2.581, 258.948,  0.001,  0.001, -0.009
195684.0, 2270, 35.17401658, 136.87965326, 41.623, -3809715.675, 3567607.334, 3653688.413, -1.587,  2.579, 258.949, -0.001,  0.001, -0.009
195684.2, 2270, 35.17401658, 136.87965326, 41.623, -3809715.675, 3567607.334, 3653688.413, -1.588,  2.581, 258.948,  0.002,  0.002, -0.010
195684.4, 2270, 35.17401658, 136.87965326, 41.623, -3809715.675, 3567607.335, 3653688.413, -1.586,  2.575, 258.948, -0.001,  0.001, -0.008
195684.6, 2270, 35.17401658, 136.87965326, 41.623, -3809715.675, 3567607.334, 3653688.413, -1.589,  2.579, 258.948,  0.001,  0.000, -0.009
195684.8, 2270, 35.17401658, 136.87965326, 41.623, -3809715.675, 3567607.334, 3653688.413, -1.589,  2.575, 258.947,  0.002,  0.001, -0.008
195685.0, 2270, 35.17401658, 136.87965326, 41.623, -3809715.675, 3567607.334, 3653688.413, -1.588,  2.576, 258.946,  0.003,  0.001, -0.009
195685.2, 2270, 35.17401658, 136.87965326, 41.623, -3809715.675, 3567607.335, 3653688.413, -1.586,  2.573, 258.947,  0.001,  0.003, -0.009
195685.4, 2270, 35.17401658, 136.87965326, 41.623, -3809715.675, 3567607.335, 3653688.413, -1.581,  2.573, 258.947, -0.000,  0.002, -0.009
195685.6, 2270, 35.17401658, 136.87965326, 41.623, -3809715.675, 3567607.335, 3653688.413, -1.587,  2.569, 258.948,  0.001,  0.001, -0.010
195685.8, 2270, 35.17401658, 136.87965326, 41.623, -3809715.675, 3567607.335, 3653688.413, -1.588,  2.567, 258.948,  0.001,  0.002, -0.009
195686.0, 2270, 35.17401658, 136.87965326, 41.623, -3809715.675, 3567607.335, 3653688.413, -1.587,  2.566, 258.948,  0.003, -0.000, -0.012
195686.2, 2270, 35.17401658, 136.87965326, 41.623, -3809715.675, 3567607.335, 3653688.413, -1.586,  2.567, 258.948,  0.001,  0.003, -0.010
195686.4, 2270, 35.17401658, 136.87965326, 41.623, -3809715.675, 3567607.335, 3653688.413, -1.585,  2.565, 258.948,  0.003,  0.001, -0.012
195686.6, 2270, 35.17401658, 136.87965326, 41.622, -3809715.674, 3567607.333, 3653688.413, -1.584,  2.564, 258.947,  0.002,  0.000, -0.012
195686.8, 2270, 35.17401658, 136.87965327, 41.619, -3809715.673, 3567607.332, 3653688.411, -1.586,  2.565, 258.949,  0.001,  0.001, -0.014
195687.0, 2270, 35.17401658, 136.87965324, 41.615, -3809715.668, 3567607.331, 3653688.408, -1.590,  2.630, 258.943, -0.036, -0.007, -0.027
195687.2, 2270, 35.17401656, 136.87965308, 41.610, -3809715.657, 3567607.340, 3653688.404, -1.594,  2.677, 258.942, -0.109, -0.019, -0.011
195687.4, 2270, 35.17401651, 136.87965276, 41.609, -3809715.638, 3567607.363, 3653688.398, -1.595,  2.663, 258.937, -0.181, -0.035, -0.008
195687.6, 2270, 35.17401643, 136.87965227, 41.606, -3809715.610, 3567607.398, 3653688.390, -1.592,  2.670, 258.935, -0.273, -0.052, -0.010
195687.8, 2270, 35.17401632, 136.87965155, 41.604, -3809715.569, 3567607.449, 3653688.379, -1.588,  2.677, 258.937, -0.387, -0.072, -0.010
195688.0, 2270, 35.17401617, 136.87965058, 41.603, -3809715.515, 3567607.519, 3653688.365, -1.584,  2.637, 258.942, -0.484, -0.092,  0.002
195688.2, 2270, 35.17401600, 136.87964947, 41.603, -3809715.454, 3567607.601, 3653688.349, -1.596,  2.579, 258.945, -0.529, -0.104, -0.003
195688.4, 2270, 35.17401581, 136.87964825, 41.601, -3809715.386, 3567607.689, 3653688.330, -1.612,  2.556, 258.955, -0.578, -0.111, -0.008
195688.6, 2270, 35.17401560, 136.87964694, 41.599, -3809715.312, 3567607.784, 3653688.311, -1.619,  2.539, 258.959, -0.623, -0.118, -0.005
195688.8, 2270, 35.17401538, 136.87964552, 41.597, -3809715.233, 3567607.887, 3653688.290, -1.626,  2.517, 258.970, -0.664, -0.126, -0.008
195689.0, 2270, 35.17401515, 136.87964400, 41.595, -3809715.148, 3567607.998, 3653688.267, -1.629,  2.507, 258.978, -0.736, -0.139, -0.013
195689.2, 2270, 35.17401489, 136.87964226, 41.592, -3809715.051, 3567608.122, 3653688.242, -1.606,  2.517, 258.997, -0.844, -0.155, -0.010
195689.4, 2270, 35.17401459, 136.87964030, 41.590, -3809714.941, 3567608.265, 3653688.214, -1.609,  2.507, 259.008, -0.947, -0.179, -0.003
195689.6, 2270, 35.17401424, 136.87963810, 41.588, -3809714.819, 3567608.425, 3653688.181, -1.624,  2.492, 259.020, -1.054, -0.199, -0.007
195689.8, 2270, 35.17401387, 136.87963568, 41.587, -3809714.685, 3567608.601, 3653688.147, -1.619,  2.452, 259.034, -1.145, -0.214, -0.003
195690.0, 2270, 35.17401347, 136.87963313, 41.586, -3809714.544, 3567608.788, 3653688.110, -1.655,  2.371, 259.059, -1.174, -0.227, -0.007
195690.2, 2270, 35.17401306, 136.87963053, 41.583, -3809714.399, 3567608.977, 3653688.071, -1.690,  2.339, 259.067, -1.196, -0.227, -0.018
195690.4, 2270, 35.17401267, 136.87962787, 41.579, -3809714.250, 3567609.169, 3653688.033, -1.646,  2.310, 259.088, -1.226, -0.218, -0.010
195690.6, 2270, 35.17401226, 136.87962516, 41.576, -3809714.098, 3567609.365, 3653687.994, -1.646,  2.296, 259.107, -1.243, -0.238, -0.022
195690.8, 2270, 35.17401182, 136.87962240, 41.571, -3809713.944, 3567609.565, 3653687.951, -1.713,  2.302, 259.113, -1.273, -0.245, -0.020
195691.0, 2270, 35.17401137, 136.87961952, 41.566, -3809713.783, 3567609.773, 3653687.908, -1.755,  2.354, 259.131, -1.359, -0.256, -0.022
195691.2, 2270, 35.17401090, 136.87961642, 41.562, -3809713.610, 3567609.998, 3653687.863, -1.760,  2.332, 259.128, -1.465, -0.279, -0.011
195691.4, 2270, 35.17401038, 136.87961309, 41.558, -3809713.424, 3567610.240, 3653687.813, -1.786,  2.284, 259.121, -1.574, -0.295, -0.023
195691.6, 2270, 35.17400982, 136.87960951, 41.554, -3809713.225, 3567610.500, 3653687.761, -1.827,  2.238, 259.100, -1.690, -0.324, -0.009
195691.8, 2270, 35.17400923, 136.87960569, 41.551, -3809713.013, 3567610.779, 3653687.705, -1.861,  2.191, 259.076, -1.791, -0.340, -0.016
195692.0, 2270, 35.17400860, 136.87960164, 41.547, -3809712.787, 3567611.073, 3653687.646, -1.862,  2.192, 259.058, -1.898, -0.355, -0.019
195692.2, 2270, 35.17400795, 136.87959737, 41.542, -3809712.549, 3567611.383, 3653687.584, -1.869,  2.209, 259.030, -1.993, -0.379, -0.024
195692.4, 2270, 35.17400724, 136.87959290, 41.537, -3809712.301, 3567611.708, 3653687.517, -1.908,  2.191, 259.013, -2.069, -0.398, -0.018
195692.6, 2270, 35.17400652, 136.87958829, 41.533, -3809712.045, 3567612.044, 3653687.449, -1.970,  2.196, 258.986, -2.131, -0.407, -0.018
195692.8, 2270, 35.17400578, 136.87958356, 41.527, -3809711.781, 3567612.388, 3653687.378, -2.005,  2.220, 258.957, -2.183, -0.421, -0.036
195693.0, 2270, 35.17400500, 136.87957870, 41.520, -3809711.510, 3567612.740, 3653687.304, -2.060,  2.245, 258.939, -2.234, -0.439, -0.032
195693.2, 2270, 35.17400423, 136.87957375, 41.516, -3809711.236, 3567613.102, 3653687.231, -2.057,  2.277, 258.886, -2.278, -0.432, -0.010
195693.4, 2270, 35.17400342, 136.87956868, 41.512, -3809710.956, 3567613.471, 3653687.156, -2.103,  2.220, 258.809, -2.331, -0.462, -0.023
195693.6, 2270, 35.17400257, 136.87956356, 41.506, -3809710.673, 3567613.846, 3653687.075, -2.263,  2.193, 258.690, -2.340, -0.475, -0.022
195693.8, 2270, 35.17400172, 136.87955842, 41.503, -3809710.391, 3567614.223, 3653686.996, -2.341,  2.127, 258.566, -2.327, -0.458, -0.007
195694.0, 2270, 35.17400093, 136.87955332, 41.501, -3809710.109, 3567614.595, 3653686.924, -2.124,  2.090, 258.364, -2.330, -0.419, -0.009
195694.2, 2270, 35.17400021, 136.87954816, 41.499, -3809709.820, 3567614.969, 3653686.857, -1.516,  1.816, 258.147, -2.346, -0.378,  0.001
195694.4, 2270, 35.17399941, 136.87954311, 41.497, -3809709.542, 3567615.338, 3653686.783, -1.342,  1.801, 257.820, -2.262, -0.519, -0.016
195694.6, 2270, 35.17399838, 136.87953817, 41.488, -3809709.277, 3567615.707, 3653686.686, -1.791,  1.814, 257.291, -2.246, -0.607, -0.058
195694.8, 2270, 35.17399735, 136.87953327, 41.479, -3809709.014, 3567616.073, 3653686.586, -2.179,  1.728, 256.707, -2.200, -0.549, -0.042
195695.0, 2270, 35.17399637, 136.87952850, 41.473, -3809708.760, 3567616.429, 3653686.494, -2.323,  1.834, 256.043, -2.158, -0.543, -0.012
195695.2, 2270, 35.17399540, 136.87952381, 41.467, -3809708.510, 3567616.780, 3653686.403, -2.283,  1.840, 255.277, -2.108, -0.519, -0.051
195695.4, 2270, 35.17399452, 136.87951924, 41.454, -3809708.258, 3567617.115, 3653686.316, -1.783,  2.167, 254.376, -2.064, -0.475, -0.037
195695.6, 2270, 35.17399354, 136.87951477, 41.452, -3809708.025, 3567617.454, 3653686.225, -1.525,  2.226, 253.414, -1.994, -0.623, -0.003
195695.8, 2270, 35.17399235, 136.87951047, 41.446, -3809707.809, 3567617.789, 3653686.114, -1.816,  2.181, 252.156, -1.923, -0.686, -0.063
195696.0, 2270, 35.17399115, 136.87950626, 41.434, -3809707.595, 3567618.114, 3653685.998, -1.855,  2.350, 250.893, -1.920, -0.644, -0.038
195696.2, 2270, 35.17398998, 136.87950207, 41.434, -3809707.389, 3567618.444, 3653685.892, -1.533,  2.341, 249.510, -1.871, -0.679,  0.015
195696.4, 2270, 35.17398867, 136.87949805, 41.433, -3809707.199, 3567618.768, 3653685.773, -1.455,  2.498, 247.956, -1.799, -0.773, -0.023
195696.6, 2270, 35.17398726, 136.87949412, 41.425, -3809707.015, 3567619.086, 3653685.640, -1.433,  2.724, 246.157, -1.802, -0.789, -0.060
195696.8, 2270, 35.17398574, 136.87949012, 41.417, -3809706.833, 3567619.414, 3653685.498, -1.263,  2.959, 244.078, -1.844, -0.888,  0.009
195697.0, 2270, 35.17398403, 136.87948607, 41.421, -3809706.662, 3567619.760, 3653685.345, -1.108,  2.827, 241.591, -1.831, -1.015,  0.004
195697.2, 2270, 35.17398209, 136.87948212, 41.421, -3809706.507, 3567620.108, 3653685.169, -0.894,  2.911, 238.697, -1.792, -1.082, -0.032
195697.4, 2270, 35.17397998, 136.87947821, 41.418, -3809706.360, 3567620.458, 3653684.976, -0.535,  3.148, 235.466, -1.793, -1.216,  0.006
195697.6, 2270, 35.17397758, 136.87947436, 41.426, -3809706.237, 3567620.823, 3653684.763, -0.377,  2.956, 232.088, -1.724, -1.375,  0.042
195697.8, 2270, 35.17397493, 136.87947070, 41.432, -3809706.136, 3567621.186, 3653684.526, -0.373,  2.942, 228.618, -1.642, -1.503,  0.006
195698.0, 2270, 35.17397210, 136.87946713, 41.437, -3809706.049, 3567621.550, 3653684.272, -0.154,  2.904, 225.030, -1.616, -1.592,  0.013
195698.2, 2270, 35.17396903, 136.87946370, 41.440, -3809705.980, 3567621.914, 3653683.996,  0.087,  2.837, 221.454, -1.522, -1.772, -0.003
195698.4, 2270, 35.17396566, 136.87946053, 41.443, -3809705.942, 3567622.273, 3653683.691, -0.042,  2.574, 217.957, -1.385, -1.899,  0.010
195698.6, 2270, 35.17396216, 136.87945762, 41.445, -3809705.925, 3567622.621, 3653683.376, -0.107,  2.409, 214.626, -1.303, -1.932, -0.011
195698.8, 2270, 35.17395860, 136.87945493, 41.443, -3809705.922, 3567622.954, 3653683.051, -0.022,  2.350, 211.394, -1.166, -1.967, -0.027
195699.0, 2270, 35.17395498, 136.87945258, 41.442, -3809705.945, 3567623.269, 3653682.723, -0.089,  2.276, 208.310, -1.013, -1.991,  0.006
195699.2, 2270, 35.17395133, 136.87945050, 41.446, -3809705.988, 3567623.568, 3653682.394, -0.117,  2.134, 205.322, -0.919, -2.012, -0.003
195699.4, 2270, 35.17394765, 136.87944860, 41.448, -3809706.042, 3567623.856, 3653682.061,  0.088,  2.011, 202.503, -0.833, -2.017, -0.015
195699.6, 2270, 35.17394391, 136.87944697, 41.442, -3809706.111, 3567624.125, 3653681.719,  0.099,  2.195, 199.704, -0.706, -2.099, -0.058
195699.8, 2270, 35.17393993, 136.87944552, 41.434, -3809706.202, 3567624.390, 3653681.353,  0.007,  2.341, 196.973, -0.666, -2.256, -0.033
195700.0, 2270, 35.17393571, 136.87944417, 41.433, -3809706.314, 3567624.664, 3653680.970,  0.117,  2.333, 194.133, -0.588, -2.376, -0.006
195700.2, 2270, 35.17393128, 136.87944306, 41.431, -3809706.451, 3567624.930, 3653680.568,  0.160,  2.361, 191.085, -0.444, -2.483, -0.040
195700.4, 2270, 35.17392667, 136.87944228, 41.425, -3809706.614, 3567625.180, 3653680.145,  0.034,  2.332, 187.604, -0.296, -2.587, -0.035
195700.6, 2270, 35.17392189, 136.87944187, 41.420, -3809706.809, 3567625.413, 3653679.709, -0.147,  2.288, 183.900, -0.125, -2.661, -0.026
195700.8, 2270, 35.17391696, 136.87944181, 41.416, -3809707.032, 3567625.631, 3653679.260, -0.244,  2.264, 180.109,  0.030, -2.748, -0.027
195701.0, 2270, 35.17391189, 136.87944211, 41.411, -3809707.285, 3567625.829, 3653678.797, -0.281,  2.234, 176.413,  0.214, -2.838, -0.040
195701.2, 2270, 35.17390668, 136.87944285, 41.404, -3809707.570, 3567626.004, 3653678.321, -0.349,  2.159, 172.933,  0.401, -2.914, -0.049
195701.4, 2270, 35.17390135, 136.87944403, 41.397, -3809707.887, 3567626.154, 3653677.834, -0.627,  2.168, 169.787,  0.611, -2.976, -0.053
195701.6, 2270, 35.17389588, 136.87944560, 41.389, -3809708.235, 3567626.284, 3653677.332, -1.012,  2.145, 167.240,  0.742, -3.084, -0.046
195701.8, 2270, 35.17389023, 136.87944741, 41.383, -3809708.609, 3567626.408, 3653676.817, -1.235,  1.928, 165.336,  0.839, -3.155, -0.033
195702.0, 2270, 35.17388450, 136.87944939, 41.378, -3809708.995, 3567626.523, 3653676.294, -1.313,  1.890, 164.049,  0.906, -3.177, -0.047
195702.2, 2270, 35.17387876, 136.87945144, 41.370, -3809709.386, 3567626.633, 3653675.769, -1.401,  1.752, 163.270,  0.960, -3.178, -0.036
195702.4, 2270, 35.17387308, 136.87945358, 41.362, -3809709.780, 3567626.735, 3653675.249, -1.620,  1.683, 162.865,  0.976, -3.133, -0.052
195702.6, 2270, 35.17386748, 136.87945570, 41.350, -3809710.166, 3567626.832, 3653674.734, -1.812,  1.740, 162.719,  0.962, -3.077, -0.057
195702.8, 2270, 35.17386198, 136.87945776, 41.342, -3809710.546, 3567626.930, 3653674.231, -1.929,  1.680, 162.767,  0.917, -3.013, -0.038
195703.0, 2270, 35.17385663, 136.87945972, 41.332, -3809710.912, 3567627.028, 3653673.741, -1.964,  1.723, 163.061,  0.873, -2.918, -0.059
195703.2, 2270, 35.17385145, 136.87946164, 41.326, -3809711.269, 3567627.123, 3653673.267, -2.001,  1.769, 163.470,  0.804, -2.850, -0.026
195703.4, 2270, 35.17384642, 136.87946341, 41.323, -3809711.613, 3567627.224, 3653672.809, -1.829,  1.639, 163.741,  0.745, -2.740, -0.027
195703.6, 2270, 35.17384162, 136.87946513, 41.319, -3809711.941, 3567627.317, 3653672.371, -1.798,  1.640, 163.823,  0.750, -2.609, -0.036
195703.8, 2270, 35.17383703, 136.87946683, 41.313, -3809712.257, 3567627.402, 3653671.952, -1.897,  1.629, 163.803,  0.722, -2.495, -0.048
195704.0, 2270, 35.17383264, 136.87946842, 41.308, -3809712.558, 3567627.484, 3653671.551, -1.948,  1.687, 163.842,  0.680, -2.378, -0.031
195704.2, 2270, 35.17382850, 136.87946995, 41.305, -3809712.844, 3567627.562, 3653671.174, -2.044,  1.731, 163.948,  0.638, -2.241, -0.031
195704.4, 2270, 35.17382462, 136.87947134, 41.298, -3809713.108, 3567627.635, 3653670.818, -2.073,  1.841, 164.049,  0.587, -2.102, -0.051
195704.6, 2270, 35.17382098, 136.87947266, 41.292, -3809713.357, 3567627.703, 3653670.485, -2.158,  1.898, 164.256,  0.548, -1.962, -0.033
195704.8, 2270, 35.17381760, 136.87947386, 41.289, -3809713.587, 3567627.770, 3653670.175, -2.178,  1.944, 164.487,  0.475, -1.837, -0.027
195705.0, 2270, 35.17381439, 136.87947493, 41.283, -3809713.800, 3567627.835, 3653669.881, -2.089,  2.070, 164.698,  0.455, -1.763, -0.049
195705.2, 2270, 35.17381123, 136.87947600, 41.278, -3809714.010, 3567627.899, 3653669.592, -2.062,  2.176, 164.902,  0.461, -1.760, -0.026
195705.4, 2270, 35.17380809, 136.87947708, 41.277, -3809714.224, 3567627.964, 3653669.306, -2.145,  2.109, 165.076,  0.471, -1.745, -0.013
195705.6, 2270, 35.17380497, 136.87947814, 41.276, -3809714.435, 3567628.029, 3653669.023, -2.204,  2.026, 165.229,  0.437, -1.735, -0.015
195705.8, 2270, 35.17380189, 136.87947915, 41.275, -3809714.641, 3567628.095, 3653668.743, -2.197,  2.009, 165.258,  0.440, -1.698, -0.023
195706.0, 2270, 35.17379886, 136.87948019, 41.271, -3809714.845, 3567628.157, 3653668.466, -2.281,  2.030, 165.268,  0.449, -1.681, -0.027
195706.2, 2270, 35.17379586, 136.87948115, 41.267, -3809715.043, 3567628.222, 3653668.191, -2.368,  2.083, 165.262,  0.428, -1.659, -0.017
195706.4, 2270, 35.17379288, 136.87948207, 41.263, -3809715.236, 3567628.289, 3653667.919, -2.336,  2.124, 165.267,  0.405, -1.638, -0.023
195706.6, 2270, 35.17378997, 136.87948295, 41.260, -3809715.425, 3567628.356, 3653667.654, -2.268,  2.304, 165.245,  0.410, -1.653, -0.017
195706.8, 2270, 35.17378700, 136.87948385, 41.255, -3809715.617, 3567628.423, 3653667.381, -2.219,  2.129, 165.313,  0.411, -1.608, -0.036
195707.0, 2270, 35.17378416, 136.87948475, 41.250, -3809715.801, 3567628.484, 3653667.121, -2.303,  2.509, 165.333,  0.421, -1.572, -0.023
195707.2, 2270, 35.17378128, 136.87948565, 41.245, -3809715.989, 3567628.547, 3653666.857, -2.379,  2.610, 165.478,  0.396, -1.611, -0.026
195707.4, 2270, 35.17377838, 136.87948651, 41.240, -3809716.175, 3567628.614, 3653666.591, -2.341,  2.600, 165.622,  0.393, -1.607, -0.019
195707.6, 2270, 35.17377549, 136.87948739, 41.236, -3809716.363, 3567628.679, 3653666.327, -2.403,  2.613, 165.784,  0.402, -1.603, -0.015
195707.8, 2270, 35.17377260, 136.87948827, 41.235, -3809716.551, 3567628.747, 3653666.064, -2.465,  2.585, 165.943,  0.386, -1.606, -0.003
195708.0, 2270, 35.17376970, 136.87948910, 41.233, -3809716.737, 3567628.817, 3653665.800, -2.463,  2.520, 166.101,  0.382, -1.604, -0.016
195708.2, 2270, 35.17376682, 136.87948994, 41.235, -3809716.925, 3567628.888, 3653665.539, -2.470,  2.394, 166.261,  0.389, -1.593,  0.029
195708.4, 2270, 35.17376397, 136.87949074, 41.225, -3809717.101, 3567628.954, 3653665.276, -2.487,  2.636, 166.360,  0.350, -1.586, -0.049
195708.6, 2270, 35.17376106, 136.87949156, 41.228, -3809717.290, 3567629.028, 3653665.013, -2.445,  2.275, 166.427,  0.387, -1.621,  0.057
195708.8, 2270, 35.17375819, 136.87949240, 41.233, -3809717.480, 3567629.100, 3653664.757, -2.540,  2.049, 166.323,  0.382, -1.574, -0.008
195709.0, 2270, 35.17375533, 136.87949323, 41.229, -3809717.662, 3567629.168, 3653664.495, -2.534,  1.992, 166.220,  0.365, -1.601, -0.028
195709.2, 2270, 35.17375244, 136.87949403, 41.224, -3809717.844, 3567629.239, 3653664.229, -2.422,  1.863, 166.078,  0.378, -1.614, -0.020
195709.4, 2270, 35.17374952, 136.87949489, 41.221, -3809718.032, 3567629.307, 3653663.963, -2.404,  1.738, 165.913,  0.404, -1.619, -0.015
195709.6, 2270, 35.17374659, 136.87949578, 41.218, -3809718.222, 3567629.374, 3653663.695, -2.448,  1.640, 165.752,  0.405, -1.631, -0.023
195709.8, 2270, 35.17374366, 136.87949667, 41.213, -3809718.411, 3567629.441, 3653663.427, -2.422,  1.632, 165.591,  0.397, -1.625, -0.013
195710.0, 2270, 35.17374074, 136.87949757, 41.211, -3809718.603, 3567629.507, 3653663.160, -2.478,  1.573, 165.464,  0.433, -1.606, -0.024
195710.2, 2270, 35.17373788, 136.87949849, 41.204, -3809718.789, 3567629.566, 3653662.897, -2.581,  1.640, 165.373,  0.399, -1.570, -0.044
195710.4, 2270, 35.17373505, 136.87949936, 41.197, -3809718.971, 3567629.628, 3653662.636, -2.591,  1.691, 165.356,  0.397, -1.569, -0.025
195710.6, 2270, 35.17373227, 136.87950022, 41.190, -3809719.150, 3567629.689, 3653662.381, -2.627,  1.782, 165.363,  0.385, -1.515, -0.039
195710.8, 2270, 35.17372958, 136.87950103, 41.183, -3809719.322, 3567629.749, 3653662.133, -2.569,  1.873, 165.367,  0.365, -1.457, -0.041
195711.0, 2270, 35.17372703, 136.87950180, 41.175, -3809719.484, 3567629.804, 3653661.897, -2.520,  1.930, 165.399,  0.330, -1.369, -0.036
195711.2, 2270, 35.17372469, 136.87950259, 41.170, -3809719.640, 3567629.852, 3653661.682, -2.585,  2.034, 165.431,  0.327, -1.248, -0.025
195711.4, 2270, 35.17372257, 136.87950330, 41.167, -3809719.781, 3567629.895, 3653661.488, -2.594,  2.102, 165.437,  0.277, -1.116, -0.023
195711.6, 2270, 35.17372068, 136.87950393, 41.166, -3809719.908, 3567629.935, 3653661.315, -2.580,  2.108, 165.469,  0.248, -0.996, -0.015
195711.8, 2270, 35.17371902, 136.87950449, 41.165, -3809720.019, 3567629.969, 3653661.164, -2.558,  2.133, 165.477,  0.205, -0.861, -0.016
195712.0, 2270, 35.17371760, 136.87950497, 41.163, -3809720.114, 3567629.999, 3653661.035, -2.516,  2.179, 165.504,  0.175, -0.722, -0.016
195712.2, 2270, 35.17371644, 136.87950531, 41.160, -3809720.188, 3567630.026, 3653660.927, -2.489,  2.243, 165.511,  0.137, -0.576, -0.015
195712.4, 2270, 35.17371551, 136.87950558, 41.157, -3809720.246, 3567630.046, 3653660.842, -2.483,  2.275, 165.519,  0.108, -0.451, -0.013
195712.6, 2270, 35.17371480, 136.87950578, 41.155, -3809720.290, 3567630.063, 3653660.776, -2.445,  2.286, 165.520,  0.073, -0.337, -0.014
195712.8, 2270, 35.17371429, 136.87950592, 41.152, -3809720.321, 3567630.074, 3653660.728, -2.438,  2.292, 165.535,  0.059, -0.233, -0.016
195713.0, 2270, 35.17371393, 136.87950604, 41.148, -3809720.343, 3567630.080, 3653660.693, -2.458,  2.323, 165.534,  0.042, -0.171, -0.020
195713.2, 2270, 35.17371368, 136.87950616, 41.147, -3809720.361, 3567630.082, 3653660.670, -2.444,  2.339, 165.541,  0.022, -0.114, -0.014
195713.4, 2270, 35.17371347, 136.87950627, 41.145, -3809720.377, 3567630.083, 3653660.650, -2.426,  2.420, 165.538,  0.034, -0.143, -0.024
195713.6, 2270, 35.17371315, 136.87950643, 41.143, -3809720.400, 3567630.085, 3653660.620, -2.451,  2.462, 165.540,  0.053, -0.220, -0.014
195713.8, 2270, 35.17371271, 136.87950662, 41.142, -3809720.432, 3567630.091, 3653660.579, -2.450,  2.483, 165.543,  0.066, -0.291, -0.020
195714.0, 2270, 35.17371208, 136.87950685, 41.139, -3809720.475, 3567630.101, 3653660.520, -2.439,  2.602, 165.553,  0.103, -0.429, -0.028
195714.2, 2270, 35.17371114, 136.87950713, 41.135, -3809720.533, 3567630.121, 3653660.433, -2.458,  2.670, 165.558,  0.149, -0.611, -0.010
195714.4, 2270, 35.17370987, 136.87950751, 41.134, -3809720.615, 3567630.151, 3653660.317, -2.474,  2.646, 165.572,  0.194, -0.802, -0.009
195714.6, 2270, 35.17370823, 136.87950799, 41.131, -3809720.720, 3567630.189, 3653660.167, -2.470,  2.631, 165.577,  0.245, -1.021, -0.015
195714.8, 2270, 35.17370618, 136.87950858, 41.128, -3809720.851, 3567630.238, 3653659.979, -2.418,  2.620, 165.604,  0.299, -1.252, -0.023
195715.0, 2270, 35.17370371, 136.87950931, 41.123, -3809721.009, 3567630.295, 3653659.752, -2.375,  2.663, 165.638,  0.368, -1.505, -0.026
195715.2, 2270, 35.17370075, 136.87951022, 41.120, -3809721.201, 3567630.362, 3653659.482, -2.477,  2.539, 165.655,  0.442, -1.769, -0.001
195715.4, 2270, 35.17369731, 136.87951123, 41.120, -3809721.425, 3567630.445, 3653659.170, -2.425,  2.451, 165.711,  0.491, -2.049, -0.008
195715.6, 2270, 35.17369338, 136.87951237, 41.120, -3809721.679, 3567630.541, 3653658.813, -2.339,  2.315, 165.741,  0.553, -2.325,  0.012
195715.8, 2270, 35.17368894, 136.87951365, 41.124, -3809721.968, 3567630.652, 3653658.413, -2.221,  2.041, 165.840,  0.610, -2.576,  0.005
195716.0, 2270, 35.17368408, 136.87951507, 41.121, -3809722.281, 3567630.768, 3653657.970, -2.190,  2.046, 165.896,  0.686, -2.826, -0.041
195716.2, 2270, 35.17367873, 136.87951663, 41.111, -3809722.623, 3567630.892, 3653657.479, -2.161,  2.102, 165.998,  0.732, -3.112, -0.050
195716.4, 2270, 35.17367288, 136.87951829, 41.102, -3809722.993, 3567631.033, 3653656.944, -2.026,  2.150, 166.092,  0.765, -3.377, -0.028
195716.6, 2270, 35.17366656, 136.87952006, 41.095, -3809723.394, 3567631.187, 3653656.367, -1.898,  2.237, 166.177,  0.855, -3.623, -0.051
195716.8, 2270, 35.17365981, 136.87952205, 41.087, -3809723.828, 3567631.345, 3653655.750, -2.022,  2.297, 166.257,  0.939, -3.879, -0.031
195717.0, 2270, 35.17365259, 136.87952412, 41.080, -3809724.290, 3567631.519, 3653655.091, -2.057,  2.318, 166.288,  0.946, -4.125, -0.043
195717.2, 2270, 35.17364493, 136.87952631, 41.076, -3809724.781, 3567631.706, 3653654.395, -1.850,  2.352, 166.286,  1.012, -4.377, -0.026
195717.4, 2270, 35.17363685, 136.87952869, 41.075, -3809725.305, 3567631.900, 3653653.660, -1.866,  2.281, 166.305,  1.090, -4.597, -0.019
195717.6, 2270, 35.17362836, 136.87953121, 41.072, -3809725.857, 3567632.101, 3653652.889, -1.953,  2.298, 166.296,  1.161, -4.821, -0.042
195717.8, 2270, 35.17361947, 136.87953387, 41.066, -3809726.433, 3567632.310, 3653652.080, -2.081,  2.333, 166.283,  1.189, -5.049, -0.045
195718.0, 2270, 35.17361015, 136.87953660, 41.062, -3809727.035, 3567632.533, 3653651.232, -2.081,  2.254, 166.208,  1.259, -5.295, -0.029
195718.2, 2270, 35.17360040, 136.87953944, 41.056, -3809727.664, 3567632.767, 3653650.345, -2.114,  2.015, 166.173,  1.311, -5.513, -0.029
195718.4, 2270, 35.17359032, 136.87954236, 41.049, -3809728.311, 3567633.009, 3653649.426, -2.038,  2.104, 166.147,  1.346, -5.689, -0.045
195718.6, 2270, 35.17357988, 136.87954537, 41.036, -3809728.978, 3567633.258, 3653648.473, -1.960,  2.465, 166.142,  1.445, -5.919, -0.086
195718.8, 2270, 35.17356904, 136.87954864, 41.022, -3809729.679, 3567633.506, 3653647.480, -2.392,  2.415, 166.120,  1.490, -6.110, -0.026
195719.0, 2270, 35.17355781, 136.87955189, 41.024, -3809730.407, 3567633.782, 3653646.463, -2.341,  2.428, 166.138,  1.489, -6.330,  0.018
195719.2, 2270, 35.17354625, 136.87955536, 41.017, -3809731.158, 3567634.052, 3653645.411, -2.598,  2.640, 166.183,  1.602, -6.518, -0.038
195719.4, 2270, 35.17353431, 136.87955897, 41.018, -3809731.940, 3567634.334, 3653644.329, -2.905,  2.619, 166.174,  1.630, -6.729,  0.005
195719.6, 2270, 35.17352202, 136.87956260, 41.021, -3809732.742, 3567634.631, 3653643.216, -2.919,  2.661, 166.074,  1.661, -6.916,  0.000
195719.8, 2270, 35.17350937, 136.87956638, 41.026, -3809733.570, 3567634.936, 3653642.072, -2.934,  2.577, 166.004,  1.723, -7.116,  0.009
195720.0, 2270, 35.17349636, 136.87957025, 41.030, -3809734.420, 3567635.249, 3653640.895, -2.854,  2.452, 165.947,  1.773, -7.315, -0.006
195720.2, 2270, 35.17348301, 136.87957418, 41.029, -3809735.287, 3567635.570, 3653639.683, -2.735,  2.353, 165.888,  1.800, -7.505,  0.002
195720.4, 2270, 35.17346933, 136.87957819, 41.025, -3809736.173, 3567635.899, 3653638.440, -2.545,  2.342, 165.827,  1.856, -7.690, -0.027
195720.6, 2270, 35.17345530, 136.87958237, 41.019, -3809737.083, 3567636.231, 3653637.164, -2.488,  2.256, 165.792,  1.940, -7.870, -0.034
195720.8, 2270, 35.17344095, 136.87958669, 41.011, -3809738.017, 3567636.565, 3653635.859, -2.591,  2.268, 165.760,  1.988, -8.038, -0.051
195721.0, 2270, 35.17342632, 136.87959109, 41.002, -3809738.968, 3567636.907, 3653634.526, -2.629,  2.530, 165.812,  2.020, -8.206, -0.029
195721.2, 2270, 35.17341132, 136.87959554, 40.999, -3809739.944, 3567637.265, 3653633.164, -2.552,  2.591, 165.821,  2.054, -8.433,  0.015
195721.4, 2270, 35.17339597, 136.87960014, 41.001, -3809740.947, 3567637.631, 3653631.774, -2.642,  2.424, 165.834,  2.092, -8.602,  0.000
195721.6, 2270, 35.17338034, 136.87960478, 40.999, -3809741.964, 3567638.004, 3653630.355, -2.603,  2.445, 165.834,  2.151, -8.746, -0.026
195721.8, 2270, 35.17336443, 136.87960958, 40.993, -3809743.001, 3567638.376, 3653628.909, -2.824,  2.564, 165.793,  2.222, -8.906, -0.026
195722.0, 2270, 35.17334825, 136.87961446, 40.993, -3809744.060, 3567638.759, 3653627.441, -2.923,  2.615, 165.755,  2.229, -9.050,  0.016
195722.2, 2270, 35.17333181, 136.87961940, 40.997, -3809745.137, 3567639.150, 3653625.953, -2.945,  2.682, 165.741,  2.258, -9.189,  0.042
195722.4, 2270, 35.17331513, 136.87962434, 41.007, -3809746.229, 3567639.556, 3653624.446, -2.669,  2.601, 165.733,  2.269, -9.326,  0.048
195722.6, 2270, 35.17329821, 136.87962931, 41.017, -3809747.334, 3567639.970, 3653622.918, -2.288,  2.351, 165.744,  2.279, -9.443,  0.032
195722.8, 2270, 35.17328108, 136.87963437, 41.017, -3809748.448, 3567640.382, 3653621.363, -2.035,  2.005, 165.754,  2.338, -9.569, -0.022
195723.0, 2270, 35.17326376, 136.87963956, 41.003, -3809749.571, 3567640.786, 3653619.785, -2.069,  1.748, 165.742,  2.378, -9.610, -0.113
195723.2, 2270, 35.17324644, 136.87964484, 40.978, -3809750.692, 3567641.178, 3653618.200, -2.350,  2.550, 165.662,  2.489, -9.594, -0.140
195723.4, 2270, 35.17322892, 136.87965032, 40.969, -3809751.845, 3567641.574, 3653616.606, -3.036,  2.926, 165.599,  2.535, -9.770,  0.048
195723.6, 2270, 35.17321123, 136.87965571, 40.990, -3809753.018, 3567641.999, 3653615.014, -2.959,  3.151, 165.556,  2.507, -9.912,  0.120
195723.8, 2270, 35.17319307, 136.87966100, 41.028, -3809754.217, 3567642.462, 3653613.388, -1.958,  1.421, 165.763,  2.338, -10.145,  0.152
195724.0, 2270, 35.17317504, 136.87966604, 41.010, -3809755.362, 3567642.905, 3653611.743, -0.813,  1.451, 165.829,  2.332, -9.856, -0.303
195724.2, 2270, 35.17315725, 136.87967141, 40.964, -3809756.499, 3567643.299, 3653610.103, -1.126,  3.247, 165.817,  2.491, -10.007, -0.065
195724.4, 2270, 35.17313898, 136.87967716, 40.983, -3809757.720, 3567643.726, 3653608.457, -1.959,  2.405, 165.881,  2.635, -10.221,  0.152
195724.6, 2270, 35.17312070, 136.87968287, 40.996, -3809758.936, 3567644.152, 3653606.807, -2.553,  1.917, 165.939,  2.488, -10.066, -0.062
195724.8, 2270, 35.17310257, 136.87968830, 40.985, -3809760.114, 3567644.577, 3653605.156, -2.435,  2.627, 165.986,  2.414, -10.109, -0.008
195725.0, 2270, 35.17308426, 136.87969366, 40.998, -3809761.310, 3567645.027, 3653603.504, -2.101,  2.077, 166.102,  2.412, -10.175,  0.084
195725.2, 2270, 35.17306604, 136.87969895, 41.001, -3809762.491, 3567645.473, 3653601.853, -2.019,  1.689, 166.185,  2.415, -10.043, -0.080
195725.4, 2270, 35.17304792, 136.87970425, 40.981, -3809763.654, 3567645.901, 3653600.198, -2.221,  1.779, 166.329,  2.404, -10.064, -0.103
195725.6, 2270, 35.17302980, 136.87970945, 40.961, -3809764.811, 3567646.336, 3653598.543, -2.226,  2.218, 166.528,  2.325, -10.068, -0.077
195725.8, 2270, 35.17301155, 136.87971447, 40.959, -3809765.973, 3567646.798, 3653596.888, -1.775,  2.620, 166.750,  2.271, -10.189,  0.055
195726.0, 2270, 35.17299315, 136.87971953, 40.969, -3809767.153, 3567647.271, 3653595.224, -1.788,  2.568, 166.959,  2.314, -10.195,  0.049
195726.2, 2270, 35.17297474, 136.87972462, 40.974, -3809768.332, 3567647.739, 3653593.558, -2.153,  3.026, 167.099,  2.291, -10.288,  0.081
195726.4, 2270, 35.17295600, 136.87972974, 40.993, -3809769.536, 3567648.228, 3653591.869, -2.424,  2.375, 167.276,  2.322, -10.486,  0.108
195726.6, 2270, 35.17293705, 136.87973475, 40.997, -3809770.734, 3567648.725, 3653590.153, -2.278,  1.559, 167.421,  2.283, -10.513, -0.102
195726.8, 2270, 35.17291821, 136.87973978, 40.963, -3809771.906, 3567649.195, 3653588.425, -2.683,  2.317, 167.431,  2.306, -10.473, -0.173
195727.0, 2270, 35.17289916, 136.87974473, 40.957, -3809773.100, 3567649.694, 3653586.693, -2.462,  2.831, 167.528,  2.270, -10.630,  0.066
195727.2, 2270, 35.17287991, 136.87974971, 40.981, -3809774.322, 3567650.218, 3653584.961, -2.073,  2.896, 167.742,  2.214, -10.767,  0.127
195727.4, 2270, 35.17286041, 136.87975462, 41.010, -3809775.555, 3567650.760, 3653583.210, -1.689,  2.463, 168.100,  2.183, -10.874,  0.102
195727.6, 2270, 35.17284078, 136.87975943, 41.019, -3809776.775, 3567651.302, 3653581.435, -1.421,  2.177, 168.354,  2.186, -10.895, -0.059
195727.8, 2270, 35.17282110, 136.87976427, 41.010, -3809777.990, 3567651.835, 3653579.645, -1.594,  2.467, 168.596,  2.178, -10.961, -0.022
195728.0, 2270, 35.17280126, 136.87976907, 41.015, -3809779.217, 3567652.385, 3653577.849, -1.823,  2.638, 168.841,  2.134, -11.066,  0.054
195728.2, 2270, 35.17278117, 136.87977366, 41.029, -3809780.448, 3567652.965, 3653576.035, -1.640,  2.318, 169.129,  2.069, -11.191,  0.062
195728.4, 2270, 35.17276092, 136.87977811, 41.031, -3809781.671, 3567653.555, 3653574.200, -1.355,  2.033, 169.415,  1.998, -11.250, -0.031
195728.6, 2270, 35.17274062, 136.87978248, 41.020, -3809782.883, 3567654.145, 3653572.352, -1.250,  2.320, 169.775,  1.965, -11.292, -0.057
195728.8, 2270, 35.17272013, 136.87978680, 41.015, -3809784.105, 3567654.751, 3653570.491, -1.446,  2.308, 170.225,  1.924, -11.431,  0.013
195729.0, 2270, 35.17269946, 136.87979094, 41.016, -3809785.328, 3567655.378, 3653568.617, -1.558,  2.176, 170.705,  1.830, -11.495, -0.010
195729.2, 2270, 35.17267867, 136.87979491, 41.013, -3809786.544, 3567656.021, 3653566.730, -1.555,  2.377, 171.181,  1.729, -11.568, -0.019
195729.4, 2270, 35.17265772, 136.87979872, 41.016, -3809787.759, 3567656.685, 3653564.831, -1.615,  2.429, 171.645,  1.647, -11.666,  0.031
195729.6, 2270, 35.17263660, 136.87980232, 41.024, -3809788.973, 3567657.372, 3653562.921, -1.552,  2.352, 172.137,  1.559, -11.742,  0.027
195729.8, 2270, 35.17261537, 136.87980571, 41.029, -3809790.178, 3567658.077, 3653560.999, -1.517,  2.400, 172.612,  1.454, -11.796,  0.009
195730.0, 2270, 35.17259401, 136.87980893, 41.033, -3809791.377, 3567658.798, 3653559.063, -1.581,  2.412, 173.076,  1.374, -11.873,  0.032
195730.2, 2270, 35.17257254, 136.87981194, 41.038, -3809792.570, 3567659.539, 3653557.119, -1.584,  2.546, 173.547,  1.284, -11.953,  0.045
195730.4, 2270, 35.17255088, 136.87981474, 41.049, -3809793.761, 3567660.305, 3653555.162, -1.503,  2.317, 174.038,  1.187, -12.053,  0.046
195730.6, 2270, 35.17252910, 136.87981731, 41.054, -3809794.940, 3567661.088, 3653553.189, -1.392,  2.000, 174.573,  1.087, -12.117, -0.011
195730.8, 2270, 35.17250731, 136.87981968, 41.045, -3809796.098, 3567661.878, 3653551.209, -1.490,  1.988, 175.156,  0.947, -12.020, -0.108
195731.0, 2270, 35.17248565, 136.87982174, 41.036, -3809797.231, 3567662.682, 3653549.239, -1.490,  2.862, 175.730,  0.822, -12.047,  0.037
195731.2, 2270, 35.17246382, 136.87982341, 41.061, -3809798.369, 3567663.538, 3653547.273, -1.217,  2.757, 176.398,  0.693, -12.192,  0.202
195731.4, 2270, 35.17244188, 136.87982478, 41.086, -3809799.493, 3567664.419, 3653545.298, -1.008,  2.029, 177.067,  0.514, -12.144,  0.041
195731.6, 2270, 35.17242003, 136.87982583, 41.080, -3809800.574, 3567665.301, 3653543.313, -0.809,  1.922, 177.746,  0.412, -12.090, -0.093
195731.8, 2270, 35.17239819, 136.87982668, 41.062, -3809801.635, 3567666.188, 3653541.322, -1.113,  2.019, 178.375,  0.237, -12.166, -0.003
195732.0, 2270, 35.17237631, 136.87982716, 41.053, -3809802.680, 3567667.107, 3653539.332, -1.026,  2.008, 179.035,  0.150, -12.026, -0.112
195732.2, 2270, 35.17235453, 136.87982724, 41.048, -3809803.697, 3567668.051, 3653537.354, -0.560,  2.676, 179.683, -0.041, -12.172,  0.063
195732.4, 2270, 35.17233249, 136.87982701, 41.063, -3809804.721, 3567669.037, 3653535.364, -0.229,  1.854, 180.382, -0.129, -12.229,  0.018
195732.6, 2270, 35.17231066, 136.87982658, 41.051, -3809805.705, 3567670.013, 3653533.378, -0.312,  2.160, 181.008, -0.309, -12.049, -0.099
195732.8, 2270, 35.17228886, 136.87982589, 41.045, -3809806.675, 3567671.007, 3653531.397, -0.416,  2.249, 181.673, -0.407, -12.126,  0.038
195733.0, 2270, 35.17226709, 136.87982490, 41.048, -3809807.630, 3567672.026, 3653529.424, -0.549,  1.975, 182.261, -0.471, -12.019, -0.042
195733.2, 2270, 35.17224562, 136.87982385, 41.041, -3809808.562, 3567673.030, 3653527.474, -1.153,  2.724, 182.732, -0.641, -11.855,  0.011
195733.4, 2270, 35.17222420, 136.87982236, 41.065, -3809809.484, 3567674.077, 3653525.545, -0.740,  2.813, 183.231, -0.827, -11.870,  0.209
195733.6, 2270, 35.17220279, 136.87982059, 41.097, -3809810.392, 3567675.149, 3653523.621, -0.372,  2.111, 183.615, -0.880, -11.821,  0.087
195733.8, 2270, 35.17218167, 136.87981874, 41.103, -3809811.265, 3567676.197, 3653521.710, -0.292,  2.402, 183.998, -0.872, -11.651, -0.039
195734.0, 2270, 35.17216059, 136.87981689, 41.107, -3809812.135, 3567677.244, 3653519.800, -0.749,  2.315, 184.355, -0.916, -11.719,  0.057
195734.2, 2270, 35.17213957, 136.87981479, 41.111, -3809812.987, 3567678.303, 3653517.896, -1.034,  1.909, 184.694, -0.976, -11.587, -0.038
195734.4, 2270, 35.17211880, 136.87981242, 41.105, -3809813.805, 3567679.365, 3653516.010, -0.725,  2.256, 184.954, -1.075, -11.494, -0.033
195734.6, 2270, 35.17209807, 136.87981006, 41.103, -3809814.624, 3567680.427, 3653514.128, -0.953,  2.173, 185.119, -1.106, -11.470,  0.021
195734.8, 2270, 35.17207747, 136.87980767, 41.103, -3809815.436, 3567681.485, 3653512.260, -1.196,  2.222, 185.234, -1.107, -11.385,  0.002
195735.0, 2270, 35.17205697, 136.87980517, 41.106, -3809816.239, 3567682.548, 3653510.403, -1.112,  2.122, 185.279, -1.138, -11.349,  0.017
195735.2, 2270, 35.17203654, 136.87980264, 41.106, -3809817.033, 3567683.609, 3653508.550, -0.972,  1.839, 185.267, -1.160, -11.279, -0.027
195735.4, 2270, 35.17201630, 136.87980015, 41.095, -3809817.816, 3567684.653, 3653506.708, -0.884,  2.068, 185.145, -1.121, -11.183, -0.053
195735.6, 2270, 35.17199618, 136.87979784, 41.087, -3809818.607, 3567685.681, 3653504.879, -1.223,  2.416, 184.978, -1.012, -11.145, -0.008
195735.8, 2270, 35.17197605, 136.87979559, 41.094, -3809819.410, 3567686.714, 3653503.057, -1.373,  2.105, 184.781, -0.994, -11.177,  0.048
195736.0, 2270, 35.17195599, 136.87979340, 41.094, -3809820.209, 3567687.736, 3653501.238, -1.410,  1.679, 184.599, -0.976, -11.064, -0.074
195736.2, 2270, 35.17193610, 136.87979132, 41.078, -3809820.998, 3567688.734, 3653499.424, -1.338,  1.790, 184.387, -0.962, -10.987, -0.088
195736.4, 2270, 35.17191632, 136.87978941, 41.062, -3809821.792, 3567689.716, 3653497.622, -1.556,  2.060, 184.052, -0.851, -10.977, -0.058
195736.6, 2270, 35.17189655, 136.87978760, 41.060, -3809822.601, 3567690.699, 3653495.828, -1.493,  1.853, 183.708, -0.807, -10.940, -0.038
195736.8, 2270, 35.17187692, 136.87978581, 41.058, -3809823.404, 3567691.674, 3653494.046, -0.897,  1.978, 183.403, -0.813, -10.879, -0.031
195737.0, 2270, 35.17185732, 136.87978416, 41.054, -3809824.213, 3567692.637, 3653492.267, -0.520,  1.842, 183.113, -0.727, -10.830, -0.052
195737.2, 2270, 35.17183783, 136.87978274, 41.041, -3809825.025, 3567693.576, 3653490.492, -0.758,  1.853, 182.839, -0.581, -10.806, -0.064
195737.4, 2270, 35.17181837, 136.87978148, 41.027, -3809825.846, 3567694.503, 3653488.719, -1.007,  1.622, 182.630, -0.581, -10.781, -0.074
195737.6, 2270, 35.17179907, 136.87978033, 41.006, -3809826.662, 3567695.410, 3653486.956, -1.373,  1.851, 182.401, -0.541, -10.648, -0.102
195737.8, 2270, 35.17177985, 136.87977909, 40.994, -3809827.475, 3567696.326, 3653485.207, -1.003,  2.022, 182.168, -0.496, -10.662, -0.030
195738.0, 2270, 35.17176069, 136.87977802, 40.989, -3809828.299, 3567697.231, 3653483.467, -0.929,  2.039, 181.878, -0.467, -10.612, -0.035
195738.2, 2270, 35.17174160, 136.87977721, 40.982, -3809829.135, 3567698.115, 3653481.731, -1.360,  1.810, 181.415, -0.222, -10.518, -0.086
195738.4, 2270, 35.17172267, 136.87977661, 40.967, -3809829.972, 3567698.973, 3653480.006, -1.690,  2.059, 180.864, -0.166, -10.528, -0.094
195738.6, 2270, 35.17170374, 136.87977623, 40.960, -3809830.826, 3567699.822, 3653478.284, -1.864,  1.618, 180.167, -0.237, -10.401, -0.019
195738.8, 2270, 35.17168523, 136.87977568, 40.954, -3809831.653, 3567700.663, 3653476.602, -0.392,  3.098, 179.520, -0.173, -10.231, -0.011
195739.0, 2270, 35.17166668, 136.87977557, 40.980, -3809832.527, 3567701.495, 3653474.935,  0.048,  3.478, 178.752,  0.028, -10.301,  0.231
195739.2, 2270, 35.17164823, 136.87977602, 41.030, -3809833.445, 3567702.299, 3653473.291, -0.097,  3.430, 177.973,  0.259, -10.150,  0.227
195739.4, 2270, 35.17162996, 136.87977664, 41.082, -3809834.367, 3567703.085, 3653471.664,  0.442,  3.420, 177.337,  0.328, -10.127,  0.252
195739.6, 2270, 35.17161175, 136.87977756, 41.128, -3809835.301, 3567703.845, 3653470.039,  0.559,  2.777, 176.622,  0.465, -10.050,  0.161
195739.8, 2270, 35.17159372, 136.87977879, 41.155, -3809836.234, 3567704.566, 3653468.419,  0.517,  2.336, 176.009,  0.642, -9.951,  0.057
195740.0, 2270, 35.17157583, 136.87978034, 41.160, -3809837.169, 3567705.247, 3653466.800,  0.205,  2.189, 175.479,  0.731, -9.916, -0.019
195740.2, 2270, 35.17155800, 136.87978203, 41.161, -3809838.106, 3567705.914, 3653465.183,  0.143,  2.074, 174.973,  0.755, -9.861, -0.011
195740.4, 2270, 35.17154024, 136.87978384, 41.160, -3809839.047, 3567706.569, 3653463.572,  0.224,  2.190, 174.510,  0.846, -9.840, -0.023
195740.6, 2270, 35.17152248, 136.87978585, 41.160, -3809840.000, 3567707.212, 3653461.961,  0.207,  2.252, 174.128,  0.931, -9.857, -0.007
195740.8, 2270, 35.17150469, 136.87978802, 41.162, -3809840.966, 3567707.845, 3653460.349,  0.091,  2.265, 173.901,  0.985, -9.870, -0.006
195741.0, 2270, 35.17148688, 136.87979027, 41.164, -3809841.939, 3567708.475, 3653458.735,  0.009,  2.247, 173.783,  1.016, -9.892, -0.013
195741.2, 2270, 35.17146901, 136.87979256, 41.166, -3809842.915, 3567709.104, 3653457.116, -0.010,  2.269, 173.669,  1.020, -9.916, -0.010
195741.4, 2270, 35.17145108, 136.87979488, 41.167, -3809843.898, 3567709.734, 3653455.490,  0.031,  2.300, 173.576,  1.022, -9.963, -0.004
195741.6, 2270, 35.17143303, 136.87979727, 41.169, -3809844.889, 3567710.364, 3653453.854,  0.037,  2.339, 173.477,  1.057, -10.052, -0.003
195741.8, 2270, 35.17141483, 136.87979971, 41.172, -3809845.892, 3567710.999, 3653452.205,  0.043,  2.284, 173.377,  1.077, -10.126, -0.004
195742.0, 2270, 35.17139653, 136.87980221, 41.172, -3809846.901, 3567711.632, 3653450.546,  0.000,  2.366, 173.282,  1.120, -10.192, -0.007
195742.2, 2270, 35.17137808, 136.87980467, 41.173, -3809847.915, 3567712.275, 3653448.874,  0.004,  2.319, 173.196,  1.129, -10.266,  0.008
195742.4, 2270, 35.17135951, 136.87980717, 41.172, -3809848.937, 3567712.919, 3653447.189,  0.023,  2.311, 173.153,  1.136, -10.344, -0.001
195742.6, 2270, 35.17134081, 136.87980970, 41.171, -3809849.966, 3567713.567, 3653445.492,  0.047,  2.312, 173.140,  1.154, -10.413, -0.010
195742.8, 2270, 35.17132198, 136.87981225, 41.169, -3809851.003, 3567714.219, 3653443.783,  0.029,  2.330, 173.115,  1.176, -10.492, -0.010
195743.0, 2270, 35.17130300, 136.87981485, 41.168, -3809852.049, 3567714.875, 3653442.062, -0.004,  2.311, 173.097,  1.203, -10.578, -0.008
195743.2, 2270, 35.17128389, 136.87981747, 41.167, -3809853.103, 3567715.535, 3653440.328, -0.017,  2.293, 173.073,  1.181, -10.634, -0.005
195743.4, 2270, 35.17126466, 136.87982010, 41.166, -3809854.163, 3567716.199, 3653438.583,  0.042,  2.325, 173.011,  1.209, -10.699, -0.004
195743.6, 2270, 35.17124530, 136.87982278, 41.166, -3809855.233, 3567716.867, 3653436.827,  0.094,  2.336, 172.945,  1.235, -10.768, -0.007
195743.8, 2270, 35.17122582, 136.87982552, 41.165, -3809856.311, 3567717.535, 3653435.060,  0.039,  2.415, 172.876,  1.264, -10.846,  0.008
195744.0, 2270, 35.17120619, 136.87982832, 41.167, -3809857.403, 3567718.207, 3653433.281, -0.001,  2.317, 172.830,  1.288, -10.930,  0.004
195744.2, 2270, 35.17118649, 136.87983121, 41.171, -3809858.504, 3567718.878, 3653431.497, -0.036,  2.137, 172.805,  1.285, -10.909,  0.003
195744.4, 2270, 35.17116688, 136.87983409, 41.172, -3809859.599, 3567719.543, 3653429.719, -0.059,  2.174, 172.809,  1.269, -10.866, -0.002
195744.6, 2270, 35.17114732, 136.87983694, 41.174, -3809860.690, 3567720.210, 3653427.947,  0.013,  2.162, 172.810,  1.272, -10.832, -0.003
195744.8, 2270, 35.17112783, 136.87983979, 41.176, -3809861.778, 3567720.872, 3653426.180, -0.033,  2.172, 172.816,  1.311, -10.811, -0.015
195745.0, 2270, 35.17110841, 136.87984263, 41.179, -3809862.862, 3567721.534, 3653424.420, -0.023,  2.013, 172.805,  1.294, -10.722, -0.013
195745.2, 2270, 35.17108912, 136.87984545, 41.175, -3809863.936, 3567722.187, 3653422.669,  0.059,  2.069, 172.801,  1.256, -10.714, -0.018
195745.4, 2270, 35.17106984, 136.87984829, 41.173, -3809865.010, 3567722.838, 3653420.919, -0.011,  1.715, 172.785,  1.285, -10.647, -0.053
195745.6, 2270, 35.17105070, 136.87985121, 41.158, -3809866.075, 3567723.472, 3653419.175, -0.404,  1.510, 172.720,  1.390, -10.574, -0.140
195745.8, 2270, 35.17103188, 136.87985412, 41.139, -3809867.123, 3567724.090, 3653417.457, -0.699,  1.820, 172.739,  1.243, -10.332, -0.089
195746.0, 2270, 35.17101340, 136.87985696, 41.128, -3809868.156, 3567724.702, 3653415.775, -1.110,  1.840, 172.881,  1.242, -10.197,  0.009
195746.2, 2270, 35.17099535, 136.87985966, 41.130, -3809869.167, 3567725.312, 3653414.139, -1.469,  1.415, 173.122,  1.176, -9.775, -0.053
195746.4, 2270, 35.17097808, 136.87986217, 41.119, -3809870.122, 3567725.894, 3653412.566, -1.861,  1.885, 173.565,  1.066, -9.379, -0.060
195746.6, 2270, 35.17096162, 136.87986441, 41.118, -3809871.029, 3567726.464, 3653411.073, -2.235,  2.501, 173.872,  0.887, -8.866,  0.026
195746.8, 2270, 35.17094596, 136.87986628, 41.141, -3809871.889, 3567727.036, 3653409.666, -1.959,  2.892, 174.036,  0.742, -8.535,  0.192
195747.0, 2270, 35.17093085, 136.87986793, 41.181, -3809872.721, 3567727.609, 3653408.318, -1.330,  2.002, 173.996,  0.815, -8.168,  0.115
195747.2, 2270, 35.17091650, 136.87986968, 41.191, -3809873.506, 3567728.125, 3653407.023, -1.412,  2.604, 173.712,  0.759, -7.816, -0.028
195747.4, 2270, 35.17090241, 136.87987153, 41.189, -3809874.277, 3567728.616, 3653405.744, -1.663,  3.001, 173.213,  0.916, -7.841,  0.054
195747.6, 2270, 35.17088834, 136.87987364, 41.206, -3809875.075, 3567729.100, 3653404.478, -2.159,  2.383, 172.510,  0.993, -7.748,  0.099
195747.8, 2270, 35.17087453, 136.87987580, 41.221, -3809875.862, 3567729.568, 3653403.233, -1.988,  2.432, 171.625,  0.991, -7.574,  0.038
195748.0, 2270, 35.17086092, 136.87987810, 41.227, -3809876.644, 3567730.013, 3653402.003, -1.610,  3.155, 170.632,  1.093, -7.556,  0.049
195748.2, 2270, 35.17084722, 136.87988069, 41.247, -3809877.456, 3567730.450, 3653400.772, -0.851,  3.126, 169.673,  1.233, -7.668,  0.147
195748.4, 2270, 35.17083334, 136.87988371, 41.276, -3809878.309, 3567730.872, 3653399.530, -0.523,  2.417, 168.654,  1.439, -7.730,  0.098
195748.6, 2270, 35.17081937, 136.87988713, 41.285, -3809879.179, 3567731.260, 3653398.269, -0.369,  2.097, 167.460,  1.612, -7.767, -0.020
195748.8, 2270, 35.17080537, 136.87989104, 41.275, -3809880.069, 3567731.606, 3653396.993, -0.529,  2.539, 166.134,  1.871, -7.801, -0.087
195749.0, 2270, 35.17079119, 136.87989545, 41.267, -3809881.001, 3567731.928, 3653395.702, -0.732,  3.088, 164.761,  2.096, -7.956,  0.007
195749.2, 2270, 35.17077669, 136.87990035, 41.278, -3809881.989, 3567732.242, 3653394.394, -1.017,  2.941, 163.401,  2.351, -8.107,  0.084
195749.4, 2270, 35.17076195, 136.87990575, 41.293, -3809883.022, 3567732.535, 3653393.066, -1.197,  2.583, 162.110,  2.586, -8.225,  0.043
195749.6, 2270, 35.17074703, 136.87991167, 41.295, -3809884.087, 3567732.793, 3653391.714, -1.483,  2.461, 161.042,  2.801, -8.327, -0.024
195749.8, 2270, 35.17073193, 136.87991802, 41.289, -3809885.184, 3567733.028, 3653390.340, -1.780,  2.672, 160.256,  2.970, -8.444, -0.018
195750.0, 2270, 35.17071656, 136.87992468, 41.291, -3809886.316, 3567733.257, 3653388.948, -1.879,  2.910, 159.685,  3.103, -8.618,  0.045
195750.2, 2270, 35.17070083, 136.87993164, 41.304, -3809887.491, 3567733.489, 3653387.530, -1.788,  2.595, 159.247,  3.237, -8.822,  0.077
195750.4, 2270, 35.17068482, 136.87993887, 41.311, -3809888.693, 3567733.712, 3653386.082, -1.672,  2.191, 158.870,  3.358, -8.938, -0.016
195750.6, 2270, 35.17066862, 136.87994640, 41.300, -3809889.911, 3567733.912, 3653384.605, -1.841,  2.211, 158.455,  3.500, -9.038, -0.083
195750.8, 2270, 35.17065222, 136.87995423, 41.285, -3809891.155, 3567734.099, 3653383.109, -2.076,  2.613, 158.040,  3.621, -9.193, -0.037
195751.0, 2270, 35.17063546, 136.87996233, 41.287, -3809892.442, 3567734.294, 3653381.591, -2.026,  2.563, 157.692,  3.752, -9.390,  0.037
195751.2, 2270, 35.17061840, 136.87997076, 41.295, -3809893.767, 3567734.483, 3653380.048, -1.919,  2.149, 157.318,  3.850, -9.522, -0.007
195751.4, 2270, 35.17060123, 136.87997924, 41.291, -3809895.093, 3567734.667, 3653378.489, -1.310,  2.987, 157.001,  3.925, -9.566, -0.058
195751.6, 2270, 35.17058372, 136.87998813, 41.304, -3809896.472, 3567734.848, 3653376.908, -1.112,  2.937, 156.684,  4.113, -9.843,  0.161
195751.8, 2270, 35.17056590, 136.87999737, 41.326, -3809897.891, 3567735.024, 3653375.304, -1.087,  2.441, 156.468,  4.252, -9.929,  0.022
195752.0, 2270, 35.17054788, 136.88000682, 41.326, -3809899.321, 3567735.183, 3653373.671, -1.111,  2.415, 156.443,  4.301, -10.085, -0.022
195752.2, 2270, 35.17052957, 136.88001631, 41.321, -3809900.763, 3567735.349, 3653372.008, -0.998,  2.545, 156.447,  4.346, -10.236, -0.010
195752.4, 2270, 35.17051096, 136.88002596, 41.323, -3809902.233, 3567735.521, 3653370.320, -0.980,  2.489, 156.463,  4.439, -10.427,  0.027
195752.6, 2270, 35.17049208, 136.88003578, 41.324, -3809903.726, 3567735.693, 3653368.608, -1.068,  2.341, 156.493,  4.504, -10.553, -0.014
195752.8, 2270, 35.17047291, 136.88004570, 41.320, -3809905.235, 3567735.870, 3653366.868, -0.951,  2.139, 156.539,  4.512, -10.697, -0.034
195753.0, 2270, 35.17045359, 136.88005573, 41.308, -3809906.754, 3567736.039, 3653365.109, -1.125,  2.282, 156.530,  4.594, -10.778, -0.057
195753.2, 2270, 35.17043409, 136.88006594, 41.303, -3809908.296, 3567736.209, 3653363.338, -1.281,  2.409, 156.508,  4.623, -10.872, -0.008
195753.4, 2270, 35.17041440, 136.88007618, 41.309, -3809909.855, 3567736.392, 3653361.555, -1.101,  2.517, 156.576,  4.648, -11.017,  0.047
195753.6, 2270, 35.17039444, 136.88008648, 41.318, -3809911.433, 3567736.584, 3653359.750, -0.914,  2.187, 156.639,  4.673, -11.152,  0.010
195753.8, 2270, 35.17037435, 136.88009685, 41.311, -3809913.012, 3567736.768, 3653357.924, -0.910,  2.179, 156.743,  4.712, -11.165, -0.078
195754.0, 2270, 35.17035420, 136.88010727, 41.302, -3809914.596, 3567736.950, 3653356.092, -1.034,  2.856, 156.796,  4.720, -11.268,  0.011
195754.2, 2270, 35.17033369, 136.88011771, 41.320, -3809916.213, 3567737.162, 3653354.242, -0.871,  2.546, 156.840,  4.760, -11.419,  0.092
195754.4, 2270, 35.17031306, 136.88012818, 41.331, -3809917.834, 3567737.373, 3653352.378, -0.765,  2.505, 156.763,  4.821, -11.487,  0.024
195754.6, 2270, 35.17029222, 136.88013889, 41.334, -3809919.474, 3567737.573, 3653350.489, -0.898,  1.934, 156.667,  4.926, -11.583, -0.033
195754.8, 2270, 35.17027135, 136.88014967, 41.313, -3809921.107, 3567737.755, 3653348.584, -1.039,  2.195, 156.598,  4.918, -11.563, -0.163
195755.0, 2270, 35.17025038, 136.88016051, 41.301, -3809922.753, 3567737.944, 3653346.675, -1.069,  2.842, 156.504,  4.973, -11.726,  0.047
195755.2, 2270, 35.17022907, 136.88017157, 41.319, -3809924.446, 3567738.149, 3653344.753, -1.155,  2.327, 156.463,  5.083, -11.881,  0.090
195755.4, 2270, 35.17020763, 136.88018272, 41.318, -3809926.140, 3567738.344, 3653342.809, -1.240,  2.034, 156.512,  5.072, -11.914, -0.073
195755.6, 2270, 35.17018610, 136.88019388, 41.300, -3809927.828, 3567738.533, 3653340.846, -1.305,  2.358, 156.545,  5.100, -11.995, -0.081
195755.8, 2270, 35.17016432, 136.88020517, 41.294, -3809929.544, 3567738.730, 3653338.867, -1.417,  2.154, 156.569,  5.152, -12.105, -0.019
195756.0, 2270, 35.17014243, 136.88021637, 41.291, -3809931.261, 3567738.939, 3653336.879, -1.009,  2.627, 156.592,  5.097, -12.216,  0.025
195756.2, 2270, 35.17012028, 136.88022775, 41.299, -3809933.007, 3567739.155, 3653334.876, -0.893,  2.389, 156.553,  5.215, -12.340,  0.042
195756.4, 2270, 35.17009805, 136.88023926, 41.300, -3809934.761, 3567739.361, 3653332.860, -0.992,  2.442, 156.572,  5.269, -12.343, -0.023
195756.6, 2270, 35.17007569, 136.88025093, 41.299, -3809936.530, 3567739.561, 3653330.832, -1.438,  2.517, 156.557,  5.351, -12.453,  0.027
195756.8, 2270, 35.17005312, 136.88026268, 41.304, -3809938.318, 3567739.768, 3653328.787, -1.701,  2.198, 156.603,  5.371, -12.576,  0.006
195757.0, 2270, 35.17003038, 136.88027441, 41.296, -3809940.104, 3567739.977, 3653326.721, -1.642,  2.102, 156.657,  5.313, -12.649, -0.068
195757.2, 2270, 35.17000756, 136.88028620, 41.285, -3809941.897, 3567740.184, 3653324.645, -1.547,  2.424, 156.687,  5.365, -12.727, -0.029
195757.4, 2270, 35.16998454, 136.88029816, 41.287, -3809943.716, 3567740.395, 3653322.558, -1.736,  2.331, 156.686,  5.437, -12.812,  0.001
195757.6, 2270, 35.16996144, 136.88031019, 41.289, -3809945.544, 3567740.605, 3653320.464, -1.942,  2.581, 156.596,  5.470, -12.845,  0.000
195757.8, 2270, 35.16993814, 136.88032236, 41.300, -3809947.395, 3567740.820, 3653318.357, -2.061,  2.373, 156.544,  5.551, -13.012,  0.065
195758.0, 2270, 35.16991470, 136.88033459, 41.301, -3809949.251, 3567741.032, 3653316.232, -2.041,  2.134, 156.513,  5.518, -12.989, -0.074
195758.2, 2270, 35.16989129, 136.88034676, 41.296, -3809951.097, 3567741.242, 3653314.107, -1.876,  2.944, 156.462,  5.560, -13.046,  0.048
195758.4, 2270, 35.16986761, 136.88035915, 41.323, -3809952.990, 3567741.467, 3653311.974, -1.929,  2.124, 156.510,  5.648, -13.191,  0.104
195758.6, 2270, 35.16984394, 136.88037154, 41.317, -3809954.862, 3567741.674, 3653309.824, -2.035,  1.776, 156.534,  5.570, -13.062, -0.174
195758.8, 2270, 35.16982039, 136.88038381, 41.292, -3809956.709, 3567741.873, 3653307.675, -2.013,  2.673, 156.527,  5.572, -13.130, -0.023
195759.0, 2270, 35.16979662, 136.88039614, 41.310, -3809958.596, 3567742.101, 3653305.529, -1.783,  2.250, 156.609,  5.585, -13.209,  0.120
195759.2, 2270, 35.16977292, 136.88040833, 41.318, -3809960.466, 3567742.330, 3653303.384, -1.657,  2.003, 156.672,  5.537, -13.080, -0.041
195759.4, 2270, 35.16974937, 136.88042050, 41.309, -3809962.317, 3567742.544, 3653301.243, -1.885,  2.140, 156.696,  5.553, -13.064, -0.029
195759.6, 2270, 35.16972583, 136.88043259, 41.305, -3809964.165, 3567742.767, 3653299.106, -1.736,  1.893, 156.768,  5.436, -13.028, -0.025
195759.8, 2270, 35.16970242, 136.88044446, 41.299, -3809965.993, 3567742.997, 3653296.979, -1.315,  2.129, 156.805,  5.400, -12.981, -0.022
195760.0, 2270, 35.16967903, 136.88045633, 41.296, -3809967.821, 3567743.227, 3653294.857, -1.145,  1.948, 156.847,  5.410, -12.939, -0.027
195760.2, 2270, 35.16965580, 136.88046820, 41.286, -3809969.638, 3567743.448, 3653292.744, -1.209,  2.024, 156.806,  5.405, -12.843, -0.058
195760.4, 2270, 35.16963269, 136.88048008, 41.277, -3809971.450, 3567743.661, 3653290.643, -1.424,  2.205, 156.674,  5.416, -12.797, -0.021
195760.6, 2270, 35.16960964, 136.88049197, 41.277, -3809973.266, 3567743.878, 3653288.552, -1.447,  2.084, 156.562,  5.416, -12.767,  0.007
195760.8, 2270, 35.16958668, 136.88050387, 41.274, -3809975.076, 3567744.088, 3653286.468, -1.471,  1.935, 156.445,  5.443, -12.695, -0.043
195761.0, 2270, 35.16956384, 136.88051581, 41.262, -3809976.878, 3567744.284, 3653284.390, -1.618,  1.818, 156.371,  5.432, -12.633, -0.081
195761.2, 2270, 35.16954118, 136.88052773, 41.247, -3809978.668, 3567744.473, 3653282.326, -1.643,  2.208, 156.473,  5.372, -12.546, -0.057
195761.4, 2270, 35.16951848, 136.88053954, 41.249, -3809980.463, 3567744.680, 3653280.269, -1.496,  2.090, 156.682,  5.319, -12.618,  0.043
195761.6, 2270, 35.16949582, 136.88055114, 41.250, -3809982.243, 3567744.899, 3653278.214, -1.131,  1.702, 156.888,  5.162, -12.491, -0.063
195761.8, 2270, 35.16947352, 136.88056251, 41.235, -3809983.982, 3567745.110, 3653276.183, -1.107,  2.643, 157.110,  5.170, -12.399, -0.036
195762.0, 2270, 35.16945117, 136.88057396, 41.245, -3809985.744, 3567745.329, 3653274.162, -1.749,  1.976, 157.326,  5.136, -12.355,  0.027
195762.2, 2270, 35.16942903, 136.88058505, 41.242, -3809987.465, 3567745.558, 3653272.152, -1.884,  1.984, 157.539,  4.976, -12.282, -0.020
195762.4, 2270, 35.16940691, 136.88059581, 41.237, -3809989.165, 3567745.806, 3653270.144, -1.436,  1.668, 157.751,  4.832, -12.208, -0.072
195762.6, 2270, 35.16938501, 136.88060631, 41.219, -3809990.829, 3567746.054, 3653268.147, -0.955,  2.094, 157.949,  4.748, -12.085, -0.090
195762.8, 2270, 35.16936324, 136.88061681, 41.212, -3809992.494, 3567746.302, 3653266.168, -1.213,  2.389, 158.129,  4.829, -12.075,  0.023
195763.0, 2270, 35.16934148, 136.88062737, 41.216, -3809994.169, 3567746.553, 3653264.198, -1.831,  1.719, 158.305,  4.780, -12.034, -0.018
195763.2, 2270, 35.16931996, 136.88063760, 41.205, -3809995.803, 3567746.807, 3653262.239, -1.604,  1.854, 158.505,  4.512, -11.840, -0.116
195763.4, 2270, 35.16929865, 136.88064744, 41.200, -3809997.407, 3567747.080, 3653260.304, -0.939,  2.291, 158.622,  4.424, -11.852,  0.076
195763.6, 2270, 35.16927750, 136.88065715, 41.214, -3809999.007, 3567747.366, 3653258.393, -0.399,  1.665, 158.763,  4.340, -11.559, -0.008
195763.8, 2270, 35.16925693, 136.88066671, 41.208, -3810000.558, 3567747.626, 3653256.524, -0.495,  2.005, 158.809,  4.339, -11.324, -0.031
195764.0, 2270, 35.16923666, 136.88067613, 41.206, -3810002.089, 3567747.883, 3653254.685, -0.565,  1.577, 158.823,  4.208, -11.089, -0.081
195764.2, 2270, 35.16921692, 136.88068525, 41.192, -3810003.568, 3567748.131, 3653252.887, -0.681,  1.875, 158.769,  4.082, -10.837, -0.054
195764.4, 2270, 35.16919754, 136.88069419, 41.186, -3810005.026, 3567748.380, 3653251.126, -0.684,  1.792, 158.706,  4.064, -10.661, -0.015
195764.6, 2270, 35.16917851, 136.88070301, 41.179, -3810006.458, 3567748.621, 3653249.396, -0.705,  1.756, 158.648,  3.976, -10.438, -0.067
195764.8, 2270, 35.16915985, 136.88071175, 41.164, -3810007.864, 3567748.846, 3653247.694, -0.954,  2.302, 158.469,  3.989, -10.303, -0.049
195765.0, 2270, 35.16914128, 136.88072054, 41.163, -3810009.277, 3567749.073, 3653246.010, -1.140,  2.105, 158.288,  4.007, -10.275,  0.039
195765.2, 2270, 35.16912289, 136.88072933, 41.163, -3810010.683, 3567749.292, 3653244.343, -1.375,  1.715, 158.192,  3.992, -10.114, -0.055
195765.4, 2270, 35.16910481, 136.88073797, 41.148, -3810012.055, 3567749.498, 3653242.694, -1.484,  2.416, 158.139,  3.915, -10.004, -0.069
195765.6, 2270, 35.16908671, 136.88074661, 41.148, -3810013.437, 3567749.714, 3653241.052, -1.528,  2.441, 158.149,  3.957, -10.088,  0.057
195765.8, 2270, 35.16906851, 136.88075534, 41.156, -3810014.834, 3567749.933, 3653239.407, -1.719,  1.204, 158.163,  3.981, -10.056, -0.040
195766.0, 2270, 35.16905061, 136.88076395, 41.123, -3810016.186, 3567750.124, 3653237.764, -1.986,  1.388, 158.256,  3.888, -9.826, -0.263
195766.2, 2270, 35.16903293, 136.88077241, 41.087, -3810017.516, 3567750.313, 3653236.140, -1.968,  2.692, 158.377,  3.766, -9.859, -0.055
195766.4, 2270, 35.16901509, 136.88078081, 41.100, -3810018.879, 3567750.541, 3653234.529, -1.742,  2.677, 158.444,  3.813, -9.954,  0.147
195766.6, 2270, 35.16899719, 136.88078921, 41.124, -3810020.251, 3567750.778, 3653232.920, -1.516,  2.211, 158.444,  3.803, -9.919,  0.054
195766.8, 2270, 35.16897941, 136.88079765, 41.126, -3810021.607, 3567750.995, 3653231.308, -1.587,  2.250, 158.316,  3.817, -9.852, -0.038
195767.0, 2270, 35.16896161, 136.88080615, 41.122, -3810022.964, 3567751.205, 3653229.692, -1.559,  2.257, 158.073,  3.868, -9.930,  0.010
195767.2, 2270, 35.16894372, 136.88081477, 41.126, -3810024.337, 3567751.415, 3653228.072, -1.349,  1.795, 157.742,  3.909, -9.870, -0.050
195767.4, 2270, 35.16892592, 136.88082349, 41.111, -3810025.702, 3567751.605, 3653226.449, -1.195,  2.091, 157.388,  3.991, -9.880, -0.096
195767.6, 2270, 35.16890805, 136.88083243, 41.101, -3810027.087, 3567751.785, 3653224.822, -1.136,  2.122, 157.062,  4.074, -9.959, -0.023
195767.8, 2270, 35.16889010, 136.88084154, 41.097, -3810028.489, 3567751.961, 3653223.192, -1.007,  2.068, 156.791,  4.152, -9.957, -0.057
195768.0, 2270, 35.16887213, 136.88085082, 41.088, -3810029.900, 3567752.124, 3653221.557, -1.140,  2.338, 156.664,  4.244, -10.009, -0.053
195768.2, 2270, 35.16885400, 136.88086024, 41.083, -3810031.328, 3567752.286, 3653219.910, -1.508,  2.309, 156.754,  4.310, -10.111, -0.012
195768.4, 2270, 35.16883572, 136.88086965, 41.079, -3810032.765, 3567752.457, 3653218.250, -1.824,  2.215, 156.996,  4.284, -10.152, -0.040
195768.6, 2270, 35.16881735, 136.88087907, 41.070, -3810034.203, 3567752.628, 3653216.578, -2.404,  2.382, 157.315,  4.265, -10.282,  0.000
195768.8, 2270, 35.16879863, 136.88088829, 41.070, -3810035.650, 3567752.832, 3653214.881, -2.175,  1.870, 157.803,  4.152, -10.417, -0.036
195769.0, 2270, 35.16877985, 136.88089724, 41.055, -3810037.075, 3567753.049, 3653213.169, -1.803,  2.340, 158.255,  4.030, -10.475, -0.080
195769.2, 2270, 35.16876084, 136.88090619, 41.052, -3810038.517, 3567753.282, 3653211.443, -1.721,  2.393, 158.748,  4.062, -10.634,  0.020
195769.4, 2270, 35.16874161, 136.88091509, 41.057, -3810039.971, 3567753.534, 3653209.702, -1.781,  2.093, 159.297,  3.998, -10.719, -0.005
195769.6, 2270, 35.16872230, 136.88092375, 41.056, -3810041.410, 3567753.800, 3653207.950, -1.748,  2.010, 159.835,  3.855, -10.715, -0.046
195769.8, 2270, 35.16870302, 136.88093213, 41.050, -3810042.828, 3567754.082, 3653206.199, -1.715,  2.324, 160.383,  3.747, -10.707, -0.019
195770.0, 2270, 35.16868373, 136.88094027, 41.057, -3810044.239, 3567754.387, 3653204.453, -1.704,  2.387, 160.939,  3.625, -10.703,  0.053
195770.2, 2270, 35.16866448, 136.88094807, 41.070, -3810045.630, 3567754.716, 3653202.715, -1.568,  2.284, 161.510,  3.468, -10.646,  0.064
195770.4, 2270, 35.16864539, 136.88095553, 41.080, -3810046.991, 3567755.060, 3653200.989, -1.382,  2.158, 162.066,  3.306, -10.544,  0.038
195770.6, 2270, 35.16862646, 136.88096268, 41.083, -3810048.321, 3567755.413, 3653199.274, -1.303,  2.027, 162.610,  3.197, -10.440,  0.001
195770.8, 2270, 35.16860775, 136.88096955, 41.082, -3810049.621, 3567755.772, 3653197.577, -1.312,  2.057, 163.174,  3.059, -10.304, -0.011
195771.0, 2270, 35.16858925, 136.88097612, 41.081, -3810050.892, 3567756.143, 3653195.898, -1.400,  2.090, 163.829,  2.915, -10.212,  0.007
195771.2, 2270, 35.16857099, 136.88098238, 41.086, -3810052.137, 3567756.527, 3653194.245, -1.433,  1.993, 164.522,  2.730, -10.062,  0.015
195771.4, 2270, 35.16855301, 136.88098829, 41.087, -3810053.344, 3567756.920, 3653192.615, -1.643,  1.823, 165.285,  2.586, -9.929, -0.014
195771.6, 2270, 35.16853524, 136.88099378, 41.082, -3810054.513, 3567757.328, 3653191.000, -1.651,  1.838, 166.116,  2.408, -9.816, -0.077
195771.8, 2270, 35.16851764, 136.88099896, 41.070, -3810055.648, 3567757.746, 3653189.397, -1.964,  2.410, 167.004,  2.215, -9.752, -0.030
195772.0, 2270, 35.16850005, 136.88100375, 41.074, -3810056.769, 3567758.197, 3653187.804, -2.225,  2.656, 167.950,  2.112, -9.800,  0.065
195772.2, 2270, 35.16848244, 136.88100814, 41.095, -3810057.877, 3567758.687, 3653186.219, -2.210,  2.075, 168.931,  1.862, -9.737,  0.081
195772.4, 2270, 35.16846506, 136.88101205, 41.102, -3810058.935, 3567759.190, 3653184.647, -2.079,  2.151, 169.861,  1.638, -9.578, -0.019
195772.6, 2270, 35.16844787, 136.88101552, 41.104, -3810059.954, 3567759.711, 3653183.090, -1.870,  2.345, 170.813,  1.490, -9.505,  0.020
195772.8, 2270, 35.16843087, 136.88101863, 41.116, -3810060.948, 3567760.253, 3653181.554, -1.736,  2.341, 171.821,  1.267, -9.375,  0.065
195773.0, 2270, 35.16841411, 136.88102128, 41.131, -3810061.903, 3567760.818, 3653180.043, -1.507,  2.338, 172.929,  1.082, -9.242,  0.070
195773.2, 2270, 35.16839759, 136.88102351, 41.144, -3810062.821, 3567761.399, 3653178.552, -1.337,  2.082, 174.071,  0.864, -9.076,  0.046
195773.4, 2270, 35.16838138, 136.88102532, 41.149, -3810063.692, 3567761.989, 3653177.084, -1.313,  1.901, 175.193,  0.723, -8.916, -0.016
195773.6, 2270, 35.16836548, 136.88102677, 41.147, -3810064.523, 3567762.585, 3653175.641, -1.486,  1.772, 176.291,  0.531, -8.727, -0.034
195773.8, 2270, 35.16834993, 136.88102784, 41.139, -3810065.311, 3567763.190, 3653174.227, -1.640,  2.066, 177.367,  0.373, -8.576, -0.044
195774.0, 2270, 35.16833453, 136.88102853, 41.135, -3810066.070, 3567763.814, 3653172.828, -1.748,  2.266, 178.482,  0.223, -8.512, -0.014
195774.2, 2270, 35.16831919, 136.88102879, 41.137, -3810066.802, 3567764.468, 3653171.438, -1.881,  2.278, 179.652,  0.035, -8.483,  0.008
195774.4, 2270, 35.16830395, 136.88102865, 41.140, -3810067.506, 3567765.144, 3653170.058, -2.013,  2.307, 180.944, -0.158, -8.422,  0.012
195774.6, 2270, 35.16828883, 136.88102807, 41.142, -3810068.177, 3567765.844, 3653168.687, -2.044,  2.426, 182.224, -0.362, -8.373,  0.014
195774.8, 2270, 35.16827374, 136.88102707, 41.146, -3810068.820, 3567766.573, 3653167.321, -1.997,  2.482, 183.457, -0.569, -8.366,  0.033
195775.0, 2270, 35.16825863, 136.88102563, 41.153, -3810069.440, 3567767.332, 3653165.955, -1.816,  2.431, 184.483, -0.729, -8.402,  0.032
195775.2, 2270, 35.16824344, 136.88102386, 41.159, -3810070.042, 3567768.117, 3653164.580, -1.532,  2.189, 185.353, -0.878, -8.433,  0.020
195775.4, 2270, 35.16822825, 136.88102181, 41.158, -3810070.622, 3567768.916, 3653163.203, -1.208,  2.493, 185.934, -0.978, -8.438, -0.035
195775.6, 2270, 35.16821292, 136.88101962, 41.157, -3810071.200, 3567769.730, 3653161.811, -1.074,  2.713, 186.203, -1.017, -8.592,  0.039
195775.8, 2270, 35.16819733, 136.88101737, 41.167, -3810071.793, 3567770.567, 3653160.404, -1.006,  2.283, 186.257, -1.034, -8.676,  0.049
195776.0, 2270, 35.16818166, 136.88101513, 41.169, -3810072.386, 3567771.401, 3653158.983, -0.930,  2.240, 186.017, -1.006, -8.725, -0.034
195776.2, 2270, 35.16816584, 136.88101303, 41.164, -3810072.990, 3567772.229, 3653157.546, -0.832,  2.363, 185.541, -0.945, -8.827, -0.026
195776.4, 2270, 35.16814979, 136.88101114, 41.163, -3810073.620, 3567773.055, 3653156.089, -0.923,  2.262, 184.918, -0.842, -8.965, -0.014
195776.6, 2270, 35.16813353, 136.88100944, 41.162, -3810074.272, 3567773.877, 3653154.614, -0.992,  2.210, 184.302, -0.746, -9.063, -0.042
195776.8, 2270, 35.16811707, 136.88100793, 41.156, -3810074.942, 3567774.694, 3653153.118, -1.006,  2.253, 183.661, -0.693, -9.201, -0.028
195777.0, 2270, 35.16810036, 136.88100658, 41.152, -3810075.636, 3567775.511, 3653151.600, -0.945,  2.217, 183.054, -0.573, -9.311, -0.046
195777.2, 2270, 35.16808345, 136.88100547, 41.147, -3810076.352, 3567776.321, 3653150.064, -0.951,  2.510, 182.518, -0.488, -9.451, -0.042
195777.4, 2270, 35.16806621, 136.88100452, 41.149, -3810077.098, 3567777.138, 3653148.501, -0.957,  2.371, 182.073, -0.436, -9.657,  0.021
195777.6, 2270, 35.16804869, 136.88100370, 41.151, -3810077.865, 3567777.959, 3653146.913, -0.888,  2.104, 181.693, -0.400, -9.767, -0.029
195777.8, 2270, 35.16803096, 136.88100298, 41.141, -3810078.642, 3567778.776, 3653145.300, -0.854,  2.173, 181.491, -0.331, -9.901, -0.071
195778.0, 2270, 35.16801297, 136.88100235, 41.131, -3810079.435, 3567779.598, 3653143.662, -0.968,  2.284, 181.422, -0.328, -10.039, -0.041
195778.2, 2270, 35.16799472, 136.88100163, 41.125, -3810080.238, 3567780.439, 3653142.004, -0.937,  2.289, 181.366, -0.318, -10.212, -0.018
195778.4, 2270, 35.16797617, 136.88100090, 41.121, -3810081.056, 3567781.296, 3653140.319, -0.843,  1.966, 181.314, -0.336, -10.354, -0.044
195778.6, 2270, 35.16795747, 136.88100017, 41.108, -3810081.875, 3567782.153, 3653138.616, -0.713,  1.961, 181.268, -0.327, -10.376, -0.063
195778.8, 2270, 35.16793876, 136.88099948, 41.096, -3810082.697, 3567783.010, 3653136.912, -0.647,  1.972, 181.223, -0.308, -10.363, -0.042
195779.0, 2270, 35.16792010, 136.88099886, 41.088, -3810083.524, 3567783.862, 3653135.215, -0.812,  1.990, 181.154, -0.263, -10.322, -0.037
195779.2, 2270, 35.16790156, 136.88099825, 41.082, -3810084.348, 3567784.709, 3653133.529, -0.854,  2.150, 181.123, -0.278, -10.269, -0.026
195779.4, 2270, 35.16788306, 136.88099765, 41.079, -3810085.172, 3567785.555, 3653131.850, -0.908,  2.001, 181.118, -0.291, -10.236,  0.005
195779.6, 2270, 35.16786469, 136.88099701, 41.078, -3810085.987, 3567786.400, 3653130.184, -0.790,  1.747, 181.085, -0.292, -10.124, -0.029
195779.8, 2270, 35.16784648, 136.88099642, 41.065, -3810086.793, 3567787.227, 3653128.525, -0.909,  1.430, 181.039, -0.189, -10.065, -0.109
195780.0, 2270, 35.16782854, 136.88099585, 41.045, -3810087.582, 3567788.037, 3653126.886, -0.778,  1.750, 181.026, -0.310, -9.826, -0.124
195780.2, 2270, 35.16781083, 136.88099528, 41.026, -3810088.361, 3567788.838, 3653125.269, -0.746,  2.491, 180.976, -0.272, -9.850, -0.008
195780.4, 2270, 35.16779303, 136.88099463, 41.038, -3810089.158, 3567789.666, 3653123.662, -0.357,  1.685, 180.832, -0.277, -9.820,  0.053
195780.6, 2270, 35.16777552, 136.88099416, 41.030, -3810089.941, 3567790.457, 3653122.069, -0.421,  1.534, 180.585, -0.128, -9.582, -0.128
195780.8, 2270, 35.16775843, 136.88099389, 41.010, -3810090.709, 3567791.210, 3653120.507, -0.679,  2.567, 180.215, -0.090, -9.446, -0.098
195781.0, 2270, 35.16774135, 136.88099375, 41.012, -3810091.499, 3567791.966, 3653118.960, -0.904,  2.515, 179.852, -0.045, -9.499,  0.107
195781.2, 2270, 35.16772434, 136.88099372, 41.027, -3810092.299, 3567792.720, 3653117.425, -0.994,  1.957, 179.522,  0.025, -9.386,  0.011
195781.4, 2270, 35.16770746, 136.88099381, 41.022, -3810093.089, 3567793.448, 3653115.892, -1.125,  1.715, 179.162,  0.058, -9.349, -0.055
195781.6, 2270, 35.16769070, 136.88099405, 41.005, -3810093.875, 3567794.155, 3653114.362, -1.323,  1.642, 178.796,  0.136, -9.219, -0.111
195781.8, 2270, 35.16767414, 136.88099440, 40.983, -3810094.656, 3567794.842, 3653112.848, -1.472,  2.394, 178.422,  0.176, -9.199, -0.073
195782.0, 2270, 35.16765747, 136.88099484, 40.983, -3810095.462, 3567795.541, 3653111.336, -1.447,  2.194, 178.043,  0.228, -9.258,  0.037
195782.2, 2270, 35.16764083, 136.88099544, 40.989, -3810096.279, 3567796.232, 3653109.830, -1.277,  1.992, 177.707,  0.263, -9.214, -0.005
195782.4, 2270, 35.16762422, 136.88099615, 40.986, -3810097.095, 3567796.908, 3653108.322, -1.057,  1.880, 177.375,  0.306, -9.206, -0.034
195782.6, 2270, 35.16760767, 136.88099695, 40.979, -3810097.913, 3567797.574, 3653106.817, -0.813,  1.969, 177.067,  0.357, -9.163, -0.056
195782.8, 2270, 35.16759114, 136.88099787, 40.972, -3810098.738, 3567798.231, 3653105.314, -0.663,  2.055, 176.846,  0.423, -9.177, -0.031
195783.0, 2270, 35.16757464, 136.88099887, 40.971, -3810099.569, 3567798.885, 3653103.816, -0.512,  2.142, 176.713,  0.423, -9.139, -0.017
195783.2, 2270, 35.16755818, 136.88099991, 40.971, -3810100.401, 3567799.535, 3653102.323, -0.431,  2.340, 176.577,  0.458, -9.121, -0.003
195783.4, 2270, 35.16754173, 136.88100100, 40.976, -3810101.240, 3567800.183, 3653100.835, -0.347,  2.381, 176.448,  0.477, -9.125,  0.031
195783.6, 2270, 35.16752529, 136.88100211, 40.986, -3810102.081, 3567800.833, 3653099.349, -0.188,  2.306, 176.417,  0.475, -9.103,  0.029
195783.8, 2270, 35.16750892, 136.88100325, 40.991, -3810102.919, 3567801.476, 3653097.867, -0.192,  2.461, 176.556,  0.466, -9.082,  0.016
195784.0, 2270, 35.16749253, 136.88100432, 40.998, -3810103.754, 3567802.124, 3653096.385, -0.255,  2.434, 176.837,  0.448, -9.069,  0.034
195784.2, 2270, 35.16747620, 136.88100521, 41.005, -3810104.575, 3567802.782, 3653094.908, -0.212,  2.588, 177.145,  0.384, -9.066,  0.027
195784.4, 2270, 35.16745982, 136.88100599, 41.015, -3810105.394, 3567803.451, 3653093.428, -0.230,  2.279, 177.542,  0.335, -9.061,  0.057
195784.6, 2270, 35.16744359, 136.88100664, 41.019, -3810106.194, 3567804.118, 3653091.959, -0.287,  2.396, 177.898,  0.256, -8.962, -0.011
195784.8, 2270, 35.16742741, 136.88100712, 41.023, -3810106.981, 3567804.795, 3653090.493, -0.176,  2.220, 178.277,  0.180, -8.976,  0.050
195785.0, 2270, 35.16741128, 136.88100747, 41.028, -3810107.758, 3567805.480, 3653089.034, -0.056,  1.591, 178.652,  0.110, -8.904,  0.002
195785.2, 2270, 35.16739542, 136.88100772, 41.021, -3810108.509, 3567806.152, 3653087.592,  0.142,  1.287, 178.959,  0.055, -8.664, -0.106
195785.4, 2270, 35.16737994, 136.88100792, 40.999, -3810109.230, 3567806.802, 3653086.175,  0.131,  1.897, 179.207,  0.060, -8.563, -0.124
195785.6, 2270, 35.16736451, 136.88100812, 40.987, -3810109.956, 3567807.457, 3653084.768, -0.130,  1.535, 179.426,  0.034, -8.543, -0.021
195785.8, 2270, 35.16734930, 136.88100822, 40.977, -3810110.665, 3567808.109, 3653083.383, -0.248,  1.526, 179.666, -0.005, -8.378, -0.098
195786.0, 2270, 35.16733422, 136.88100822, 40.959, -3810111.357, 3567808.757, 3653082.005, -0.341,  1.432, 179.917, -0.056, -8.373, -0.089
195786.2, 2270, 35.16731921, 136.88100809, 40.938, -3810112.037, 3567809.409, 3653080.632, -0.497,  0.890, 180.148, -0.070, -8.247, -0.138
195786.4, 2270, 35.16730461, 136.88100782, 40.908, -3810112.684, 3567810.048, 3653079.290, -0.387,  1.781, 180.387, -0.115, -8.035, -0.173
195786.6, 2270, 35.16729005, 136.88100753, 40.884, -3810113.330, 3567810.690, 3653077.955, -0.493,  2.050, 180.636, -0.174, -8.125, -0.032
195786.8, 2270, 35.16727540, 136.88100712, 40.882, -3810113.987, 3567811.357, 3653076.626, -0.428,  1.128, 180.870, -0.183, -8.090, -0.048
195787.0, 2270, 35.16726101, 136.88100678, 40.857, -3810114.622, 3567811.994, 3653075.306, -0.877,  1.339, 181.081, -0.180, -7.890, -0.163
195787.2, 2270, 35.16724680, 136.88100640, 40.827, -3810115.243, 3567812.623, 3653074.000, -1.129,  2.343, 181.214, -0.197, -7.898, -0.149
195787.4, 2270, 35.16723240, 136.88100597, 40.818, -3810115.883, 3567813.275, 3653072.690, -1.287,  2.171, 181.170, -0.225, -8.061,  0.024
195787.6, 2270, 35.16721785, 136.88100559, 40.822, -3810116.540, 3567813.938, 3653071.372, -1.484,  1.376, 180.991, -0.189, -8.042, -0.033
195787.8, 2270, 35.16720342, 136.88100525, 40.803, -3810117.180, 3567814.580, 3653070.052, -1.593,  1.863, 180.849, -0.177, -8.021, -0.169
195788.0, 2270, 35.16718882, 136.88100485, 40.782, -3810117.824, 3567815.232, 3653068.716, -1.406,  2.176, 180.730, -0.216, -8.170, -0.051
195788.2, 2270, 35.16717400, 136.88100445, 40.778, -3810118.488, 3567815.904, 3653067.370, -1.219,  2.004, 180.616, -0.198, -8.237, -0.025
195788.4, 2270, 35.16715910, 136.88100409, 40.774, -3810119.158, 3567816.577, 3653066.015, -1.041,  2.192, 180.334, -0.149, -8.296, -0.045
195788.6, 2270, 35.16714402, 136.88100391, 40.765, -3810119.846, 3567817.242, 3653064.643, -1.222,  2.383, 180.177, -0.069, -8.413, -0.037
195788.8, 2270, 35.16712876, 136.88100376, 40.764, -3810120.547, 3567817.918, 3653063.259, -1.337,  2.520, 180.166, -0.107, -8.498,  0.004
195789.0, 2270, 35.16711334, 136.88100355, 40.769, -3810121.256, 3567818.609, 3653061.863, -1.282,  2.586, 180.133, -0.119, -8.589,  0.037
195789.2, 2270, 35.16709779, 136.88100334, 40.779, -3810121.974, 3567819.308, 3653060.459, -1.245,  2.554, 180.090, -0.099, -8.655,  0.036
195789.4, 2270, 35.16708214, 136.88100315, 40.789, -3810122.698, 3567820.009, 3653059.045, -1.256,  2.423, 180.066, -0.089, -8.702,  0.030
195789.6, 2270, 35.16706643, 136.88100296, 40.795, -3810123.423, 3567820.711, 3653057.623, -1.247,  2.335, 180.041, -0.105, -8.729,  0.014
195789.8, 2270, 35.16705068, 136.88100275, 40.800, -3810124.148, 3567821.416, 3653056.198, -1.117,  2.296, 180.003, -0.106, -8.727,  0.012
195790.0, 2270, 35.16703499, 136.88100258, 40.804, -3810124.872, 3567822.115, 3653054.777, -1.055,  2.435, 179.803, -0.063, -8.692, -0.001
195790.2, 2270, 35.16701930, 136.88100252, 40.811, -3810125.603, 3567822.807, 3653053.358, -0.987,  2.578, 179.533, -0.040, -8.729,  0.041
195790.4, 2270, 35.16700359, 136.88100257, 40.822, -3810126.346, 3567823.497, 3653051.940, -0.974,  2.373, 179.219,  0.011, -8.700,  0.055
195790.6, 2270, 35.16698796, 136.88100266, 40.832, -3810127.086, 3567824.180, 3653050.529, -0.656,  2.460, 178.891,  0.040, -8.661,  0.033
195790.8, 2270, 35.16697236, 136.88100286, 40.842, -3810127.833, 3567824.853, 3653049.119, -0.446,  2.238, 178.539,  0.097, -8.641,  0.041
195791.0, 2270, 35.16695691, 136.88100318, 40.848, -3810128.577, 3567825.510, 3653047.721, -0.280,  2.457, 178.179,  0.129, -8.508,  0.020
195791.2, 2270, 35.16694156, 136.88100348, 40.855, -3810129.315, 3567826.164, 3653046.333,  0.193,  2.935, 177.882,  0.168, -8.560,  0.073
195791.4, 2270, 35.16692607, 136.88100407, 40.871, -3810130.084, 3567826.811, 3653044.937, -0.119,  2.070, 177.585,  0.335, -8.607,  0.075
195791.6, 2270, 35.16691072, 136.88100467, 40.874, -3810130.840, 3567827.443, 3653043.547, -0.101,  1.765, 177.452,  0.287, -8.450, -0.052
195791.8, 2270, 35.16689551, 136.88100541, 40.854, -3810131.582, 3567828.047, 3653042.156, -0.506,  2.190, 177.347,  0.356, -8.445, -0.094
195792.0, 2270, 35.16688017, 136.88100619, 40.843, -3810132.340, 3567828.658, 3653040.758, -0.881,  2.006, 177.190,  0.364, -8.532, -0.030
195792.2, 2270, 35.16686478, 136.88100712, 40.836, -3810133.112, 3567829.265, 3653039.358, -1.349,  1.910, 177.088,  0.396, -8.537, -0.069
195792.4, 2270, 35.16684933, 136.88100806, 40.824, -3810133.884, 3567829.870, 3653037.950, -1.663,  1.913, 177.069,  0.380, -8.595, -0.068
195792.6, 2270, 35.16683380, 136.88100893, 40.813, -3810134.656, 3567830.485, 3653036.535, -1.796,  1.869, 177.146,  0.346, -8.627, -0.060
195792.8, 2270, 35.16681821, 136.88100972, 40.805, -3810135.427, 3567831.108, 3653035.118, -1.745,  1.861, 177.301,  0.313, -8.647, -0.051
195793.0, 2270, 35.16680262, 136.88101046, 40.797, -3810136.196, 3567831.736, 3653033.698, -1.717,  1.890, 177.544,  0.286, -8.654, -0.056
195793.2, 2270, 35.16678703, 136.88101109, 40.790, -3810136.957, 3567832.371, 3653032.281, -1.584,  2.023, 177.820,  0.232, -8.638, -0.043
195793.4, 2270, 35.16677147, 136.88101159, 40.786, -3810137.713, 3567833.015, 3653030.867, -1.369,  2.256, 178.146,  0.182, -8.632, -0.021
195793.6, 2270, 35.16675589, 136.88101201, 40.789, -3810138.467, 3567833.670, 3653029.456, -1.258,  2.253, 178.564,  0.123, -8.636,  0.023
195793.8, 2270, 35.16674040, 136.88101227, 40.796, -3810139.211, 3567834.333, 3653028.055, -1.165,  2.265, 179.019,  0.057, -8.563,  0.019
195794.0, 2270, 35.16672501, 136.88101239, 40.802, -3810139.939, 3567835.000, 3653026.662, -1.092,  2.343, 179.463, -0.007, -8.496,  0.015
195794.2, 2270, 35.16670973, 136.88101240, 40.809, -3810140.656, 3567835.671, 3653025.281, -1.082,  2.391, 179.895, -0.055, -8.459,  0.029
195794.4, 2270, 35.16669452, 136.88101227, 40.818, -3810141.363, 3567836.348, 3653023.907, -1.104,  2.207, 180.330, -0.124, -8.401,  0.039
195794.6, 2270, 35.16667949, 136.88101202, 40.825, -3810142.053, 3567837.026, 3653022.548, -1.136,  2.145, 180.703, -0.181, -8.284,  0.004
195794.8, 2270, 35.16666467, 136.88101166, 40.828, -3810142.723, 3567837.699, 3653021.205, -1.178,  2.201, 180.998, -0.219, -8.176, -0.003
195795.0, 2270, 35.16664999, 136.88101122, 40.830, -3810143.382, 3567838.370, 3653019.875, -1.238,  2.357, 181.166, -0.237, -8.129,  0.007
195795.2, 2270, 35.16663536, 136.88101077, 40.835, -3810144.039, 3567839.042, 3653018.550, -1.340,  2.369, 181.317, -0.246, -8.101,  0.020
195795.4, 2270, 35.16662077, 136.88101022, 40.842, -3810144.690, 3567839.720, 3653017.232, -1.239,  2.468, 181.473, -0.299, -8.081,  0.026
195795.6, 2270, 35.16660615, 136.88100961, 40.850, -3810145.338, 3567840.403, 3653015.910, -1.143,  2.432, 181.645, -0.320, -8.145,  0.031
195795.8, 2270, 35.16659146, 136.88100895, 40.859, -3810145.987, 3567841.094, 3653014.583, -1.099,  2.175, 181.788, -0.353, -8.145,  0.033
195796.0, 2270, 35.16657683, 136.88100823, 40.859, -3810146.625, 3567841.781, 3653013.257, -0.995,  2.514, 181.940, -0.361, -8.146, -0.015
195796.2, 2270, 35.16656211, 136.88100756, 40.862, -3810147.272, 3567842.470, 3653011.923, -1.252,  2.619, 182.132, -0.356, -8.202,  0.045
195796.4, 2270, 35.16654725, 136.88100679, 40.871, -3810147.922, 3567843.175, 3653010.580, -1.369,  2.247, 182.453, -0.425, -8.282,  0.043
195796.6, 2270, 35.16653235, 136.88100588, 40.878, -3810148.565, 3567843.890, 3653009.233, -1.404,  1.970, 182.828, -0.475, -8.217, -0.023
195796.8, 2270, 35.16651757, 136.88100485, 40.869, -3810149.184, 3567844.599, 3653007.887, -1.456,  2.622, 183.196, -0.522, -8.214, -0.044
195797.0, 2270, 35.16650266, 136.88100368, 40.875, -3810149.811, 3567845.331, 3653006.538, -1.441,  2.450, 183.596, -0.606, -8.313,  0.076
195797.2, 2270, 35.16648771, 136.88100236, 40.889, -3810150.435, 3567846.080, 3653005.191, -1.322,  2.086, 184.021, -0.659, -8.247,  0.029
195797.4, 2270, 35.16647288, 136.88100094, 40.890, -3810151.038, 3567846.823, 3653003.846, -1.302,  2.433, 184.406, -0.700, -8.211, -0.037
195797.6, 2270, 35.16645805, 136.88099941, 40.891, -3810151.636, 3567847.573, 3653002.502, -1.354,  2.684, 184.788, -0.741, -8.242,  0.034
195797.8, 2270, 35.16644318, 136.88099777, 40.906, -3810152.236, 3567848.340, 3653001.162, -1.429,  2.561, 185.185, -0.809, -8.234,  0.083
195798.0, 2270, 35.16642837, 136.88099602, 40.923, -3810152.827, 3567849.112, 3652999.829, -1.491,  2.300, 185.557, -0.859, -8.173,  0.055
195798.2, 2270, 35.16641371, 136.88099417, 40.931, -3810153.401, 3567849.880, 3652998.503, -1.502,  2.213, 185.801, -0.889, -8.074,  0.009
195798.4, 2270, 35.16639928, 136.88099230, 40.935, -3810153.960, 3567850.637, 3652997.197, -1.574,  2.356, 185.887, -0.891, -7.903,  0.017
195798.6, 2270, 35.16638516, 136.88099048, 40.944, -3810154.511, 3567851.380, 3652995.922, -1.716,  2.524, 185.919, -0.849, -7.757,  0.055
195798.8, 2270, 35.16637139, 136.88098869, 40.962, -3810155.052, 3567852.110, 3652994.683, -1.742,  2.108, 185.861, -0.846, -7.498,  0.092
195799.0, 2270, 35.16635816, 136.88098693, 40.977, -3810155.569, 3567852.813, 3652993.492, -1.516,  2.062, 185.637, -0.809, -7.189,  0.029
195799.2, 2270, 35.16634542, 136.88098531, 40.984, -3810156.066, 3567853.482, 3652992.341, -1.273,  2.042, 185.194, -0.715, -6.943,  0.019
195799.4, 2270, 35.16633316, 136.88098391, 40.992, -3810156.556, 3567854.115, 3652991.233, -1.081,  1.952, 184.405, -0.610, -6.639,  0.033
195799.6, 2270, 35.16632145, 136.88098279, 41.001, -3810157.038, 3567854.705, 3652990.177, -0.822,  2.217, 183.291, -0.460, -6.351,  0.023
195799.8, 2270, 35.16631019, 136.88098205, 41.007, -3810157.520, 3567855.250, 3652989.158, -0.680,  2.260, 181.865, -0.269, -6.138,  0.010
195800.0, 2270, 35.16629930, 136.88098175, 41.014, -3810158.014, 3567855.749, 3652988.175, -0.766,  2.009, 180.209, -0.071, -5.922,  0.037
195800.2, 2270, 35.16628882, 136.88098185, 41.016, -3810158.510, 3567856.202, 3652987.226, -0.977,  2.025, 178.449,  0.129, -5.725, -0.004
195800.4, 2270, 35.16627865, 136.88098226, 41.013, -3810159.008, 3567856.616, 3652986.301, -0.930,  2.261, 176.693,  0.243, -5.572, -0.020
195800.6, 2270, 35.16626869, 136.88098295, 41.012, -3810159.515, 3567857.006, 3652985.397, -0.646,  2.398, 174.979,  0.424, -5.471,  0.009
195800.8, 2270, 35.16625895, 136.88098414, 41.014, -3810160.044, 3567857.353, 3652984.515, -0.933,  2.323, 173.287,  0.642, -5.340,  0.020
195801.0, 2270, 35.16624947, 136.88098564, 41.019, -3810160.583, 3567857.670, 3652983.658, -1.200,  2.191, 171.747,  0.733, -5.173,  0.022
195801.2, 2270, 35.16624024, 136.88098728, 41.023, -3810161.118, 3567857.966, 3652982.824, -1.166,  2.134, 170.745,  0.778, -5.053,  0.007
195801.4, 2270, 35.16623128, 136.88098903, 41.021, -3810161.644, 3567858.239, 3652982.010, -1.235,  2.176, 170.371,  0.798, -4.890, -0.014
195801.6, 2270, 35.16622258, 136.88099078, 41.022, -3810162.159, 3567858.504, 3652981.221, -1.430,  2.093, 170.565,  0.762, -4.764,  0.021
195801.8, 2270, 35.16621412, 136.88099234, 41.025, -3810162.652, 3567858.772, 3652980.456, -1.483,  1.957, 171.244,  0.671, -4.615,  0.002
195802.0, 2270, 35.16620594, 136.88099370, 41.026, -3810163.119, 3567859.039, 3652979.714, -1.589,  1.902, 172.339,  0.548, -4.460,  0.006
195802.2, 2270, 35.16619804, 136.88099481, 41.028, -3810163.558, 3567859.311, 3652978.999, -1.520,  1.952, 173.727,  0.415, -4.322, -0.010
195802.4, 2270, 35.16619038, 136.88099567, 41.026, -3810163.968, 3567859.588, 3652978.303, -1.518,  2.129, 175.145,  0.321, -4.188, -0.026
195802.6, 2270, 35.16618293, 136.88099635, 41.026, -3810164.357, 3567859.868, 3652977.628, -1.717,  2.151, 176.598,  0.226, -4.073,  0.005
195802.8, 2270, 35.16617575, 136.88099674, 41.030, -3810164.719, 3567860.158, 3652976.978, -1.837,  2.131, 178.272,  0.056, -3.901,  0.010
195803.0, 2270, 35.16616887, 136.88099677, 41.035, -3810165.045, 3567860.459, 3652976.357, -1.669,  2.216, 179.943, -0.080, -3.746,  0.016
195803.2, 2270, 35.16616224, 136.88099661, 41.040, -3810165.347, 3567860.762, 3652975.759, -1.592,  2.231, 181.505, -0.139, -3.602,  0.012
195803.4, 2270, 35.16615589, 136.88099628, 41.045, -3810165.625, 3567861.063, 3652975.186, -1.610,  2.277, 182.879, -0.225, -3.446,  0.015
195803.6, 2270, 35.16614982, 136.88099578, 41.051, -3810165.881, 3567861.366, 3652974.639, -1.538,  2.309, 184.196, -0.297, -3.291,  0.020
195803.8, 2270, 35.16614403, 136.88099515, 41.057, -3810166.116, 3567861.663, 3652974.117, -1.501,  2.328, 185.288, -0.339, -3.130,  0.020
195804.0, 2270, 35.16613854, 136.88099444, 41.062, -3810166.330, 3567861.954, 3652973.622, -1.425,  2.443, 186.080, -0.362, -2.989,  0.007
195804.2, 2270, 35.16613325, 136.88099364, 41.064, -3810166.529, 3567862.240, 3652973.144, -1.401,  2.493, 186.712, -0.374, -2.879,  0.018
195804.4, 2270, 35.16612813, 136.88099279, 41.068, -3810166.717, 3567862.521, 3652972.682, -1.379,  2.459, 187.213, -0.389, -2.804,  0.014
195804.6, 2270, 35.16612313, 136.88099194, 41.069, -3810166.898, 3567862.797, 3652972.229, -1.410,  2.482, 187.637, -0.390, -2.729,  0.004
195804.8, 2270, 35.16611826, 136.88099107, 41.073, -3810167.073, 3567863.070, 3652971.789, -1.421,  2.502, 187.982, -0.412, -2.681,  0.035
195805.0, 2270, 35.16611348, 136.88099014, 41.080, -3810167.242, 3567863.344, 3652971.360, -1.262,  2.401, 188.225, -0.426, -2.612,  0.028
195805.2, 2270, 35.16610883, 136.88098930, 41.086, -3810167.410, 3567863.607, 3652970.942, -1.155,  2.439, 188.258, -0.404, -2.562,  0.019
195805.4, 2270, 35.16610424, 136.88098850, 41.090, -3810167.577, 3567863.862, 3652970.528, -1.075,  2.331, 188.052, -0.367, -2.507, -0.006
195805.6, 2270, 35.16609978, 136.88098780, 41.092, -3810167.743, 3567864.105, 3652970.124, -1.110,  2.393, 187.558, -0.333, -2.448,  0.009
195805.8, 2270, 35.16609539, 136.88098719, 41.098, -3810167.913, 3567864.340, 3652969.730, -1.204,  2.403, 186.893, -0.276, -2.397,  0.017
195806.0, 2270, 35.16609113, 136.88098665, 41.102, -3810168.080, 3567864.565, 3652969.345, -1.198,  2.526, 186.070, -0.270, -2.342,  0.006
195806.2, 2270, 35.16608693, 136.88098608, 41.106, -3810168.244, 3567864.788, 3652968.967, -1.034,  2.416, 185.167, -0.247, -2.303,  0.033
195806.4, 2270, 35.16608291, 136.88098561, 41.108, -3810168.402, 3567864.996, 3652968.604, -0.820,  2.417, 184.087, -0.178, -2.154, -0.007
195806.6, 2270, 35.16607914, 136.88098533, 41.108, -3810168.561, 3567865.179, 3652968.261, -0.814,  2.422, 182.820, -0.065, -2.033, -0.007
195806.8, 2270, 35.16607560, 136.88098526, 41.106, -3810168.721, 3567865.338, 3652967.939, -1.032,  2.442, 181.465, -0.015, -1.889,  0.002
195807.0, 2270, 35.16607234, 136.88098525, 41.110, -3810168.875, 3567865.483, 3652967.646, -1.109,  2.347, 180.077,  0.015, -1.725,  0.026
195807.2, 2270, 35.16606940, 136.88098532, 41.115, -3810169.019, 3567865.610, 3652967.382, -1.101,  2.274, 178.624,  0.045, -1.537,  0.022
195807.4, 2270, 35.16606678, 136.88098547, 41.116, -3810169.151, 3567865.715, 3652967.146, -1.105,  2.209, 177.051,  0.092, -1.366, -0.009
195807.6, 2270, 35.16606449, 136.88098571, 41.114, -3810169.271, 3567865.798, 3652966.937, -1.150,  2.190, 175.543,  0.114, -1.175, -0.009
195807.8, 2270, 35.16606254, 136.88098596, 41.113, -3810169.378, 3567865.865, 3652966.759, -1.142,  2.152, 173.970,  0.127, -0.999, -0.000
195808.0, 2270, 35.16606090, 136.88098626, 41.113, -3810169.473, 3567865.917, 3652966.610, -1.203,  2.074, 172.536,  0.140, -0.819, -0.002
195808.2, 2270, 35.16605957, 136.88098657, 41.112, -3810169.553, 3567865.954, 3652966.489, -1.310,  2.046, 171.171,  0.138, -0.657, -0.014
195808.4, 2270, 35.16605852, 136.88098685, 41.109, -3810169.618, 3567865.980, 3652966.392, -1.412,  2.044, 170.012,  0.116, -0.512, -0.010
195808.6, 2270, 35.16605770, 136.88098708, 41.108, -3810169.670, 3567866.000, 3652966.317, -1.460,  2.035, 168.962,  0.099, -0.408, -0.002
195808.8, 2270, 35.16605705, 136.88098726, 41.108, -3810169.712, 3567866.016, 3652966.258, -1.441,  2.031, 168.159,  0.064, -0.314,  0.003
195809.0, 2270, 35.16605653, 136.88098738, 41.108, -3810169.743, 3567866.031, 3652966.211, -1.310,  2.080, 167.315,  0.054, -0.280, -0.008
195809.2, 2270, 35.16605600, 136.88098754, 41.106, -3810169.777, 3567866.042, 3652966.162, -1.227,  2.189, 166.472,  0.082, -0.313, -0.002
195809.4, 2270, 35.16605542, 136.88098773, 41.107, -3810169.816, 3567866.055, 3652966.109, -1.179,  2.155, 165.427,  0.097, -0.330,  0.002
195809.6, 2270, 35.16605482, 136.88098794, 41.107, -3810169.858, 3567866.068, 3652966.055, -1.091,  2.184, 164.336,  0.066, -0.329,  0.016
195809.8, 2270, 35.16605428, 136.88098800, 41.113, -3810169.890, 3567866.091, 3652966.010, -0.626,  2.257, 163.361,  0.001, -0.255,  0.037
195810.0, 2270, 35.16605392, 136.88098800, 41.118, -3810169.910, 3567866.109, 3652965.980, -0.130,  2.354, 162.608,  0.006, -0.148,  0.008
195810.2, 2270, 35.16605370, 136.88098807, 41.117, -3810169.924, 3567866.113, 3652965.959, -0.000,  2.642, 162.029,  0.050, -0.122, -0.013
195810.4, 2270, 35.16605343, 136.88098816, 41.116, -3810169.941, 3567866.119, 3652965.935,  0.155,  2.796, 161.460,  0.031, -0.178,  0.001
195810.6, 2270, 35.16605303, 136.88098827, 41.116, -3810169.967, 3567866.129, 3652965.898,  0.394,  2.909, 160.649,  0.080, -0.273,  0.002
195810.8, 2270, 35.16605245, 136.88098851, 41.117, -3810170.009, 3567866.138, 3652965.847,  0.535,  2.904, 159.560,  0.137, -0.356,  0.006
195811.0, 2270, 35.16605174, 136.88098887, 41.117, -3810170.065, 3567866.145, 3652965.782,  0.596,  2.925, 158.159,  0.191, -0.433, -0.004
195811.2, 2270, 35.16605089, 136.88098932, 41.117, -3810170.133, 3567866.153, 3652965.705,  0.722,  2.955, 156.547,  0.221, -0.515,  0.009
195811.4, 2270, 35.16604991, 136.88098986, 41.120, -3810170.213, 3567866.162, 3652965.617,  0.933,  2.906, 154.765,  0.265, -0.566,  0.012
195811.6, 2270, 35.16604886, 136.88099049, 41.121, -3810170.303, 3567866.166, 3652965.523,  1.105,  2.889, 152.821,  0.319, -0.598,  0.002
195811.8, 2270, 35.16604778, 136.88099128, 41.120, -3810170.402, 3567866.160, 3652965.424,  1.081,  2.949, 150.848,  0.383, -0.607, -0.008
195812.0, 2270, 35.16604670, 136.88099219, 41.116, -3810170.506, 3567866.145, 3652965.323,  0.874,  3.074, 148.842,  0.481, -0.540, -0.046
195812.2, 2270, 35.16604587, 136.88099317, 41.109, -3810170.602, 3567866.112, 3652965.244,  0.104,  3.582, 147.099,  0.389, -0.413, -0.016
195812.4, 2270, 35.16604509, 136.88099418, 41.099, -3810170.695, 3567866.073, 3652965.168, -0.775,  3.876, 144.970,  0.519, -0.486, -0.058
195812.6, 2270, 35.16604406, 136.88099508, 41.097, -3810170.798, 3567866.057, 3652965.073, -0.535,  3.887, 143.362,  0.300, -0.620,  0.027
195812.8, 2270, 35.16604299, 136.88099585, 41.100, -3810170.898, 3567866.054, 3652964.979,  0.071,  3.947, 141.347,  0.455, -0.537, -0.005
195813.0, 2270, 35.16604208, 136.88099691, 41.098, -3810171.004, 3567866.022, 3652964.895, -0.062,  4.031, 139.548,  0.475, -0.484, -0.013
195813.2, 2270, 35.16604122, 136.88099798, 41.093, -3810171.109, 3567865.987, 3652964.814, -0.256,  4.177, 137.534,  0.509, -0.489, -0.024
195813.4, 2270, 35.16604028, 136.88099903, 41.094, -3810171.218, 3567865.958, 3652964.729, -0.096,  4.245, 135.583,  0.425, -0.546,  0.056
195813.6, 2270, 35.16603932, 136.88099994, 41.111, -3810171.330, 3567865.949, 3652964.652,  0.447,  3.933, 133.526,  0.438, -0.496,  0.107
195813.8, 2270, 35.16603846, 136.88100088, 41.127, -3810171.439, 3567865.933, 3652964.583,  0.990,  3.752, 132.193,  0.397, -0.453,  0.046
195814.0, 2270, 35.16603773, 136.88100175, 41.127, -3810171.526, 3567865.907, 3652964.517,  1.332,  3.977, 130.434,  0.442, -0.346, -0.044
195814.2, 2270, 35.16603712, 136.88100281, 41.119, -3810171.616, 3567865.859, 3652964.457,  1.171,  4.164, 128.887,  0.489, -0.359, -0.020
195814.4, 2270, 35.16603642, 136.88100386, 41.121, -3810171.715, 3567865.820, 3652964.394,  1.223,  4.150, 127.231,  0.489, -0.392,  0.032
195814.6, 2270, 35.16603572, 136.88100497, 41.127, -3810171.821, 3567865.780, 3652964.334,  1.369,  4.153, 125.772,  0.518, -0.382,  0.021
195814.8, 2270, 35.16603511, 136.88100617, 41.133, -3810171.928, 3567865.731, 3652964.283,  1.065,  3.981, 124.292,  0.582, -0.262,  0.073
195815.0, 2270, 35.16603473, 136.88100744, 41.149, -3810172.034, 3567865.672, 3652964.258,  0.157,  3.393, 123.200,  0.533, -0.199,  0.058
195815.2, 2270, 35.16603429, 136.88100847, 41.150, -3810172.120, 3567865.623, 3652964.218, -0.124,  3.490, 122.011,  0.444, -0.292, -0.036
195815.4, 2270, 35.16603368, 136.88100948, 41.146, -3810172.208, 3567865.580, 3652964.160,  0.208,  3.676, 120.898,  0.487, -0.349,  0.006
195815.6, 2270, 35.16603309, 136.88101063, 41.149, -3810172.309, 3567865.531, 3652964.108,  0.322,  3.559, 119.745,  0.567, -0.288,  0.019
195815.8, 2270, 35.16603258, 136.88101193, 41.150, -3810172.414, 3567865.468, 3652964.063,  0.053,  3.517, 118.656,  0.608, -0.285, -0.002
195816.0, 2270, 35.16603199, 136.88101328, 41.149, -3810172.525, 3567865.403, 3652964.009, -0.021,  3.577, 117.604,  0.628, -0.351,  0.004
195816.2, 2270, 35.16603133, 136.88101472, 41.151, -3810172.647, 3567865.337, 3652963.950,  0.118,  3.616, 116.765,  0.696, -0.372,  0.010
195816.4, 2270, 35.16603064, 136.88101633, 41.152, -3810172.780, 3567865.261, 3652963.888,  0.151,  3.595, 116.085,  0.773, -0.369,  0.004
195816.6, 2270, 35.16602999, 136.88101811, 41.152, -3810172.921, 3567865.171, 3652963.829, -0.117,  3.552, 115.588,  0.837, -0.364,  0.007
195816.8, 2270, 35.16602928, 136.88101992, 41.157, -3810173.070, 3567865.084, 3652963.768, -0.251,  3.434, 115.204,  0.820, -0.401,  0.035
195817.0, 2270, 35.16602851, 136.88102170, 41.163, -3810173.220, 3567865.003, 3652963.701, -0.020,  3.412, 115.126,  0.808, -0.465,  0.029
195817.2, 2270, 35.16602770, 136.88102352, 41.166, -3810173.373, 3567864.919, 3652963.630,  0.223,  3.355, 115.054,  0.857, -0.405,  0.006
195817.4, 2270, 35.16602700, 136.88102542, 41.167, -3810173.524, 3567864.824, 3652963.566,  0.049,  3.357, 114.973,  0.873, -0.373,  0.003
195817.6, 2270, 35.16602630, 136.88102735, 41.169, -3810173.679, 3567864.727, 3652963.504, -0.148,  3.259, 114.847,  0.874, -0.409,  0.023
195817.8, 2270, 35.16602554, 136.88102918, 41.175, -3810173.831, 3567864.641, 3652963.439, -0.043,  3.117, 114.618,  0.797, -0.398,  0.032
195818.0, 2270, 35.16602490, 136.88103089, 41.179, -3810173.970, 3567864.558, 3652963.383, -0.102,  3.091, 114.213,  0.766, -0.308,  0.015
195818.2, 2270, 35.16602439, 136.88103252, 41.180, -3810174.097, 3567864.473, 3652963.338, -0.429,  2.956, 113.617,  0.709, -0.273,  0.003
195818.4, 2270, 35.16602386, 136.88103396, 41.181, -3810174.212, 3567864.401, 3652963.290, -0.369,  2.866, 112.976,  0.614, -0.312,  0.012
195818.6, 2270, 35.16602330, 136.88103526, 41.184, -3810174.320, 3567864.341, 3652963.241, -0.009,  2.855, 112.493,  0.569, -0.296,  0.020
195818.8, 2270, 35.16602282, 136.88103653, 41.186, -3810174.423, 3567864.278, 3652963.198,  0.148,  2.870, 111.938,  0.600, -0.230, -0.001
195819.0, 2270, 35.16602244, 136.88103789, 41.185, -3810174.524, 3567864.204, 3652963.163, -0.123,  2.872, 111.506,  0.624, -0.200, -0.008
195819.2, 2270, 35.16602210, 136.88103927, 41.186, -3810174.627, 3567864.127, 3652963.133, -0.413,  2.872, 111.105,  0.626, -0.224,  0.001
195819.4, 2270, 35.16602169, 136.88104065, 41.191, -3810174.735, 3567864.056, 3652963.099, -0.396,  2.801, 111.018,  0.597, -0.277,  0.026
195819.6, 2270, 35.16602123, 136.88104195, 41.197, -3810174.841, 3567863.993, 3652963.061, -0.144,  2.701, 110.982,  0.570, -0.260,  0.009
195819.8, 2270, 35.16602084, 136.88104321, 41.200, -3810174.939, 3567863.928, 3652963.027, -0.049,  2.661, 111.017,  0.552, -0.225,  0.005
195820.0, 2270, 35.16602050, 136.88104441, 41.203, -3810175.032, 3567863.865, 3652962.998, -0.086,  2.541, 111.038,  0.518, -0.203,  0.008
195820.2, 2270, 35.16602013, 136.88104551, 41.204, -3810175.118, 3567863.808, 3652962.965, -0.069,  2.503, 111.114,  0.482, -0.206, -0.004
195820.4, 2270, 35.16601977, 136.88104651, 41.204, -3810175.198, 3567863.758, 3652962.932, -0.023,  2.475, 111.127,  0.428, -0.182,  0.012
195820.6, 2270, 35.16601949, 136.88104734, 41.208, -3810175.265, 3567863.717, 3652962.909, -0.048,  2.360, 111.167,  0.312, -0.123,  0.019
195820.8, 2270, 35.16601932, 136.88104781, 41.210, -3810175.303, 3567863.694, 3652962.894, -0.064,  2.311, 111.161,  0.117, -0.065, -0.002
195821.0, 2270, 35.16601927, 136.88104789, 41.209, -3810175.309, 3567863.691, 3652962.890, -0.032,  2.346, 111.184, -0.053,  0.006, -0.010
195821.2, 2270, 35.16601928, 136.88104786, 41.211, -3810175.308, 3567863.693, 3652962.891,  0.003,  2.476, 111.177, -0.004, -0.017,  0.002
195821.4, 2270, 35.16601927, 136.88104786, 41.211, -3810175.309, 3567863.693, 3652962.891,  0.032,  2.439, 111.180, -0.000, -0.012, -0.008
195821.6, 2270, 35.16601927, 136.88104786, 41.211, -3810175.309, 3567863.693, 3652962.891,  0.021,  2.452, 111.182, -0.002, -0.009, -0.005
195821.8, 2270, 35.16601927, 136.88104787, 41.210, -3810175.309, 3567863.693, 3652962.891,  0.010,  2.435, 111.178, -0.003, -0.009, -0.005
195822.0, 2270, 35.16601927, 136.88104786, 41.211, -3810175.309, 3567863.693, 3652962.891,  0.013,  2.441, 111.182, -0.003, -0.013, -0.003
195822.2, 2270, 35.16601927, 136.88104786, 41.211, -3810175.309, 3567863.693, 3652962.891,  0.015,  2.440, 111.180, -0.004, -0.011, -0.004
195822.4, 2270, 35.16601927, 136.88104787, 41.210, -3810175.309, 3567863.693, 3652962.891,  0.014,  2.439, 111.180, -0.005, -0.014, -0.005
195822.6, 2270, 35.16601927, 136.88104787, 41.210, -3810175.309, 3567863.693, 3652962.891,  0.005,  2.435, 111.182, -0.002, -0.011, -0.006
195822.8, 2270, 35.16601927, 136.88104787, 41.210, -3810175.309, 3567863.692, 3652962.891, -0.009,  2.432, 111.182, -0.004, -0.009, -0.006
195823.0, 2270, 35.16601928, 136.88104787, 41.210, -3810175.309, 3567863.692, 3652962.891, -0.025,  2.432, 111.189, -0.003, -0.013, -0.004
195823.2, 2270, 35.16601928, 136.88104787, 41.210, -3810175.309, 3567863.692, 3652962.891, -0.021,  2.427, 111.188, -0.007, -0.016, -0.006
195823.4, 2270, 35.16601928, 136.88104787, 41.210, -3810175.309, 3567863.692, 3652962.891, -0.015,  2.425, 111.185, -0.002, -0.017, -0.004
195823.6, 2270, 35.16601928, 136.88104787, 41.210, -3810175.309, 3567863.692, 3652962.891, -0.018,  2.424, 111.187, -0.009, -0.016, -0.005
195823.8, 2270, 35.16601927, 136.88104787, 41.210, -3810175.309, 3567863.692, 3652962.891, -0.015,  2.423, 111.185, -0.004, -0.017, -0.004
195824.0, 2270, 35.16601927, 136.88104787, 41.210, -3810175.309, 3567863.692, 3652962.891, -0.015,  2.423, 111.186, -0.005, -0.016, -0.006
195824.2, 2270, 35.16601927, 136.88104787, 41.210, -3810175.309, 3567863.692, 3652962.891, -0.015,  2.421, 111.186, -0.006, -0.019, -0.005
195824.4, 2270, 35.16601926, 136.88104787, 41.210, -3810175.309, 3567863.693, 3652962.890, -0.012,  2.421, 111.186, -0.007, -0.019, -0.004
195824.6, 2270, 35.16601923, 136.88104785, 41.209, -3810175.309, 3567863.695, 3652962.886,  0.006,  2.415, 111.182, -0.010, -0.018, -0.006
195824.8, 2270, 35.16601918, 136.88104783, 41.205, -3810175.307, 3567863.696, 3652962.880,  0.047,  2.481, 111.145,  0.003, -0.032, -0.025
195825.0, 2270, 35.16601911, 136.88104791, 41.201, -3810175.314, 3567863.692, 3652962.871,  0.086,  2.574, 111.109,  0.075, -0.051, -0.013
195825.2, 2270, 35.16601898, 136.88104816, 41.200, -3810175.335, 3567863.680, 3652962.858,  0.117,  2.601, 111.027,  0.156, -0.090, -0.003
195825.4, 2270, 35.16601879, 136.88104861, 41.199, -3810175.371, 3567863.659, 3652962.840,  0.164,  2.655, 110.897,  0.254, -0.123, -0.001
195825.6, 2270, 35.16601854, 136.88104927, 41.199, -3810175.423, 3567863.625, 3652962.818,  0.172,  2.692, 110.689,  0.343, -0.141,  0.001
195825.8, 2270, 35.16601828, 136.88105009, 41.200, -3810175.487, 3567863.583, 3652962.795,  0.065,  2.709, 110.375,  0.403, -0.146,  0.008
195826.0, 2270, 35.16601800, 136.88105106, 41.200, -3810175.561, 3567863.531, 3652962.770, -0.077,  2.755, 109.978,  0.480, -0.168, -0.005
195826.2, 2270, 35.16601770, 136.88105224, 41.202, -3810175.650, 3567863.466, 3652962.743, -0.157,  2.843, 109.505,  0.582, -0.216, -0.003
195826.4, 2270, 35.16601732, 136.88105368, 41.204, -3810175.757, 3567863.388, 3652962.710, -0.176,  2.896, 108.907,  0.708, -0.248, -0.005
195826.6, 2270, 35.16601692, 136.88105538, 41.206, -3810175.884, 3567863.293, 3652962.675, -0.301,  2.887, 108.245,  0.820, -0.259,  0.012
195826.8, 2270, 35.16601648, 136.88105732, 41.211, -3810176.028, 3567863.187, 3652962.638, -0.435,  2.828, 107.451,  0.927, -0.280,  0.006
195827.0, 2270, 35.16601600, 136.88105947, 41.213, -3810176.186, 3567863.066, 3652962.595, -0.546,  2.824, 106.700,  1.004, -0.313, -0.008
195827.2, 2270, 35.16601546, 136.88106173, 41.213, -3810176.351, 3567862.939, 3652962.547, -0.515,  2.887, 105.855,  1.048, -0.326,  0.003
195827.4, 2270, 35.16601493, 136.88106415, 41.219, -3810176.530, 3567862.804, 3652962.502, -0.479,  2.665, 105.300,  1.126, -0.310,  0.022
195827.6, 2270, 35.16601444, 136.88106667, 41.222, -3810176.712, 3567862.660, 3652962.459, -0.644,  2.492, 104.830,  1.158, -0.274, -0.015
195827.8, 2270, 35.16601397, 136.88106931, 41.219, -3810176.896, 3567862.503, 3652962.415, -0.949,  2.502, 104.601,  1.221, -0.311, -0.024
195828.0, 2270, 35.16601335, 136.88107204, 41.219, -3810177.096, 3567862.348, 3652962.359, -0.846,  2.570, 104.499,  1.254, -0.431,  0.019
195828.2, 2270, 35.16601264, 136.88107488, 41.225, -3810177.309, 3567862.195, 3652962.298, -0.469,  2.708, 104.926,  1.316, -0.390,  0.008
195828.4, 2270, 35.16601204, 136.88107789, 41.227, -3810177.525, 3567862.021, 3652962.244, -0.766,  2.737, 105.541,  1.414, -0.330, -0.018
195828.6, 2270, 35.16601144, 136.88108108, 41.228, -3810177.753, 3567861.836, 3652962.191, -1.315,  2.527, 106.633,  1.447, -0.429,  0.028
195828.8, 2270, 35.16601058, 136.88108425, 41.238, -3810177.996, 3567861.668, 3652962.118, -1.301,  2.344, 108.011,  1.433, -0.545,  0.036
195829.0, 2270, 35.16600960, 136.88108743, 41.244, -3810178.244, 3567861.503, 3652962.033, -1.175,  2.294, 110.058,  1.449, -0.586,  0.006
195829.2, 2270, 35.16600847, 136.88109065, 41.245, -3810178.497, 3567861.338, 3652961.931, -1.260,  2.238, 112.458,  1.481, -0.658, -0.003
195829.4, 2270, 35.16600720, 136.88109392, 41.240, -3810178.757, 3567861.174, 3652961.813, -1.422,  2.267, 115.236,  1.494, -0.760, -0.028
195829.6, 2270, 35.16600571, 136.88109723, 41.233, -3810179.028, 3567861.015, 3652961.674, -1.560,  2.397, 118.374,  1.529, -0.883, -0.036
195829.8, 2270, 35.16600396, 136.88110058, 41.234, -3810179.319, 3567860.869, 3652961.516, -1.617,  2.307, 121.852,  1.524, -1.050,  0.060
195830.0, 2270, 35.16600195, 136.88110390, 41.242, -3810179.625, 3567860.741, 3652961.338, -1.603,  2.074, 125.618,  1.496, -1.172,  0.011
195830.2, 2270, 35.16599978, 136.88110720, 41.241, -3810179.931, 3567860.615, 3652961.141, -1.879,  2.047, 129.598,  1.499, -1.287, -0.019
195830.4, 2270, 35.16599736, 136.88111043, 41.244, -3810180.247, 3567860.508, 3652960.923, -2.122,  1.932, 133.755,  1.420, -1.446,  0.024
195830.6, 2270, 35.16599464, 136.88111351, 41.247, -3810180.567, 3567860.424, 3652960.678, -2.341,  1.931, 138.041,  1.355, -1.624, -0.011
195830.8, 2270, 35.16599158, 136.88111638, 41.246, -3810180.888, 3567860.366, 3652960.400, -2.324,  1.984, 142.546,  1.233, -1.811, -0.012
195831.0, 2270, 35.16598819, 136.88111899, 41.247, -3810181.209, 3567860.342, 3652960.093, -2.114,  2.028, 147.202,  1.134, -1.994,  0.007
195831.2, 2270, 35.16598444, 136.88112141, 41.247, -3810181.535, 3567860.344, 3652959.753, -2.108,  1.915, 151.907,  1.059, -2.166, -0.002
195831.4, 2270, 35.16598039, 136.88112360, 41.245, -3810181.859, 3567860.374, 3652959.384, -2.208,  1.829, 156.452,  0.916, -2.330, -0.004
195831.6, 2270, 35.16597604, 136.88112530, 41.248, -3810182.170, 3567860.452, 3652958.991, -1.736,  2.003, 160.725,  0.665, -2.488,  0.023
195831.8, 2270, 35.16597141, 136.88112667, 41.254, -3810182.475, 3567860.567, 3652958.575, -1.097,  2.101, 164.309,  0.626, -2.643,  0.022
195832.0, 2270, 35.16596654, 136.88112811, 41.249, -3810182.788, 3567860.681, 3652958.131, -1.395,  2.033, 167.340,  0.636, -2.749, -0.057
195832.2, 2270, 35.16596150, 136.88112938, 41.238, -3810183.095, 3567860.810, 3652957.667, -1.763,  2.300, 169.936,  0.459, -2.881, -0.063
195832.4, 2270, 35.16595621, 136.88113026, 41.233, -3810183.394, 3567860.981, 3652957.184, -1.554,  2.588, 172.228,  0.293, -3.040,  0.015
195832.6, 2270, 35.16595064, 136.88113087, 41.240, -3810183.697, 3567861.187, 3652956.683, -1.228,  2.507, 174.147,  0.233, -3.166,  0.032
195832.8, 2270, 35.16594489, 136.88113146, 41.242, -3810184.002, 3567861.401, 3652956.163, -1.282,  2.535, 175.902,  0.239, -3.255, -0.035
195833.0, 2270, 35.16593894, 136.88113189, 41.240, -3810184.305, 3567861.630, 3652955.622, -1.461,  2.686, 177.409,  0.114, -3.389,  0.003
195833.2, 2270, 35.16593269, 136.88113199, 41.247, -3810184.607, 3567861.900, 3652955.059, -1.266,  2.542, 178.608, -0.000, -3.537,  0.044
195833.4, 2270, 35.16592623, 136.88113198, 41.249, -3810184.909, 3567862.184, 3652954.475, -1.186,  2.455, 179.527, -0.013, -3.621, -0.008
195833.6, 2270, 35.16591961, 136.88113192, 41.248, -3810185.214, 3567862.477, 3652953.874, -1.220,  2.476, 180.084, -0.029, -3.732,  0.006
195833.8, 2270, 35.16591277, 136.88113186, 41.250, -3810185.530, 3567862.781, 3652953.254, -1.428,  2.332, 180.453, -0.059, -3.853,  0.017
195834.0, 2270, 35.16590573, 136.88113171, 41.248, -3810185.848, 3567863.097, 3652952.615, -1.534,  2.271, 180.621, -0.074, -3.958, -0.020
195834.2, 2270, 35.16589853, 136.88113150, 41.246, -3810186.170, 3567863.425, 3652951.960, -1.442,  2.316, 180.642, -0.102, -4.048,  0.000
195834.4, 2270, 35.16589111, 136.88113133, 41.246, -3810186.505, 3567863.760, 3652951.288, -1.524,  2.287, 180.658, -0.054, -4.164, -0.018
195834.6, 2270, 35.16588351, 136.88113118, 41.242, -3810186.848, 3567864.099, 3652950.596, -1.676,  2.322, 180.674, -0.073, -4.269, -0.028
195834.8, 2270, 35.16587571, 136.88113104, 41.238, -3810187.201, 3567864.447, 3652949.887, -1.840,  2.307, 180.665, -0.064, -4.380, -0.000
195835.0, 2270, 35.16586775, 136.88113087, 41.238, -3810187.561, 3567864.806, 3652949.165, -1.878,  2.319, 180.724, -0.109, -4.450,  0.014
195835.2, 2270, 35.16585964, 136.88113068, 41.242, -3810187.930, 3567865.175, 3652948.432, -1.750,  2.402, 180.746, -0.095, -4.553, -0.003
195835.4, 2270, 35.16585135, 136.88113058, 41.240, -3810188.310, 3567865.543, 3652947.678, -1.955,  2.359, 180.831, -0.092, -4.621, -0.016
195835.6, 2270, 35.16584296, 136.88113034, 41.244, -3810188.688, 3567865.927, 3652946.919, -1.691,  2.572, 180.834, -0.156, -4.709,  0.036
195835.8, 2270, 35.16583438, 136.88113007, 41.253, -3810189.077, 3567866.325, 3652946.146, -1.461,  2.461, 180.933, -0.122, -4.792,  0.002
195836.0, 2270, 35.16582568, 136.88112985, 41.253, -3810189.469, 3567866.720, 3652945.357, -1.413,  2.560, 181.111, -0.167, -4.875,  0.023
195836.2, 2270, 35.16581682, 136.88112944, 41.262, -3810189.862, 3567867.139, 3652944.559, -1.102,  2.420, 181.309, -0.188, -4.949,  0.044
195836.4, 2270, 35.16580791, 136.88112907, 41.267, -3810190.258, 3567867.555, 3652943.754, -1.076,  2.235, 181.492, -0.168, -4.934,  0.015
195836.6, 2270, 35.16579905, 136.88112864, 41.270, -3810190.646, 3567867.973, 3652942.952, -0.884,  2.144, 181.701, -0.230, -4.890,  0.017
195836.8, 2270, 35.16579028, 136.88112815, 41.272, -3810191.025, 3567868.390, 3652942.157, -0.683,  2.116, 181.894, -0.217, -4.840,  0.008
195837.0, 2270, 35.16578160, 136.88112771, 41.272, -3810191.402, 3567868.798, 3652941.370, -0.689,  2.123, 182.109, -0.217, -4.790, -0.005
195837.2, 2270, 35.16577300, 136.88112726, 41.272, -3810191.776, 3567869.203, 3652940.591, -0.635,  2.128, 182.263, -0.240, -4.740, -0.009
195837.4, 2270, 35.16576451, 136.88112678, 41.274, -3810192.143, 3567869.608, 3652939.822, -0.488,  2.209, 182.342, -0.244, -4.684,  0.008
195837.6, 2270, 35.16575609, 136.88112634, 41.277, -3810192.510, 3567870.006, 3652939.060, -0.514,  2.222, 182.309, -0.215, -4.650, -0.004
195837.8, 2270, 35.16574777, 136.88112593, 41.278, -3810192.873, 3567870.397, 3652938.306, -0.551,  2.251, 182.274, -0.226, -4.572,  0.004
195838.0, 2270, 35.16573959, 136.88112552, 41.282, -3810193.232, 3567870.784, 3652937.566, -0.567,  2.230, 182.216, -0.207, -4.499,  0.022
195838.2, 2270, 35.16573156, 136.88112509, 41.284, -3810193.581, 3567871.165, 3652936.839, -0.613,  2.081, 182.113, -0.176, -4.392, -0.007
195838.4, 2270, 35.16572375, 136.88112472, 41.283, -3810193.921, 3567871.529, 3652936.130, -0.765,  2.115, 181.974, -0.167, -4.276,  0.006
195838.6, 2270, 35.16571615, 136.88112435, 41.286, -3810194.255, 3567871.888, 3652935.443, -0.791,  2.058, 181.812, -0.169, -4.144,  0.017
195838.8, 2270, 35.16570883, 136.88112401, 41.285, -3810194.574, 3567872.230, 3652934.778, -0.779,  2.113, 181.616, -0.143, -3.985, -0.015
195839.0, 2270, 35.16570179, 136.88112373, 41.284, -3810194.884, 3567872.555, 3652934.139, -0.823,  2.114, 181.471, -0.113, -3.812,  0.007
195839.2, 2270, 35.16569512, 136.88112349, 41.286, -3810195.182, 3567872.863, 3652933.535, -0.892,  2.014, 181.295, -0.100, -3.582,  0.014
195839.4, 2270, 35.16568888, 136.88112327, 41.289, -3810195.461, 3567873.152, 3652932.971, -0.877,  1.981, 181.108, -0.093, -3.329,  0.010
195839.6, 2270, 35.16568314, 136.88112308, 41.290, -3810195.718, 3567873.416, 3652932.450, -0.838,  1.983, 180.884, -0.069, -3.047,  0.004
195839.8, 2270, 35.16567789, 136.88112298, 41.290, -3810195.956, 3567873.652, 3652931.975, -0.942,  2.005, 180.581, -0.027, -2.765, -0.008
195840.0, 2270, 35.16567315, 136.88112293, 41.287, -3810196.173, 3567873.861, 3652931.544, -1.063,  2.025, 180.227, -0.020, -2.494, -0.009
195840.2, 2270, 35.16566885, 136.88112287, 41.285, -3810196.368, 3567874.051, 3652931.152, -1.011,  2.103, 179.804, -0.029, -2.298, -0.021
195840.4, 2270, 35.16566476, 136.88112283, 41.281, -3810196.554, 3567874.230, 3652930.779, -0.869,  2.292, 179.190, -0.005, -2.247, -0.014
195840.6, 2270, 35.16566073, 136.88112288, 41.280, -3810196.745, 3567874.403, 3652930.413, -0.850,  2.230, 178.371,  0.057, -2.229,  0.010
195840.8, 2270, 35.16565674, 136.88112307, 41.282, -3810196.943, 3567874.565, 3652930.051, -0.950,  2.090, 177.452,  0.098, -2.198,  0.004
195841.0, 2270, 35.16565281, 136.88112329, 41.282, -3810197.141, 3567874.723, 3652929.695, -0.887,  1.956, 176.358,  0.112, -2.165, -0.001
195841.2, 2270, 35.16564895, 136.88112361, 41.281, -3810197.340, 3567874.869, 3652929.345, -0.829,  1.866, 174.995,  0.181, -2.114, -0.012
195841.4, 2270, 35.16564515, 136.88112408, 41.278, -3810197.544, 3567875.002, 3652928.998, -0.867,  1.763, 173.456,  0.249, -2.092, -0.013
195841.6, 2270, 35.16564141, 136.88112467, 41.275, -3810197.754, 3567875.125, 3652928.658, -0.880,  1.704, 171.844,  0.291, -2.048, -0.012
195841.8, 2270, 35.16563777, 136.88112537, 41.273, -3810197.966, 3567875.236, 3652928.326, -0.883,  1.817, 170.203,  0.355, -2.001, -0.013
195842.0, 2270, 35.16563419, 136.88112621, 41.269, -3810198.183, 3567875.334, 3652928.000, -0.961,  1.817, 168.508,  0.400, -1.963, -0.022
195842.2, 2270, 35.16563071, 136.88112714, 41.263, -3810198.400, 3567875.421, 3652927.681, -1.026,  1.887, 166.838,  0.446, -1.891, -0.027
195842.4, 2270, 35.16562734, 136.88112817, 41.258, -3810198.618, 3567875.497, 3652927.371, -1.046,  1.924, 165.077,  0.500, -1.856, -0.034
195842.6, 2270, 35.16562403, 136.88112927, 41.251, -3810198.837, 3567875.564, 3652927.068, -0.904,  1.945, 163.355,  0.509, -1.800, -0.035
195842.8, 2270, 35.16562084, 136.88113040, 41.248, -3810199.054, 3567875.627, 3652926.776, -0.583,  2.115, 161.552,  0.520, -1.763,  0.012
195843.0, 2270, 35.16561770, 136.88113157, 41.254, -3810199.277, 3567875.689, 3652926.494, -0.054,  2.185, 159.855,  0.557, -1.716,  0.039
195843.2, 2270, 35.16561468, 136.88113289, 41.258, -3810199.502, 3567875.736, 3652926.223,  0.268,  2.230, 158.162,  0.643, -1.628, -0.014
195843.4, 2270, 35.16561179, 136.88113429, 41.253, -3810199.721, 3567875.766, 3652925.959,  0.485,  2.493, 156.472,  0.640, -1.581, -0.011
195843.6, 2270, 35.16560896, 136.88113573, 41.256, -3810199.944, 3567875.795, 3652925.704,  0.850,  2.595, 154.844,  0.663, -1.561,  0.031
195843.8, 2270, 35.16560618, 136.88113723, 41.260, -3810200.170, 3567875.820, 3652925.454,  1.295,  2.518, 153.279,  0.707, -1.508,  0.004
195844.0, 2270, 35.16560354, 136.88113881, 41.257, -3810200.390, 3567875.829, 3652925.213,  1.552,  2.687, 151.704,  0.742, -1.424, -0.030
195844.2, 2270, 35.16560102, 136.88114048, 41.257, -3810200.611, 3567875.827, 3652924.984,  1.603,  2.804, 150.101,  0.785, -1.382,  0.036
195844.4, 2270, 35.16559855, 136.88114220, 41.266, -3810200.839, 3567875.826, 3652924.765,  1.746,  2.612, 148.574,  0.771, -1.361,  0.036
195844.6, 2270, 35.16559614, 136.88114390, 41.268, -3810201.059, 3567875.819, 3652924.548,  2.107,  2.550, 147.131,  0.776, -1.318, -0.005
195844.8, 2270, 35.16559382, 136.88114566, 41.265, -3810201.274, 3567875.802, 3652924.336,  2.373,  2.593, 145.636,  0.839, -1.242, -0.016
195845.0, 2270, 35.16559161, 136.88114753, 41.268, -3810201.496, 3567875.775, 3652924.137,  2.450,  2.576, 144.264,  0.862, -1.221,  0.027
195845.2, 2270, 35.16558944, 136.88114949, 41.276, -3810201.724, 3567875.744, 3652923.945,  2.503,  2.437, 142.822,  0.862, -1.217,  0.039
195845.4, 2270, 35.16558736, 136.88115152, 41.284, -3810201.952, 3567875.705, 3652923.761,  2.515,  2.367, 141.470,  0.926, -1.109,  0.008
195845.6, 2270, 35.16558543, 136.88115366, 41.290, -3810202.179, 3567875.650, 3652923.589,  2.150,  2.338, 140.098,  0.973, -1.058,  0.023
195845.8, 2270, 35.16558356, 136.88115588, 41.295, -3810202.408, 3567875.587, 3652923.422,  1.749,  2.222, 138.691,  0.973, -1.053, -0.005
195846.0, 2270, 35.16558165, 136.88115805, 41.296, -3810202.633, 3567875.527, 3652923.249,  1.721,  2.311, 137.215,  0.966, -1.089, -0.000
195846.2, 2270, 35.16557972, 136.88116028, 41.297, -3810202.862, 3567875.463, 3652923.075,  1.694,  2.271, 135.717,  1.057, -1.038,  0.006
195846.4, 2270, 35.16557788, 136.88116261, 41.297, -3810203.093, 3567875.389, 3652922.908,  1.523,  2.295, 134.135,  1.050, -1.019, -0.012
195846.6, 2270, 35.16557603, 136.88116494, 41.296, -3810203.323, 3567875.314, 3652922.740,  1.628,  2.426, 132.579,  1.088, -1.022,  0.010
195846.8, 2270, 35.16557422, 136.88116732, 41.299, -3810203.558, 3567875.236, 3652922.578,  1.779,  2.430, 131.029,  1.090, -0.964,  0.006
195847.0, 2270, 35.16557258, 136.88116978, 41.297, -3810203.787, 3567875.144, 3652922.428,  1.620,  2.572, 129.395,  1.139, -0.886, -0.013
195847.2, 2270, 35.16557100, 136.88117234, 41.297, -3810204.019, 3567875.042, 3652922.284,  1.547,  2.731, 127.731,  1.160, -0.909, -0.009
195847.4, 2270, 35.16556936, 136.88117500, 41.301, -3810204.264, 3567874.939, 3652922.137,  1.774,  2.749, 125.935,  1.222, -0.927,  0.019
195847.6, 2270, 35.16556775, 136.88117783, 41.306, -3810204.518, 3567874.823, 3652921.995,  1.952,  2.865, 123.988,  1.323, -0.883,  0.003
195847.8, 2270, 35.16556625, 136.88118096, 41.306, -3810204.783, 3567874.681, 3652921.859,  1.684,  2.941, 121.828,  1.483, -0.831, -0.022
195848.0, 2270, 35.16556479, 136.88118440, 41.304, -3810205.064, 3567874.515, 3652921.725,  1.216,  2.942, 119.511,  1.604, -0.826, -0.012
195848.2, 2270, 35.16556327, 136.88118806, 41.306, -3810205.364, 3567874.339, 3652921.588,  0.955,  2.780, 117.025,  1.735, -0.849,  0.018
195848.4, 2270, 35.16556174, 136.88119195, 41.308, -3810205.679, 3567874.148, 3652921.451,  1.044,  2.692, 114.491,  1.818, -0.837,  0.004
195848.6, 2270, 35.16556025, 136.88119608, 41.314, -3810206.010, 3567873.942, 3652921.319,  1.230,  2.553, 111.735,  1.947, -0.790,  0.049
195848.8, 2270, 35.16555889, 136.88120048, 41.325, -3810206.354, 3567873.716, 3652921.202,  1.419,  2.416, 108.957,  2.069, -0.712,  0.045
195849.0, 2270, 35.16555768, 136.88120517, 41.331, -3810206.706, 3567873.460, 3652921.096,  1.426,  2.222, 106.011,  2.206, -0.622,  0.016
195849.2, 2270, 35.16555666, 136.88121017, 41.332, -3810207.065, 3567873.172, 3652921.004,  1.336,  2.050, 103.238,  2.346, -0.524, -0.006
195849.4, 2270, 35.16555583, 136.88121543, 41.324, -3810207.427, 3567872.854, 3652920.924,  1.054,  2.184, 100.632,  2.445, -0.421, -0.058
195849.6, 2270, 35.16555508, 136.88122096, 41.321, -3810207.804, 3567872.518, 3652920.854,  1.060,  2.301, 98.372,  2.582, -0.380,  0.020
195849.8, 2270, 35.16555442, 136.88122667, 41.329, -3810208.195, 3567872.171, 3652920.799,  1.223,  1.949, 96.608,  2.604, -0.300,  0.020
195850.0, 2270, 35.16555400, 136.88123231, 41.326, -3810208.564, 3567871.813, 3652920.760,  0.920,  2.004, 95.088,  2.555, -0.179, -0.033
195850.2, 2270, 35.16555374, 136.88123796, 41.320, -3810208.925, 3567871.444, 3652920.732,  0.635,  2.169, 93.995,  2.568, -0.180, -0.031
195850.4, 2270, 35.16555346, 136.88124364, 41.322, -3810209.292, 3567871.081, 3652920.708,  0.619,  2.047, 93.435,  2.568, -0.185,  0.020
195850.6, 2270, 35.16555317, 136.88124926, 41.327, -3810209.659, 3567870.722, 3652920.685,  0.604,  1.927, 93.606,  2.531, -0.169, -0.007
195850.8, 2270, 35.16555285, 136.88125481, 41.327, -3810210.019, 3567870.367, 3652920.655,  0.556,  1.934, 94.461,  2.502, -0.229, -0.036
195851.0, 2270, 35.16555244, 136.88126030, 41.324, -3810210.379, 3567870.018, 3652920.616,  0.471,  1.909, 95.944,  2.483, -0.295,  0.001
195851.2, 2270, 35.16555182, 136.88126573, 41.323, -3810210.745, 3567869.684, 3652920.560,  0.401,  1.829, 97.791,  2.454, -0.396, -0.007
195851.4, 2270, 35.16555102, 136.88127107, 41.322, -3810211.114, 3567869.363, 3652920.486,  0.471,  1.856, 99.954,  2.411, -0.493, -0.011
195851.6, 2270, 35.16555005, 136.88127633, 41.318, -3810211.485, 3567869.053, 3652920.396,  0.491,  1.908, 102.337,  2.384, -0.577, -0.027
195851.8, 2270, 35.16554892, 136.88128152, 41.313, -3810211.858, 3567868.754, 3652920.291,  0.364,  1.911, 105.057,  2.339, -0.678, -0.019
195852.0, 2270, 35.16554759, 136.88128656, 41.309, -3810212.232, 3567868.476, 3652920.168,  0.259,  1.887, 108.043,  2.249, -0.796, -0.024
195852.2, 2270, 35.16554604, 136.88129140, 41.304, -3810212.602, 3567868.219, 3652920.024,  0.194,  1.936, 111.401,  2.154, -0.928, -0.031
195852.4, 2270, 35.16554424, 136.88129604, 41.299, -3810212.972, 3567867.986, 3652919.859,  0.203,  1.962, 115.050,  2.075, -1.076, -0.009
195852.6, 2270, 35.16554217, 136.88130049, 41.298, -3810213.345, 3567867.780, 3652919.671,  0.323,  1.894, 118.959,  1.977, -1.192, -0.017
195852.8, 2270, 35.16553996, 136.88130473, 41.294, -3810213.710, 3567867.592, 3652919.467,  0.102,  1.955, 123.018,  1.888, -1.239, -0.034
195853.0, 2270, 35.16553767, 136.88130880, 41.285, -3810214.065, 3567867.416, 3652919.254, -0.692,  2.292, 127.091,  1.816, -1.353, -0.048
195853.2, 2270, 35.16553510, 136.88131273, 41.278, -3810214.425, 3567867.263, 3652919.018, -1.303,  2.454, 131.149,  1.731, -1.553, -0.039
195853.4, 2270, 35.16553219, 136.88131631, 41.278, -3810214.783, 3567867.153, 3652918.753, -1.186,  2.642, 135.240,  1.512, -1.723,  0.013
195853.6, 2270, 35.16552903, 136.88131950, 41.285, -3810215.134, 3567867.082, 3652918.471, -0.763,  3.040, 139.448,  1.398, -1.845,  0.024
195853.8, 2270, 35.16552571, 136.88132255, 41.286, -3810215.480, 3567867.024, 3652918.170, -0.748,  3.280, 143.534,  1.385, -1.896, -0.036
195854.0, 2270, 35.16552228, 136.88132556, 41.283, -3810215.824, 3567866.972, 3652917.858, -1.405,  3.477, 147.749,  1.287, -1.990,  0.002
195854.2, 2270, 35.16551858, 136.88132815, 41.286, -3810216.160, 3567866.964, 3652917.523, -1.741,  3.596, 151.718,  1.075, -2.121,  0.039
195854.4, 2270, 35.16551465, 136.88133029, 41.302, -3810216.487, 3567867.002, 3652917.176, -1.492,  3.452, 155.583,  0.879, -2.222,  0.107
195854.6, 2270, 35.16551061, 136.88133207, 41.319, -3810216.796, 3567867.069, 3652916.820, -1.110,  3.316, 158.926,  0.766, -2.249,  0.057
195854.8, 2270, 35.16550653, 136.88133369, 41.328, -3810217.092, 3567867.145, 3652916.455, -1.071,  3.307, 162.024,  0.698, -2.278,  0.036
195855.0, 2270, 35.16550238, 136.88133509, 41.336, -3810217.378, 3567867.238, 3652916.083, -1.041,  3.255, 164.717,  0.568, -2.327,  0.052
195855.2, 2270, 35.16549816, 136.88133620, 41.348, -3810217.651, 3567867.355, 3652915.708, -0.810,  3.247, 167.060,  0.450, -2.346,  0.060
195855.4, 2270, 35.16549393, 136.88133714, 41.358, -3810217.913, 3567867.482, 3652915.329, -0.604,  3.413, 168.871,  0.422, -2.348,  0.040
195855.6, 2270, 35.16548967, 136.88133806, 41.367, -3810218.174, 3567867.612, 3652914.948, -0.691,  3.503, 170.307,  0.402, -2.372,  0.050
195855.8, 2270, 35.16548537, 136.88133887, 41.375, -3810218.430, 3567867.751, 3652914.563, -0.772,  3.529, 171.404,  0.337, -2.400,  0.032
195856.0, 2270, 35.16548102, 136.88133954, 41.382, -3810218.678, 3567867.900, 3652914.173, -0.662,  3.588, 172.141,  0.282, -2.420,  0.044
195856.2, 2270, 35.16547664, 136.88134014, 41.392, -3810218.926, 3567868.057, 3652913.781, -0.411,  3.547, 172.320,  0.276, -2.439,  0.057
195856.4, 2270, 35.16547227, 136.88134081, 41.404, -3810219.180, 3567868.210, 3652913.391, -0.320,  3.394, 171.930,  0.331, -2.413,  0.072
195856.6, 2270, 35.16546798, 136.88134159, 41.419, -3810219.437, 3567868.354, 3652913.011, -0.390,  3.130, 171.219,  0.374, -2.342,  0.077
195856.8, 2270, 35.16546383, 136.88134242, 41.432, -3810219.690, 3567868.487, 3652912.642, -0.463,  2.966, 170.315,  0.385, -2.265,  0.044
195857.0, 2270, 35.16545980, 136.88134333, 41.437, -3810219.937, 3567868.606, 3652912.280, -0.610,  2.964, 169.404,  0.443, -2.211,  0.016
195857.2, 2270, 35.16545586, 136.88134431, 41.442, -3810220.185, 3567868.715, 3652911.925, -0.790,  2.936, 168.601,  0.446, -2.169,  0.032
195857.4, 2270, 35.16545198, 136.88134529, 41.447, -3810220.430, 3567868.823, 3652911.576, -0.855,  2.964, 168.033,  0.446, -2.130,  0.020
195857.6, 2270, 35.16544815, 136.88134629, 41.451, -3810220.673, 3567868.925, 3652911.231, -0.989,  3.004, 167.793,  0.465, -2.117,  0.018
195857.8, 2270, 35.16544435, 136.88134727, 41.456, -3810220.914, 3567869.029, 3652910.889, -1.072,  3.018, 168.101,  0.419, -2.100,  0.029
195858.0, 2270, 35.16544058, 136.88134813, 41.462, -3810221.147, 3567869.140, 3652910.551, -1.032,  3.046, 168.865,  0.365, -2.083,  0.035
195858.2, 2270, 35.16543685, 136.88134891, 41.467, -3810221.374, 3567869.254, 3652910.215, -1.036,  3.036, 170.046,  0.346, -2.055,  0.016
195858.4, 2270, 35.16543318, 136.88134960, 41.470, -3810221.590, 3567869.370, 3652909.884, -1.193,  3.071, 171.375,  0.282, -2.024,  0.029
195858.6, 2270, 35.16542956, 136.88135015, 41.477, -3810221.796, 3567869.496, 3652909.560, -1.298,  2.982, 173.161,  0.202, -1.981,  0.029
195858.8, 2270, 35.16542604, 136.88135052, 41.480, -3810221.985, 3567869.627, 3652909.242, -1.438,  2.948, 175.198,  0.141, -1.925,  0.012
195859.0, 2270, 35.16542260, 136.88135072, 41.485, -3810222.161, 3567869.766, 3652908.934, -1.574,  2.923, 177.682,  0.023, -1.880,  0.039
195859.2, 2270, 35.16541925, 136.88135065, 41.492, -3810222.317, 3567869.921, 3652908.634, -1.551,  2.899, 180.347, -0.081, -1.844,  0.030
195859.4, 2270, 35.16541598, 136.88135036, 41.498, -3810222.456, 3567870.086, 3652908.340, -1.432,  2.880, 183.162, -0.165, -1.790,  0.017
195859.6, 2270, 35.16541276, 136.88134989, 41.501, -3810222.578, 3567870.260, 3652908.050, -1.326,  3.030, 185.984, -0.265, -1.787,  0.008
195859.8, 2270, 35.16540951, 136.88134923, 41.504, -3810222.690, 3567870.447, 3652907.757, -1.255,  3.089, 188.776, -0.340, -1.817,  0.028
195860.0, 2270, 35.16540622, 136.88134838, 41.511, -3810222.795, 3567870.652, 3652907.463, -1.136,  3.059, 191.279, -0.431, -1.837,  0.044
195860.2, 2270, 35.16540290, 136.88134735, 41.519, -3810222.890, 3567870.869, 3652907.166, -1.028,  3.046, 193.536, -0.509, -1.846,  0.024
195860.4, 2270, 35.16539956, 136.88134615, 41.523, -3810222.974, 3567871.097, 3652906.866, -0.816,  3.102, 195.326, -0.587, -1.860,  0.034
195860.6, 2270, 35.16539618, 136.88134482, 41.531, -3810223.053, 3567871.338, 3652906.564, -0.530,  3.021, 196.359, -0.607, -1.884,  0.041
195860.8, 2270, 35.16539278, 136.88134353, 41.540, -3810223.137, 3567871.577, 3652906.260, -0.495,  2.819, 196.776, -0.570, -1.875,  0.042
195861.0, 2270, 35.16538945, 136.88134230, 41.546, -3810223.219, 3567871.807, 3652905.962, -0.539,  2.684, 196.608, -0.551, -1.819,  0.021
195861.2, 2270, 35.16538619, 136.88134112, 41.549, -3810223.300, 3567872.030, 3652905.668, -0.543,  2.606, 196.082, -0.529, -1.799,  0.018
195861.4, 2270, 35.16538297, 136.88133997, 41.554, -3810223.381, 3567872.250, 3652905.378, -0.401,  2.458, 195.200, -0.512, -1.778,  0.027
195861.6, 2270, 35.16537978, 136.88133890, 41.559, -3810223.466, 3567872.463, 3652905.092, -0.164,  2.266, 193.834, -0.457, -1.756,  0.029
195861.8, 2270, 35.16537666, 136.88133802, 41.563, -3810223.560, 3567872.660, 3652904.811, -0.059,  2.099, 191.913, -0.336, -1.710,  0.011
195862.0, 2270, 35.16537362, 136.88133743, 41.564, -3810223.665, 3567872.833, 3652904.537, -0.222,  2.084, 189.631, -0.203, -1.669, -0.006
195862.2, 2270, 35.16537068, 136.88133702, 41.564, -3810223.777, 3567872.988, 3652904.270, -0.366,  2.012, 187.064, -0.192, -1.592,  0.011
195862.4, 2270, 35.16536789, 136.88133668, 41.567, -3810223.887, 3567873.135, 3652904.019, -0.131,  2.134, 184.375, -0.125, -1.504,  0.020
195862.6, 2270, 35.16536525, 136.88133655, 41.570, -3810224.004, 3567873.261, 3652903.781,  0.042,  2.254, 181.452,  0.013, -1.433,  0.005
195862.8, 2270, 35.16536275, 136.88133669, 41.569, -3810224.129, 3567873.360, 3652903.553, -0.058,  2.288, 178.332,  0.103, -1.342, -0.012
195863.0, 2270, 35.16536041, 136.88133697, 41.566, -3810224.254, 3567873.441, 3652903.340, -0.070,  2.367, 174.933,  0.144, -1.253, -0.017
195863.2, 2270, 35.16535822, 136.88133735, 41.562, -3810224.377, 3567873.510, 3652903.138,  0.113,  2.506, 171.415,  0.213, -1.180, -0.013
195863.4, 2270, 35.16535617, 136.88133795, 41.561, -3810224.509, 3567873.558, 3652902.952,  0.046,  2.463, 167.818,  0.329, -1.087, -0.010
195863.6, 2270, 35.16535432, 136.88133871, 41.557, -3810224.641, 3567873.587, 3652902.782, -0.158,  2.437, 164.304,  0.346, -0.967, -0.017
195863.8, 2270, 35.16535267, 136.88133949, 41.554, -3810224.765, 3567873.606, 3652902.630, -0.227,  2.473, 160.914,  0.369, -0.883, -0.014
195864.0, 2270, 35.16535115, 136.88134031, 41.554, -3810224.887, 3567873.617, 3652902.492, -0.249,  2.435, 157.838,  0.377, -0.802,  0.010
195864.2, 2270, 35.16534978, 136.88134114, 41.555, -3810225.003, 3567873.622, 3652902.369, -0.210,  2.405, 154.971,  0.382, -0.715, -0.002
195864.4, 2270, 35.16534856, 136.88134199, 41.554, -3810225.112, 3567873.618, 3652902.258, -0.233,  2.396, 152.357,  0.387, -0.641, -0.006
195864.6, 2270, 35.16534747, 136.88134284, 41.552, -3810225.215, 3567873.609, 3652902.158, -0.270,  2.385, 149.915,  0.386, -0.573, -0.002
195864.8, 2270, 35.16534649, 136.88134366, 41.554, -3810225.312, 3567873.598, 3652902.070, -0.276,  2.323, 147.687,  0.360, -0.514,  0.016
195865.0, 2270, 35.16534563, 136.88134442, 41.556, -3810225.402, 3567873.586, 3652901.993, -0.258,  2.238, 145.687,  0.335, -0.443,  0.011
195865.2, 2270, 35.16534490, 136.88134511, 41.558, -3810225.479, 3567873.573, 3652901.929, -0.223,  2.171, 144.002,  0.284, -0.359,  0.007
195865.4, 2270, 35.16534434, 136.88134567, 41.559, -3810225.541, 3567873.561, 3652901.878, -0.176,  2.141, 142.611,  0.234, -0.272,  0.002
195865.6, 2270, 35.16534392, 136.88134612, 41.559, -3810225.589, 3567873.549, 3652901.840, -0.199,  2.113, 141.593,  0.172, -0.185,  0.000
195865.8, 2270, 35.16534369, 136.88134640, 41.559, -3810225.617, 3567873.541, 3652901.819, -0.257,  2.078, 140.987,  0.077, -0.076,  0.001
195866.0, 2270, 35.16534364, 136.88134646, 41.559, -3810225.622, 3567873.539, 3652901.814, -0.280,  2.088, 140.851, -0.024,  0.022, -0.004
195866.2, 2270, 35.16534365, 136.88134637, 41.559, -3810225.617, 3567873.544, 3652901.815, -0.118,  2.214, 140.834, -0.015, -0.013,  0.001
195866.4, 2270, 35.16534363, 136.88134639, 41.559, -3810225.619, 3567873.544, 3652901.814, -0.139,  2.189, 140.876,  0.004,  0.006, -0.005
195866.6, 2270, 35.16534366, 136.88134640, 41.558, -3810225.618, 3567873.542, 3652901.816, -0.246,  2.203, 140.859,  0.009,  0.004,  0.000
195866.8, 2270, 35.16534364, 136.88134640, 41.558, -3810225.618, 3567873.543, 3652901.814, -0.254,  2.187, 140.885, -0.005, -0.015,  0.001
195867.0, 2270, 35.16534363, 136.88134639, 41.558, -3810225.618, 3567873.544, 3652901.813, -0.231,  2.147, 140.956, -0.005, -0.004, -0.002
195867.2, 2270, 35.16534367, 136.88134635, 41.559, -3810225.615, 3567873.545, 3652901.817, -0.295,  2.016, 141.108, -0.046,  0.053,  0.014
195867.4, 2270, 35.16534384, 136.88134614, 41.561, -3810225.595, 3567873.552, 3652901.834, -0.247,  1.929, 141.320, -0.140,  0.150, -0.002
195867.6, 2270, 35.16534420, 136.88134579, 41.559, -3810225.555, 3567873.559, 3652901.866, -0.276,  1.973, 141.609, -0.189,  0.242, -0.010
195867.8, 2270, 35.16534471, 136.88134530, 41.557, -3810225.499, 3567873.569, 3652901.911, -0.326,  2.001, 141.870, -0.257,  0.319, -0.006
195868.0, 2270, 35.16534537, 136.88134467, 41.556, -3810225.429, 3567873.581, 3652901.970, -0.359,  2.050, 141.983, -0.308,  0.411, -0.011
195868.2, 2270, 35.16534618, 136.88134394, 41.553, -3810225.344, 3567873.592, 3652902.042, -0.444,  2.114, 141.906, -0.359,  0.491, -0.012
195868.4, 2270, 35.16534714, 136.88134311, 41.551, -3810225.246, 3567873.605, 3652902.127, -0.551,  2.173, 141.576, -0.408,  0.569, -0.014
195868.6, 2270, 35.16534822, 136.88134214, 41.549, -3810225.134, 3567873.620, 3652902.224, -0.610,  2.225, 141.032, -0.468,  0.618, -0.003
195868.8, 2270, 35.16534935, 136.88134107, 41.550, -3810225.015, 3567873.642, 3652902.327, -0.556,  2.273, 140.231, -0.503,  0.639,  0.008
195869.0, 2270, 35.16535052, 136.88133996, 41.551, -3810224.892, 3567873.666, 3652902.434, -0.494,  2.295, 139.185, -0.514,  0.657,  0.007
195869.2, 2270, 35.16535174, 136.88133882, 41.551, -3810224.765, 3567873.689, 3652902.544, -0.552,  2.295, 137.911, -0.523,  0.685, -0.004
195869.4, 2270, 35.16535297, 136.88133764, 41.550, -3810224.633, 3567873.713, 3652902.656, -0.654,  2.311, 136.488, -0.562,  0.680,  0.000
195869.6, 2270, 35.16535418, 136.88133637, 41.551, -3810224.498, 3567873.745, 3652902.766, -0.633,  2.314, 134.852, -0.587,  0.663,  0.010
195869.8, 2270, 35.16535537, 136.88133511, 41.552, -3810224.364, 3567873.778, 3652902.875, -0.683,  2.286, 133.090, -0.564,  0.653, -0.001
195870.0, 2270, 35.16535650, 136.88133389, 41.551, -3810224.235, 3567873.809, 3652902.976, -0.839,  2.281, 131.267, -0.543,  0.589, -0.006
195870.2, 2270, 35.16535750, 136.88133273, 41.551, -3810224.116, 3567873.842, 3652903.067, -0.945,  2.248, 129.487, -0.509,  0.518,  0.001
195870.4, 2270, 35.16535835, 136.88133169, 41.551, -3810224.012, 3567873.875, 3652903.144, -1.017,  2.218, 127.921, -0.438,  0.424,  0.002
195870.6, 2270, 35.16535904, 136.88133078, 41.553, -3810223.924, 3567873.906, 3652903.208, -1.016,  2.127, 126.472, -0.403,  0.357,  0.015
195870.8, 2270, 35.16535970, 136.88132989, 41.555, -3810223.840, 3567873.938, 3652903.269, -1.043,  1.973, 125.012, -0.414,  0.374,  0.008
195871.0, 2270, 35.16536037, 136.88132895, 41.556, -3810223.750, 3567873.971, 3652903.330, -1.128,  1.902, 123.548, -0.438,  0.369, -0.000
195871.2, 2270, 35.16536104, 136.88132797, 41.556, -3810223.658, 3567874.007, 3652903.391, -1.223,  1.796, 121.977, -0.460,  0.376,  0.001
195871.4, 2270, 35.16536170, 136.88132693, 41.556, -3810223.563, 3567874.047, 3652903.451, -1.263,  1.770, 120.477, -0.470,  0.343, -0.004
195871.6, 2270, 35.16536225, 136.88132595, 41.556, -3810223.476, 3567874.088, 3652903.500, -1.193,  1.809, 119.105, -0.415,  0.267,  0.003
195871.8, 2270, 35.16536269, 136.88132506, 41.558, -3810223.401, 3567874.129, 3652903.542, -1.019,  1.775, 117.838, -0.407,  0.243,  0.014
195872.0, 2270, 35.16536315, 136.88132416, 41.559, -3810223.324, 3567874.170, 3652903.584, -0.935,  1.756, 116.595, -0.414,  0.257,  0.002
195872.2, 2270, 35.16536361, 136.88132323, 41.559, -3810223.245, 3567874.212, 3652903.625, -0.887,  1.751, 115.290, -0.431,  0.252,  0.002
195872.4, 2270, 35.16536406, 136.88132226, 41.560, -3810223.164, 3567874.257, 3652903.667, -0.850,  1.738, 113.984, -0.448,  0.249,  0.002
195872.6, 2270, 35.16536451, 136.88132126, 41.560, -3810223.081, 3567874.304, 3652903.708, -0.821,  1.712, 112.599, -0.465,  0.252, -0.001
195872.8, 2270, 35.16536497, 136.88132022, 41.560, -3810222.995, 3567874.353, 3652903.749, -0.845,  1.661, 111.184, -0.486,  0.254,  0.000
195873.0, 2270, 35.16536540, 136.88131913, 41.561, -3810222.907, 3567874.407, 3652903.789, -0.786,  1.650, 109.744, -0.511,  0.223,  0.004
195873.2, 2270, 35.16536577, 136.88131799, 41.562, -3810222.819, 3567874.468, 3652903.823, -0.589,  1.668, 108.305, -0.525,  0.198,  0.008
195873.4, 2270, 35.16536613, 136.88131683, 41.563, -3810222.731, 3567874.530, 3652903.857, -0.393,  1.676, 106.829, -0.526,  0.201,  0.005
195873.6, 2270, 35.16536649, 136.88131567, 41.564, -3810222.643, 3567874.592, 3652903.890, -0.295,  1.679, 105.353, -0.528,  0.193,  0.006
195873.8, 2270, 35.16536683, 136.88131452, 41.566, -3810222.557, 3567874.654, 3652903.921, -0.256,  1.693, 103.908, -0.518,  0.181,  0.008
195874.0, 2270, 35.16536713, 136.88131341, 41.567, -3810222.474, 3567874.716, 3652903.950, -0.230,  1.744, 102.540, -0.487,  0.160,  0.004
195874.2, 2270, 35.16536741, 136.88131237, 41.568, -3810222.397, 3567874.773, 3652903.975, -0.273,  1.800, 101.214, -0.460,  0.148,  0.002
195874.4, 2270, 35.16536765, 136.88131139, 41.568, -3810222.325, 3567874.828, 3652903.997, -0.303,  1.842, 100.145, -0.434,  0.103,  0.005
195874.6, 2270, 35.16536780, 136.88131047, 41.570, -3810222.261, 3567874.884, 3652904.012, -0.180,  1.837, 99.255, -0.415,  0.078,  0.011
195874.8, 2270, 35.16536794, 136.88130951, 41.572, -3810222.196, 3567874.942, 3652904.026, -0.054,  1.803, 98.608, -0.458,  0.082,  0.002
195875.0, 2270, 35.16536810, 136.88130846, 41.571, -3810222.123, 3567875.004, 3652904.040, -0.002,  1.847, 97.970, -0.495,  0.095, -0.007
195875.2, 2270, 35.16536829, 136.88130734, 41.570, -3810222.043, 3567875.070, 3652904.056, -0.057,  1.883, 97.478, -0.526,  0.099, -0.002
195875.4, 2270, 35.16536844, 136.88130614, 41.570, -3810221.962, 3567875.143, 3652904.070, -0.071,  1.925, 97.076, -0.561,  0.077,  0.002
195875.6, 2270, 35.16536860, 136.88130489, 41.569, -3810221.876, 3567875.219, 3652904.084, -0.071,  1.977, 96.653, -0.579,  0.101, -0.005
195875.8, 2270, 35.16536877, 136.88130362, 41.568, -3810221.789, 3567875.295, 3652904.099, -0.147,  2.038, 96.231, -0.569,  0.091, -0.005
195876.0, 2270, 35.16536892, 136.88130243, 41.567, -3810221.707, 3567875.367, 3652904.112, -0.207,  2.109, 95.793, -0.518,  0.075, -0.002
195876.2, 2270, 35.16536905, 136.88130134, 41.567, -3810221.633, 3567875.434, 3652904.124, -0.233,  2.127, 95.335, -0.483,  0.068,  0.003
195876.4, 2270, 35.16536918, 136.88130026, 41.568, -3810221.560, 3567875.501, 3652904.136, -0.230,  2.114, 94.751, -0.507,  0.073,  0.001
195876.6, 2270, 35.16536931, 136.88129912, 41.568, -3810221.483, 3567875.571, 3652904.148, -0.259,  2.133, 94.050, -0.526,  0.074, -0.000
195876.8, 2270, 35.16536944, 136.88129795, 41.568, -3810221.403, 3567875.643, 3652904.160, -0.285,  2.150, 93.171, -0.542,  0.074, -0.002
195877.0, 2270, 35.16536957, 136.88129674, 41.567, -3810221.322, 3567875.717, 3652904.171, -0.313,  2.171, 92.166, -0.557,  0.067, -0.001
195877.2, 2270, 35.16536968, 136.88129550, 41.567, -3810221.240, 3567875.795, 3652904.181, -0.307,  2.199, 91.045, -0.568,  0.057, -0.002
195877.4, 2270, 35.16536977, 136.88129425, 41.566, -3810221.157, 3567875.874, 3652904.189, -0.309,  2.211, 89.893, -0.567,  0.044, -0.004
195877.6, 2270, 35.16536984, 136.88129306, 41.565, -3810221.079, 3567875.949, 3652904.194, -0.347,  2.238, 89.006, -0.511,  0.021, -0.003
195877.8, 2270, 35.16536983, 136.88129201, 41.565, -3810221.014, 3567876.020, 3652904.193, -0.225,  2.239, 88.412, -0.452, -0.019,  0.002
195878.0, 2270, 35.16536980, 136.88129108, 41.566, -3810220.958, 3567876.083, 3652904.191, -0.090,  2.235, 88.106, -0.386, -0.011,  0.006
195878.2, 2270, 35.16536978, 136.88129029, 41.566, -3810220.910, 3567876.137, 3652904.190, -0.026,  2.225, 87.932, -0.337, -0.006, -0.002
195878.4, 2270, 35.16536977, 136.88128961, 41.566, -3810220.868, 3567876.183, 3652904.188,  0.005,  2.229, 87.918, -0.290, -0.010, -0.000
195878.6, 2270, 35.16536974, 136.88128901, 41.566, -3810220.833, 3567876.224, 3652904.186,  0.059,  2.221, 87.946, -0.251, -0.017,  0.002
195878.8, 2270, 35.16536972, 136.88128846, 41.567, -3810220.799, 3567876.262, 3652904.185,  0.072,  2.176, 88.078, -0.265, -0.012,  0.006
195879.0, 2270, 35.16536969, 136.88128783, 41.567, -3810220.762, 3567876.304, 3652904.182,  0.085,  2.173, 88.234, -0.300, -0.015, -0.003
195879.2, 2270, 35.16536967, 136.88128716, 41.567, -3810220.721, 3567876.350, 3652904.180,  0.083,  2.176, 88.472, -0.320, -0.011, -0.001
195879.4, 2270, 35.16536964, 136.88128643, 41.567, -3810220.676, 3567876.400, 3652904.177,  0.090,  2.183, 88.729, -0.345, -0.015, -0.003
195879.6, 2270, 35.16536962, 136.88128565, 41.566, -3810220.629, 3567876.453, 3652904.175,  0.093,  2.199, 89.022, -0.364, -0.012, -0.001
195879.8, 2270, 35.16536960, 136.88128483, 41.566, -3810220.578, 3567876.508, 3652904.172,  0.083,  2.215, 89.318, -0.383, -0.011, -0.005
195880.0, 2270, 35.16536958, 136.88128399, 41.565, -3810220.526, 3567876.564, 3652904.170,  0.078,  2.240, 89.627, -0.377, -0.011, -0.001
195880.2, 2270, 35.16536957, 136.88128318, 41.564, -3810220.476, 3567876.618, 3652904.169,  0.069,  2.264, 89.818, -0.355,  0.004, -0.005
195880.4, 2270, 35.16536958, 136.88128244, 41.563, -3810220.429, 3567876.666, 3652904.170,  0.000,  2.297, 89.956, -0.323,  0.006, -0.003
195880.6, 2270, 35.16536960, 136.88128174, 41.563, -3810220.384, 3567876.712, 3652904.171, -0.036,  2.288, 90.005, -0.318,  0.011, -0.002
195880.8, 2270, 35.16536962, 136.88128104, 41.563, -3810220.339, 3567876.757, 3652904.173, -0.112,  2.315, 90.090, -0.316,  0.011, -0.003
195881.0, 2270, 35.16536963, 136.88128037, 41.562, -3810220.297, 3567876.801, 3652904.173, -0.150,  2.327, 90.140, -0.293, -0.000, -0.005
195881.2, 2270, 35.16536963, 136.88127975, 41.561, -3810220.258, 3567876.841, 3652904.173, -0.188,  2.333, 90.216, -0.267,  0.008, -0.003
195881.4, 2270, 35.16536965, 136.88127915, 41.561, -3810220.219, 3567876.881, 3652904.175, -0.257,  2.291, 90.272, -0.295,  0.011,  0.000
195881.6, 2270, 35.16536967, 136.88127845, 41.561, -3810220.175, 3567876.926, 3652904.176, -0.306,  2.280, 90.325, -0.336,  0.009, -0.005
195881.8, 2270, 35.16536969, 136.88127767, 41.560, -3810220.125, 3567876.976, 3652904.177, -0.340,  2.282, 90.323, -0.373,  0.012, -0.004
195882.0, 2270, 35.16536972, 136.88127682, 41.559, -3810220.070, 3567877.031, 3652904.180, -0.396,  2.283, 90.256, -0.405,  0.021, -0.005
195882.2, 2270, 35.16536975, 136.88127590, 41.558, -3810220.010, 3567877.090, 3652904.182, -0.439,  2.294, 90.162, -0.432,  0.012, -0.004
195882.4, 2270, 35.16536977, 136.88127493, 41.557, -3810219.949, 3567877.154, 3652904.183, -0.454,  2.300, 90.041, -0.456,  0.014, -0.004
195882.6, 2270, 35.16536979, 136.88127391, 41.556, -3810219.883, 3567877.220, 3652904.185, -0.483,  2.318, 89.901, -0.468,  0.013, -0.005
195882.8, 2270, 35.16536981, 136.88127290, 41.555, -3810219.819, 3567877.286, 3652904.186, -0.509,  2.358, 89.801, -0.443,  0.007, -0.007
195883.0, 2270, 35.16536982, 136.88127199, 41.554, -3810219.762, 3567877.345, 3652904.186, -0.515,  2.387, 89.732, -0.381,  0.004, -0.002
195883.2, 2270, 35.16536983, 136.88127122, 41.554, -3810219.713, 3567877.396, 3652904.187, -0.521,  2.404, 89.712, -0.315,  0.001, -0.002
195883.4, 2270, 35.16536983, 136.88127061, 41.554, -3810219.675, 3567877.436, 3652904.187, -0.513,  2.423, 89.708, -0.238, -0.000,  0.001
195883.6, 2270, 35.16536983, 136.88127017, 41.554, -3810219.647, 3567877.465, 3652904.187, -0.517,  2.426, 89.716, -0.169,  0.003, -0.001
195883.8, 2270, 35.16536983, 136.88126986, 41.554, -3810219.628, 3567877.487, 3652904.187, -0.509,  2.401, 89.731, -0.137, -0.004,  0.010
195884.0, 2270, 35.16536982, 136.88126949, 41.556, -3810219.607, 3567877.512, 3652904.187, -0.464,  2.326, 89.773, -0.201, -0.006,  0.001
195884.2, 2270, 35.16536982, 136.88126899, 41.555, -3810219.575, 3567877.546, 3652904.187, -0.482,  2.344, 89.855, -0.251,  0.000, -0.002
195884.4, 2270, 35.16536982, 136.88126838, 41.555, -3810219.538, 3567877.586, 3652904.186, -0.504,  2.354, 89.982, -0.294, -0.006, -0.003
195884.6, 2270, 35.16536981, 136.88126772, 41.554, -3810219.496, 3567877.630, 3652904.185, -0.531,  2.395, 90.133, -0.292, -0.006, -0.007
195884.8, 2270, 35.16536981, 136.88126717, 41.553, -3810219.461, 3567877.666, 3652904.184, -0.555,  2.458, 90.251, -0.206,  0.003, -0.005
195885.0, 2270, 35.16536981, 136.88126681, 41.552, -3810219.438, 3567877.689, 3652904.184, -0.573,  2.464, 90.351, -0.119,  0.001, -0.002
195885.2, 2270, 35.16536981, 136.88126669, 41.552, -3810219.431, 3567877.697, 3652904.184, -0.583,  2.478, 90.363,  0.004,  0.003,  0.000
195885.4, 2270, 35.16536981, 136.88126671, 41.551, -3810219.431, 3567877.695, 3652904.184, -0.604,  2.409, 90.371,  0.008,  0.004,  0.001
195885.6, 2270, 35.16536981, 136.88126670, 41.552, -3810219.431, 3567877.696, 3652904.184, -0.586,  2.429, 90.370, -0.005, -0.001, -0.001
195885.8, 2270, 35.16536981, 136.88126671, 41.551, -3810219.431, 3567877.696, 3652904.184, -0.582,  2.409, 90.378,  0.003, -0.004,  0.002
195886.0, 2270, 35.16536981, 136.88126670, 41.552, -3810219.431, 3567877.696, 3652904.184, -0.577,  2.431, 90.370,  0.004,  0.003, -0.001
195886.2, 2270, 35.16536981, 136.88126670, 41.552, -3810219.431, 3567877.696, 3652904.184, -0.597,  2.435, 90.375, -0.002, -0.001, -0.001
195886.4, 2270, 35.16536981, 136.88126670, 41.552, -3810219.431, 3567877.696, 3652904.184, -0.584,  2.452, 90.370,  0.003, -0.003,  0.001
195886.6, 2270, 35.16536981, 136.88126670, 41.552, -3810219.431, 3567877.696, 3652904.184, -0.581,  2.449, 90.373, -0.004, -0.002,  0.001
195886.8, 2270, 35.16536981, 136.88126670, 41.552, -3810219.431, 3567877.696, 3652904.184, -0.581,  2.448, 90.373, -0.001, -0.001,  0.000
195887.0, 2270, 35.16536981, 136.88126670, 41.552, -3810219.431, 3567877.696, 3652904.184, -0.581,  2.450, 90.370,  0.001,  0.000,  0.003
195887.2, 2270, 35.16536981, 136.88126670, 41.552, -3810219.431, 3567877.696, 3652904.184, -0.579,  2.445, 90.372, -0.001,  0.001, -0.002
195887.4, 2270, 35.16536981, 136.88126670, 41.552, -3810219.431, 3567877.696, 3652904.184, -0.590,  2.447, 90.374,  0.001, -0.001,  0.003
195887.6, 2270, 35.16536981, 136.88126670, 41.552, -3810219.431, 3567877.696, 3652904.184, -0.577,  2.446, 90.373, -0.001, -0.001,  0.001
195887.8, 2270, 35.16536981, 136.88126670, 41.552, -3810219.431, 3567877.696, 3652904.184, -0.586,  2.448, 90.372,  0.002,  0.001,  0.001
195888.0, 2270, 35.16536981, 136.88126670, 41.552, -3810219.431, 3567877.696, 3652904.184, -0.584,  2.447, 90.375, -0.001, -0.002,  0.000
195888.2, 2270, 35.16536981, 136.88126670, 41.552, -3810219.431, 3567877.696, 3652904.184, -0.587,  2.445, 90.375,  0.000,  0.001,  0.001
195888.4, 2270, 35.16536981, 136.88126670, 41.552, -3810219.431, 3567877.696, 3652904.184, -0.585,  2.445, 90.373, -0.001, -0.001,  0.001
195888.6, 2270, 35.16536981, 136.88126670, 41.552, -3810219.431, 3567877.696, 3652904.184, -0.583,  2.446, 90.376, -0.001, -0.001,  0.002
195888.8, 2270, 35.16536981, 136.88126670, 41.552, -3810219.431, 3567877.696, 3652904.184, -0.580,  2.449, 90.374,  0.001, -0.002,  0.001
195889.0, 2270, 35.16536981, 136.88126670, 41.552, -3810219.431, 3567877.696, 3652904.184, -0.583,  2.448, 90.374, -0.002,  0.002, -0.000
195889.2, 2270, 35.16536981, 136.88126670, 41.552, -3810219.431, 3567877.696, 3652904.184, -0.581,  2.449, 90.375,  0.001, -0.004,  0.002
195889.4, 2270, 35.16536981, 136.88126670, 41.552, -3810219.431, 3567877.697, 3652904.184, -0.566,  2.448, 90.371, -0.001,  0.002,  0.000
195889.6, 2270, 35.16536981, 136.88126670, 41.552, -3810219.431, 3567877.696, 3652904.184, -0.581,  2.448, 90.376, -0.001,  0.001,  0.001
195889.8, 2270, 35.16536981, 136.88126670, 41.552, -3810219.431, 3567877.697, 3652904.184, -0.565,  2.449, 90.373, -0.001, -0.003,  0.001
195890.0, 2270, 35.16536981, 136.88126670, 41.552, -3810219.431, 3567877.697, 3652904.184, -0.567,  2.450, 90.373, -0.000,  0.003,  0.001
195890.2, 2270, 35.16536981, 136.88126670, 41.552, -3810219.431, 3567877.697, 3652904.184, -0.564,  2.452, 90.374, -0.001, -0.004,  0.002
195890.4, 2270, 35.16536981, 136.88126670, 41.552, -3810219.431, 3567877.697, 3652904.184, -0.564,  2.450, 90.373,  0.003,  0.003,  0.001
195890.6, 2270, 35.16536981, 136.88126670, 41.552, -3810219.431, 3567877.697, 3652904.184, -0.568,  2.453, 90.373, -0.001, -0.001,  0.001
195890.8, 2270, 35.16536981, 136.88126670, 41.552, -3810219.431, 3567877.697, 3652904.184, -0.563,  2.448, 90.375,  0.001,  0.002,  0.000
195891.0, 2270, 35.16536981, 136.88126670, 41.552, -3810219.431, 3567877.697, 3652904.184, -0.568,  2.452, 90.372,  0.002,  0.000,  0.001
195891.2, 2270, 35.16536981, 136.88126670, 41.552, -3810219.431, 3567877.697, 3652904.184, -0.566,  2.449, 90.374, -0.001, -0.001, -0.000
195891.4, 2270, 35.16536981, 136.88126670, 41.552, -3810219.431, 3567877.697, 3652904.184, -0.568,  2.451, 90.374,  0.002, -0.000,  0.002
195891.6, 2270, 35.16536981, 136.88126670, 41.552, -3810219.431, 3567877.697, 3652904.184, -0.569,  2.451, 90.372, -0.001, -0.001,  0.001
195891.8, 2270, 35.16536981, 136.88126670, 41.552, -3810219.431, 3567877.697, 3652904.184, -0.565,  2.450, 90.373,  0.001, -0.000,  0.001
195892.0, 2270, 35.16536981, 136.88126670, 41.552, -3810219.431, 3567877.697, 3652904.184, -0.568,  2.452, 90.372, -0.000, -0.002,  0.001
195892.2, 2270, 35.16536981, 136.88126670, 41.552, -3810219.431, 3567877.697, 3652904.184, -0.566,  2.452, 90.373,  0.001, -0.000,  0.000
195892.4, 2270, 35.16536981, 136.88126670, 41.552, -3810219.431, 3567877.697, 3652904.184, -0.568,  2.453, 90.370,  0.001,  0.000,  0.001
195892.6, 2270, 35.16536981, 136.88126670, 41.552, -3810219.431, 3567877.697, 3652904.184, -0.566,  2.452, 90.373, -0.000, -0.000,  0.001
195892.8, 2270, 35.16536981, 136.88126670, 41.552, -3810219.431, 3567877.697, 3652904.184, -0.570,  2.453, 90.373,  0.002,  0.000,  0.000
195893.0, 2270, 35.16536981, 136.88126670, 41.552, -3810219.431, 3567877.697, 3652904.184, -0.568,  2.452, 90.371, -0.001, -0.001,  0.001
195893.2, 2270, 35.16536981, 136.88126670, 41.552, -3810219.431, 3567877.697, 3652904.184, -0.568,  2.452, 90.374,  0.001,  0.002, -0.001
195893.4, 2270, 35.16536981, 136.88126670, 41.552, -3810219.431, 3567877.697, 3652904.184, -0.574,  2.452, 90.373,  0.000, -0.000,  0.001
195893.6, 2270, 35.16536981, 136.88126670, 41.552, -3810219.431, 3567877.697, 3652904.184, -0.568,  2.453, 90.372,  0.000, -0.002,  0.002
195893.8, 2270, 35.16536981, 136.88126670, 41.552, -3810219.431, 3567877.697, 3652904.184, -0.571,  2.452, 90.375,  0.001, -0.000,  0.000
195894.0, 2270, 35.16536981, 136.88126670, 41.552, -3810219.431, 3567877.697, 3652904.184, -0.566,  2.452, 90.373, -0.001,  0.001,  0.002
195894.2, 2270, 35.16536981, 136.88126670, 41.552, -3810219.431, 3567877.697, 3652904.184, -0.568,  2.451, 90.371,  0.001,  0.001,  0.001
195894.4, 2270, 35.16536981, 136.88126670, 41.552, -3810219.431, 3567877.697, 3652904.184, -0.563,  2.448, 90.373, -0.001,  0.000, -0.001
195894.6, 2270, 35.16536981, 136.88126670, 41.552, -3810219.431, 3567877.697, 3652904.184, -0.566,  2.447, 90.371,  0.003,  0.001,  0.002
195894.8, 2270, 35.16536981, 136.88126670, 41.552, -3810219.431, 3567877.696, 3652904.184, -0.568,  2.446, 90.372, -0.002,  0.001,  0.001
195895.0, 2270, 35.16536981, 136.88126670, 41.552, -3810219.431, 3567877.696, 3652904.184, -0.571,  2.445, 90.374, -0.001, -0.000,  0.001
195895.2, 2270, 35.16536981, 136.88126670, 41.552, -3810219.431, 3567877.697, 3652904.184, -0.562,  2.448, 90.372, -0.002,  0.001,  0.000
195895.4, 2270, 35.16536981, 136.88126670, 41.552, -3810219.431, 3567877.697, 3652904.184, -0.565,  2.448, 90.373, -0.000, -0.001,  0.002
195895.6, 2270, 35.16536980, 136.88126670, 41.552, -3810219.431, 3567877.697, 3652904.183, -0.560,  2.452, 90.374, -0.002, -0.000, -0.001
195895.8, 2270, 35.16536981, 136.88126670, 41.552, -3810219.431, 3567877.697, 3652904.184, -0.561,  2.448, 90.372, -0.001,  0.001, -0.000
195896.0, 2270, 35.16536981, 136.88126670, 41.552, -3810219.431, 3567877.697, 3652904.184, -0.567,  2.451, 90.371,  0.001,  0.001,  0.001
195896.2, 2270, 35.16536981, 136.88126670, 41.552, -3810219.431, 3567877.697, 3652904.184, -0.561,  2.452, 90.374, -0.001, -0.001, -0.001
195896.4, 2270, 35.16536981, 136.88126670, 41.552, -3810219.431, 3567877.697, 3652904.184, -0.566,  2.449, 90.373, -0.001,  0.001, -0.000
195896.6, 2270, 35.16536981, 136.88126670, 41.552, -3810219.431, 3567877.697, 3652904.184, -0.564,  2.449, 90.371, -0.000, -0.000,  0.000
195896.8, 2270, 35.16536981, 136.88126670, 41.552, -3810219.431, 3567877.697, 3652904.184, -0.564,  2.449, 90.373,  0.000,  0.000, -0.001
195897.0, 2270, 35.16536981, 136.88126670, 41.552, -3810219.431, 3567877.697, 3652904.184, -0.565,  2.446, 90.374, -0.001, -0.000,  0.000
195897.2, 2270, 35.16536981, 136.88126670, 41.552, -3810219.431, 3567877.697, 3652904.184, -0.566,  2.448, 90.372, -0.001,  0.000, -0.000
195897.4, 2270, 35.16536981, 136.88126670, 41.552, -3810219.431, 3567877.697, 3652904.184, -0.562,  2.449, 90.371, -0.000,  0.000,  0.000
195897.6, 2270, 35.16536981, 136.88126670, 41.552, -3810219.431, 3567877.697, 3652904.184, -0.562,  2.450, 90.371, -0.002,  0.001, -0.000
195897.8, 2270, 35.16536980, 136.88126670, 41.552, -3810219.431, 3567877.697, 3652904.183, -0.560,  2.449, 90.371,  0.000, -0.002,  0.001
195898.0, 2270, 35.16536981, 136.88126670, 41.552, -3810219.431, 3567877.697, 3652904.184, -0.564,  2.451, 90.370,  0.001,  0.001, -0.002
195898.2, 2270, 35.16536981, 136.88126670, 41.552, -3810219.431, 3567877.697, 3652904.184, -0.563,  2.448, 90.372,  0.001,  0.001, -0.002
195898.4, 2270, 35.16536981, 136.88126670, 41.552, -3810219.431, 3567877.697, 3652904.184, -0.566,  2.452, 90.370,  0.001,  0.001, -0.003
195898.6, 2270, 35.16536981, 136.88126670, 41.552, -3810219.431, 3567877.697, 3652904.184, -0.560,  2.452, 90.368, -0.004,  0.002,  0.000
195898.8, 2270, 35.16536981, 136.88126670, 41.552, -3810219.431, 3567877.697, 3652904.184, -0.567,  2.449, 90.374,  0.002, -0.003,  0.001
195899.0, 2270, 35.16536981, 136.88126670, 41.552, -3810219.431, 3567877.697, 3652904.184, -0.563,  2.448, 90.372, -0.002, -0.000, -0.002
195899.2, 2270, 35.16536981, 136.88126670, 41.552, -3810219.431, 3567877.697, 3652904.184, -0.565,  2.447, 90.368,  0.002, -0.000, -0.003
195899.4, 2270, 35.16536981, 136.88126670, 41.552, -3810219.431, 3567877.697, 3652904.184, -0.573,  2.454, 90.370,  0.000,  0.002, -0.001
195899.6, 2270, 35.16536981, 136.88126670, 41.552, -3810219.431, 3567877.696, 3652904.184, -0.575,  2.447, 90.370, -0.003, -0.003, -0.001
195899.8, 2270, 35.16536981, 136.88126670, 41.552, -3810219.431, 3567877.697, 3652904.184, -0.571,  2.449, 90.368,  0.001,  0.002, -0.001
195900.0, 2270, 35.16536981, 136.88126670, 41.552, -3810219.431, 3567877.696, 3652904.184, -0.573,  2.450, 90.371, -0.003, -0.003, -0.001
